8.099554455959743215e-01 2.888589982203535952e-03
8.107658061542900585e-01 2.888587880262084330e-03
8.115769774784792334e-01 2.888581781663186743e-03
8.123889603797121994e-01 2.888570284469559480e-03
8.132017556699727701e-01 2.888551163594238903e-03
8.140153641620563318e-01 2.888524470093527859e-03
8.148297866695717317e-01 2.888489637926013390e-03
8.156450240069411661e-01 2.888446638203105189e-03
8.164610769894029563e-01 2.888395336508706949e-03
8.172779464330105492e-01 2.888333786106145329e-03
8.180956331546322957e-01 2.888263691751677062e-03
8.189141379719558911e-01 2.888184654346962702e-03
8.197334617034857107e-01 2.888098538161430751e-03
8.205536051685444754e-01 2.888005430571678918e-03
8.213745691872769150e-01 2.887906514723616140e-03
8.221963545806487694e-01 2.887803446601907784e-03
8.230189621704429026e-01 2.887697593679264436e-03
8.238423927792670742e-01 2.887583368733366747e-03
8.246666472305524964e-01 2.887468165418100030e-03
8.254917263485536116e-01 2.887352998664614694e-03
8.263176309583500911e-01 2.887237756587343086e-03
8.271443618858455027e-01 2.887123798439691219e-03
8.279719199577725286e-01 2.887013152772261761e-03
8.288003060016881918e-01 2.886905076986559862e-03
8.296295208459781856e-01 2.886800310835165029e-03
8.304595653198585392e-01 2.886700665098104919e-03
8.312904402533747295e-01 2.886631088708851208e-03
8.321221464773999044e-01 2.888001314224794037e-03
8.329546848236402123e-01 2.893954189227422157e-03
8.337880561246344691e-01 2.897004293010117804e-03
8.346222612137542685e-01 2.897993635234100314e-03
8.354573009252049820e-01 2.898438209272961516e-03
8.362931760940265358e-01 2.898830610321353161e-03
8.371298875560944097e-01 2.899136094031001809e-03
8.379674361481189715e-01 2.899511169048993135e-03
8.388058227076495843e-01 2.899629169946156462e-03
8.396450480730722754e-01 2.899648001670471383e-03
8.404851130836130668e-01 2.899644445328408097e-03
8.413260185793379753e-01 2.900420631290961254e-03
8.421677654011512359e-01 2.900861656033330762e-03
8.430103543908002983e-01 2.900988927394087050e-03
8.438537863908742720e-01 2.900958439122105787e-03
8.446980622448042597e-01 2.900346385634495084e-03
8.455431827968671321e-01 2.899791683107153829e-03
8.463891488921824191e-01 2.899751882452166786e-03
8.472359613767166397e-01 2.900222757730745379e-03
8.480836210972833022e-01 2.900780431938793265e-03
8.489321289015407945e-01 2.901179672051009718e-03
8.497814856379983794e-01 2.901229953950950312e-03
8.506316921560135302e-01 2.901385596843413482e-03
8.514827493057913754e-01 2.901313714099403290e-03
8.523346579383890287e-01 2.901316850926285301e-03
8.531874189057161439e-01 2.901304255207715586e-03
8.540410330605319178e-01 2.901123231976767899e-03
8.548955012564523059e-01 2.900957463086788115e-03
8.557508243479458043e-01 2.900986077545743627e-03
8.566070031903338933e-01 2.900762909024690896e-03
8.574640386397960334e-01 2.900494615334280480e-03
8.583219315533672233e-01 2.900170308622521727e-03
8.591806827889413301e-01 2.900024572027870996e-03
8.600402932052715332e-01 2.900237180816614673e-03
8.609007636619676607e-01 2.900764365022367921e-03
8.617620950194990748e-01 2.900570667239885624e-03
8.626242881391973372e-01 2.900255332822198641e-03
8.634873438832556536e-01 2.899811679242922293e-03
8.643512631147296510e-01 2.899650387428035977e-03
8.652160466975378217e-01 2.899907308649409595e-03
8.660816954964636327e-01 2.900127861383709760e-03
8.669482103771571913e-01 2.900968742648430895e-03
8.678155922061336902e-01 2.901916571082431388e-03
8.686838418507756288e-01 2.902694039909395601e-03
8.695529601793322572e-01 2.903436307840331042e-03
8.704229480609205760e-01 2.904122226012338485e-03
8.712938063655277787e-01 2.904528948373937512e-03
8.721655359640141381e-01 2.904864042594354316e-03
8.730381377281095645e-01 2.905041785028122069e-03
8.739116125304161597e-01 2.904731845229338583e-03
8.747859612444087718e-01 2.904335732362616374e-03
8.756611847444361052e-01 2.903318425129461366e-03
8.765372839057208321e-01 2.902526833633087798e-03
8.774142596043608133e-01 2.902622171537846962e-03
8.782921127173328735e-01 2.903678318811287948e-03
8.791708441224919124e-01 2.905125147775533719e-03
8.800504546985693510e-01 2.906048696373762959e-03
8.809309453251749078e-01 2.906623149645003526e-03
8.818123168827982639e-01 2.906721679217276304e-03
8.826945702528108395e-01 2.906610850199176262e-03
8.835777063174676815e-01 2.906890534002300359e-03
8.844617259599056869e-01 2.908203095948886686e-03
8.853466300641437137e-01 2.910931436444596891e-03
8.862324195150838024e-01 2.915215727799860389e-03
8.871190951985163942e-01 2.920406223407218463e-03
8.880066580011191091e-01 2.924429591500549153e-03
8.888951088104538600e-01 2.928405979770872317e-03
8.897844485149719596e-01 2.933573864199530597e-03
8.906746780040118994e-01 2.938392378956176075e-03
8.915657981678065669e-01 2.939910329812974246e-03
8.924578098974739193e-01 2.938958633140348504e-03
8.933507140850214245e-01 2.936884649412045255e-03
8.942445116233572744e-01 2.932513627032957114e-03
8.951392034062801706e-01 2.929318198113147614e-03
8.960347903284814342e-01 2.925925904839426703e-03
8.969312732855473369e-01 2.923915713339780929e-03
8.978286531739603227e-01 2.928012325583465372e-03
8.987269308911014498e-01 2.941601085326828787e-03
8.996261073352495030e-01 2.944059191974677213e-03
9.005261834055795500e-01 2.939983109402234413e-03
9.014271600021682707e-01 2.934502417661592234e-03
9.023290380259918475e-01 2.929120203021155344e-03
9.032318183789278532e-01 2.926948215820668157e-03
9.041355019637584700e-01 2.927375490700931567e-03
9.050400896841658271e-01 2.926490125290164002e-03
9.059455824447376626e-01 2.925766399503133483e-03
9.068519811509679895e-01 2.925589573638789822e-03
9.077592867092548756e-01 2.925961188193617300e-03
9.086675000269045510e-01 2.925763151338215025e-03
9.095766220121302981e-01 2.924330943862362558e-03
9.104866535740545608e-01 2.923188837321066390e-03
9.113975956227070574e-01 2.922029027560403211e-03
9.123094490690316638e-01 2.920073491718902601e-03
9.132222148248820837e-01 2.917354565256947627e-03
9.141358938030226255e-01 2.915485949910561446e-03
9.150504869171317557e-01 2.913527855628154223e-03
9.159659950818033192e-01 2.910843414462556920e-03
9.168824192125480943e-01 2.908141488833034319e-03
9.177997602257875753e-01 2.905288216805080193e-03
9.187180190388626322e-01 2.902738717676164783e-03
9.196371965700328444e-01 2.900304280031982228e-03
9.205572937384781662e-01 2.897841035892194991e-03
9.214783114642939310e-01 2.895355136966450832e-03
9.224002506684964020e-01 2.892449701927994089e-03
9.233231122730257701e-01 2.890980499546706110e-03
9.242468972007444883e-01 2.890296568953018910e-03
9.251716063754391595e-01 2.889527046186292879e-03
9.260972407218166502e-01 2.888666941478242392e-03
9.270238011655114185e-01 2.888055026588117608e-03
9.279512886330849586e-01 2.887610491650893698e-03
9.288797040520245796e-01 2.886949976143944954e-03
9.298090483507445159e-01 2.886446606150276650e-03
9.307393224585915892e-01 2.886086528828232887e-03
9.316705273058381032e-01 2.885845684120994827e-03
9.326026638236895039e-01 2.885643307161414595e-03
9.335357329442838248e-01 2.885411171916168419e-03
9.344697356006889111e-01 2.885345550359355409e-03
9.354046727269068606e-01 2.885199665826708622e-03
9.363405452578753563e-01 2.885146423044376331e-03
9.372773541294663335e-01 2.885310198303248259e-03
9.382151002784899774e-01 2.885659310013394350e-03
9.391537846426917246e-01 2.886046605578450851e-03
9.400934081607547066e-01 2.886262088602461421e-03
9.410339717723049668e-01 2.886359864489788148e-03
9.419754764179059103e-01 2.886477044346270285e-03
9.429179230390614119e-01 2.886809867802033955e-03
9.438613125782181479e-01 2.887022877928267350e-03
9.448056459787667061e-01 2.887420135186175105e-03
9.457509241850403647e-01 2.887803937613095222e-03
9.466971481423157586e-01 2.888260861948579051e-03
9.476443187968174309e-01 2.889191423429084051e-03
9.485924370957175000e-01 2.889832056569016996e-03
9.495415039871341056e-01 2.889727019933410745e-03
9.504915204201344059e-01 2.890731252824120696e-03
9.514424873447341335e-01 2.890897519027724356e-03
9.523944057118994833e-01 2.891413488303355879e-03
9.533472764735499982e-01 2.892100441382584007e-03
9.543011005825563497e-01 2.892670641390788534e-03
9.552558789927436678e-01 2.893151426085282564e-03
9.562116126588898757e-01 2.894106363214366158e-03
9.571683025367276887e-01 2.895052651461723931e-03
9.581259495829482775e-01 2.895207083411528888e-03
9.590845547552002692e-01 2.895814181643758221e-03
9.600441190120854174e-01 2.896860800883659538e-03
9.610046433131675947e-01 2.897644093596325569e-03
9.619661286189739036e-01 2.898058952509492085e-03
9.629285758909905679e-01 2.898915212636553069e-03
9.638919860916628224e-01 2.899853709221905575e-03
9.648563601844011295e-01 2.900142971153473696e-03
9.658216991335795143e-01 2.900665404934539213e-03
9.667880039045362306e-01 2.901414541545011688e-03
9.677552754635757593e-01 2.901616932440136479e-03
9.687235147779708067e-01 2.903337961132979386e-03
9.696927228159630818e-01 2.906677458637672851e-03
9.706629005467596327e-01 2.905767708987603073e-03
9.716340489405361769e-01 2.904153567571144193e-03
9.726061689684449840e-01 2.903659690376838437e-03
9.735792616026035518e-01 2.903938593105408542e-03
9.745533278161038204e-01 2.904913970026185531e-03
9.755283685830130613e-01 2.905595381654240295e-03
9.765043848783711011e-01 2.906623760182055431e-03
9.774813776781959840e-01 2.907929060689862927e-03
9.784593479594798637e-01 2.908953691432557623e-03
9.794382967001936668e-01 2.910005790323589789e-03
9.804182248792859822e-01 2.911051650544076511e-03
9.813991334766843933e-01 2.911600759548829079e-03
9.823810234732978097e-01 2.912095306718484773e-03
9.833638958510170225e-01 2.912639468335450135e-03
9.843477515927149257e-01 2.912874095850337408e-03
9.853325916822468500e-01 2.913327368690977331e-03
9.863184171044501181e-01 2.913880077690140548e-03
9.873052288451531489e-01 2.913967734840946719e-03
9.882930278911683519e-01 2.913548043642418851e-03
9.892818152302930157e-01 2.913537131501497523e-03
9.902715918513149695e-01 2.912212569100004061e-03
9.912623587440111406e-01 2.911207459862027655e-03
9.922541168991476646e-01 2.912303211168006459e-03
9.932468673084843269e-01 2.915486509537462256e-03
9.942406109647716761e-01 2.919637082336218672e-03
9.952353488617531330e-01 2.925678866505037560e-03
9.962310819941662121e-01 2.925790062430717008e-03
9.972278113577441871e-01 2.920177471988956094e-03
9.982255379492167569e-01 2.916816966948866489e-03
9.992242627663093790e-01 2.916207448602924860e-03
1.000223986807747600e+00 2.916909910604711074e-03
1.001224711073256834e+00 2.918237568873351378e-03
1.002226436563560474e+00 2.919704426872619680e-03
1.003229164280384333e+00 2.921556598249129555e-03
1.004232895226455646e+00 2.923932204327739370e-03
1.005237630405505511e+00 2.925751035217882302e-03
1.006243370822270000e+00 2.926223373768595433e-03
1.007250117482488161e+00 2.925380124434743753e-03
1.008257871392907346e+00 2.924247267832811963e-03
1.009266633561284321e+00 2.922186902753781679e-03
1.010276404996379940e+00 2.919731962309591016e-03
1.011287186707962471e+00 2.917561500501104910e-03
1.012298979706815372e+00 2.916142523657837184e-03
1.013311785004731513e+00 2.917822944897612882e-03
1.014325603614517401e+00 2.922094471262491784e-03
1.015340436549991621e+00 2.922193271810669905e-03
1.016356284825987721e+00 2.920053648328369000e-03
1.017373149458352000e+00 2.918859382515755392e-03
1.018391031463949936e+00 2.918610325310597772e-03
1.019409931860664198e+00 2.918146674169607661e-03
1.020429851667395971e+00 2.916144787188900290e-03
1.021450791904064959e+00 2.915643558228596475e-03
1.022472753591610495e+00 2.916814471778188776e-03
1.023495737751995538e+00 2.917516659047113964e-03
1.024519745408203342e+00 2.918086319156086399e-03
1.025544777584241007e+00 2.919234553456815685e-03
1.026570835305141705e+00 2.919608065672838013e-03
1.027597919596963782e+00 2.920087756654469145e-03
1.028626031486790104e+00 2.920012317422210086e-03
1.029655172002734043e+00 2.919389085276537666e-03
1.030685342173935926e+00 2.918243945858314901e-03
1.031716543030566147e+00 2.917155248328960528e-03
1.032748775603824720e+00 2.915506727555128991e-03
1.033782040925944834e+00 2.914019678360094123e-03
1.034816340030192627e+00 2.912585553614976432e-03
1.035851673950866303e+00 2.911590286840271512e-03
1.036888043723299679e+00 2.910198864658172877e-03
1.037925450383862858e+00 2.908714888928708164e-03
1.038963894969963331e+00 2.907382365215020574e-03
1.040003378520046207e+00 2.906199656396187773e-03
1.041043902073592431e+00 2.904908102291421310e-03
1.042085466671125449e+00 2.904008190166989384e-03
1.043128073354212981e+00 2.903152164688999840e-03
1.044171723165462140e+00 2.901916308996215377e-03
1.045216417148520982e+00 2.900631110284445507e-03
1.046262156348083616e+00 2.899651292661213457e-03
1.047308941809890870e+00 2.898770219130977852e-03
1.048356774580727402e+00 2.897900040510739857e-03
1.049405655708424367e+00 2.896807320700628754e-03
1.050455586241864525e+00 2.895955022669010302e-03
1.051506567230979794e+00 2.894832486344558337e-03
1.052558599726749256e+00 2.894225663233765920e-03
1.053611684781205371e+00 2.893555955861161835e-03
1.054665823447434869e+00 2.893099095904404748e-03
1.055721016779575638e+00 2.892566706925954467e-03
1.056777265832821389e+00 2.892089940645435706e-03
1.057834571663421430e+00 2.891864838856685570e-03
1.058892935328680673e+00 2.891421527078988449e-03
1.059952357886963181e+00 2.891266775364476592e-03
1.061012840397692836e+00 2.891010145615911103e-03
1.062074383921351339e+00 2.891007187680110727e-03
1.063136989519481546e+00 2.891018274140521888e-03
1.064200658254688792e+00 2.891178938292575471e-03
1.065265391190642452e+00 2.891254224798645196e-03
1.066331189392076162e+00 2.891268569710661249e-03
1.067398053924788259e+00 2.891041601657690693e-03
1.068465985855643563e+00 2.890822548153078840e-03
1.069534986252574260e+00 2.890636269636569829e-03
1.070605056184579462e+00 2.890454626162605907e-03
1.071676196721730756e+00 2.890390243564398744e-03
1.072748408935168429e+00 2.890347245885506108e-03
1.073821693897103469e+00 2.890392194205232933e-03
1.074896052680821112e+00 2.890474186027513354e-03
1.075971486360680407e+00 2.890631235816583551e-03
1.077047996012116871e+00 2.890749557592072957e-03
1.078125582711639385e+00 2.890943017699432616e-03
1.079204247536833972e+00 2.891144120290396139e-03
1.080283991566367119e+00 2.891418353949020900e-03
1.081364815879982011e+00 2.891884038893654738e-03
1.082446721558502079e+00 2.892578664847010594e-03
1.083529709683832998e+00 2.893351729190524538e-03
1.084613781338964023e+00 2.894344502623548768e-03
1.085698937607967762e+00 2.895690881505648233e-03
1.086785179575999072e+00 2.896978983044678352e-03
1.087872508329299936e+00 2.898405654490015734e-03
1.088960924955200360e+00 2.900080617450394825e-03
1.090050430542115478e+00 2.901116329591876819e-03
1.091141026179552442e+00 2.901940144476315014e-03
1.092232712958106200e+00 2.902726198343931995e-03
1.093325491969463270e+00 2.902735142102344686e-03
1.094419364306403519e+00 2.902754853348273566e-03
1.095514331062799718e+00 2.902693823124421948e-03
1.096610393333617983e+00 2.902276365820144650e-03
1.097707552214920890e+00 2.901974412540061447e-03
1.098805808803868134e+00 2.901905326277551614e-03
1.099905164198715202e+00 2.901761906986076618e-03
1.101005619498818477e+00 2.900760651646599585e-03
1.102107175804632577e+00 2.901217634581978316e-03
1.103209834217713237e+00 2.902549627874446807e-03
1.104313595840720197e+00 2.904288170219199508e-03
1.105418461777413652e+00 2.906656003066424368e-03
1.106524433132661356e+00 2.910849149248274405e-03
1.107631511012435288e+00 2.911131426131696731e-03
1.108739696523812546e+00 2.914359062707240489e-03
1.109848990774979782e+00 2.915275373015151911e-03
1.110959394875229211e+00 2.915532232749626623e-03
1.112070909934964602e+00 2.916949323173565443e-03
1.113183537065703277e+00 2.919704781443604666e-03
1.114297277380072559e+00 2.922460579735648364e-03
1.115412131991812217e+00 2.925293628267371538e-03
1.116528102015776458e+00 2.927750523035237314e-03
1.117645188567933490e+00 2.930468600235776756e-03
1.118763392765371512e+00 2.932521265906712880e-03
1.119882715726297162e+00 2.934149195614356789e-03
1.121003158570033076e+00 2.934911853687519230e-03
1.122124722417020326e+00 2.935537446569558458e-03
1.123247408388822866e+00 2.936098987475356525e-03
1.124371217608127527e+00 2.935322673603533820e-03
1.125496151198744688e+00 2.935508329479220684e-03
1.126622210285607384e+00 2.936058754706789321e-03
1.127749395994771975e+00 2.935269906086465305e-03
1.128877709453426359e+00 2.930214982022139383e-03
1.130007151789885311e+00 2.928584382801096946e-03
1.131137724133588929e+00 2.926391154333942736e-03
1.132269427615111068e+00 2.924380322289110191e-03
1.133402263366155127e+00 2.924938267753985841e-03
1.134536232519556265e+00 2.931795506480967036e-03
1.135671336209286064e+00 2.938136908608615910e-03
1.136807575570448314e+00 2.942535766833260982e-03
1.137944951739279231e+00 2.939793554709477577e-03
1.139083465853155674e+00 2.935539926174405428e-03
1.140223119050594480e+00 2.932981980654898301e-03
1.141363912471246245e+00 2.931927334041572585e-03
1.142505847255904872e+00 2.931079468013225893e-03
1.143648924546506684e+00 2.930827880515732807e-03
1.144793145486128871e+00 2.930602218056107058e-03
1.145938511218992373e+00 2.930875004872168961e-03
1.147085022890461214e+00 2.930812164590571728e-03
1.148232681647048281e+00 2.932819766880560494e-03
1.149381488636412874e+00 2.934757240446173900e-03
1.150531445007361153e+00 2.936881249633979413e-03
1.151682551909849916e+00 2.939965292331561848e-03
1.152834810494985263e+00 2.942832294511113674e-03
1.153988221915028811e+00 2.945846419537100601e-03
1.155142787323389930e+00 2.948256174956402458e-03
1.156298507874635062e+00 2.950386213701401347e-03
1.157455384724486835e+00 2.950713718261532489e-03
1.158613419029816960e+00 2.950794125151697672e-03
1.159772611948661325e+00 2.950185409802402649e-03
1.160932964640214893e+00 2.948547594897870695e-03
1.162094478264829478e+00 2.946706639009944242e-03
1.163257153984020631e+00 2.944340814244010042e-03
1.164420992960464529e+00 2.941753458638777640e-03
1.165585996357997089e+00 2.940154065551779661e-03
1.166752165341621739e+00 2.938353879163471943e-03
1.167919501077509192e+00 2.938196383480532609e-03
1.169088004732994568e+00 2.940337241368099885e-03
1.170257677476581604e+00 2.943043071696354804e-03
1.171428520477943325e+00 2.950380309820885803e-03
1.172600534907923375e+00 2.958249529185919078e-03
1.173773721938536241e+00 2.959386235001926820e-03
1.174948082742969024e+00 2.955783653521052833e-03
1.176123618495583001e+00 2.950725000668479991e-03
1.177300330371911397e+00 2.945779535084207777e-03
1.178478219548668493e+00 2.943509298243489336e-03
1.179657287203744964e+00 2.942366521866692300e-03
1.180837534516205212e+00 2.941988760304536758e-03
1.182018962666298245e+00 2.941910932415225596e-03
1.183201572835452797e+00 2.941832089390740597e-03
1.184385366206279766e+00 2.941305123351253652e-03
1.185570343962571549e+00 2.940965504235484342e-03
1.186756507289305596e+00 2.942516563134470534e-03
1.187943857372644185e+00 2.942012525780993322e-03
1.189132395399938202e+00 2.940908868981338166e-03
1.190322122559727358e+00 2.941475127100142296e-03
1.191513040041739746e+00 2.941098112076275407e-03
1.192705149036892065e+00 2.940075503037449696e-03
1.193898450737292283e+00 2.939233967430557835e-03
1.195092946336242523e+00 2.937408274138156479e-03
1.196288637028239288e+00 2.935878528352227693e-03
1.197485524008971902e+00 2.934648239108396048e-03
1.198683608475328288e+00 2.933110229352876158e-03
1.199882891625392523e+00 2.931090537471712880e-03
1.201083374658448388e+00 2.928976307718662419e-03
1.202285058774978488e+00 2.927796740462256918e-03
1.203487945176667351e+00 2.926242443109226300e-03
1.204692035066401878e+00 2.924620321280050478e-03
1.205897329648271787e+00 2.923130201016523218e-03
1.207103830127570721e+00 2.921395476889886329e-03
1.208311537710799799e+00 2.919474280386119731e-03
1.209520453605668511e+00 2.917681728860493755e-03
1.210730579021092268e+00 2.916306276470831058e-03
1.211941915167195072e+00 2.914168309235104504e-03
1.213154463255313065e+00 2.913091146854042413e-03
1.214368224497995641e+00 2.911792606820174691e-03
1.215583200109004336e+00 2.910747107388686472e-03
1.216799391303313715e+00 2.910268147933855847e-03
1.218016799297116037e+00 2.909365282684451930e-03
1.219235425307820142e+00 2.908179425224626663e-03
1.220455270554050786e+00 2.907185268143819713e-03
1.221676336255654416e+00 2.906469212994086844e-03
1.222898623633697612e+00 2.905684904844608486e-03
1.224122133910464649e+00 2.905363912789612341e-03
1.225346868309468595e+00 2.904711060169407576e-03
1.226572828055445985e+00 2.904408233658310832e-03
1.227800014374351933e+00 2.903793112620279421e-03
1.229028428493374347e+00 2.902877824539153856e-03
1.230258071640927708e+00 2.902747893273332699e-03
1.231488945046652184e+00 2.901700583551138947e-03
1.232721049941425173e+00 2.900942202766842483e-03
1.233954387557350874e+00 2.900839594001189924e-03
1.235188959127763386e+00 2.900591949412990173e-03
1.236424765887237598e+00 2.899871095998705125e-03
1.237661809071581853e+00 2.898709108407377874e-03
1.238900089917839509e+00 2.898167576684600351e-03
1.240139609664291376e+00 2.898188918938442160e-03
1.241380369550453722e+00 2.897927802362493949e-03
1.242622370817087374e+00 2.897123027963514896e-03
1.243865614706197942e+00 2.896711343071809840e-03
1.245110102461026935e+00 2.896608707427578925e-03
1.246355835326061534e+00 2.896103093564235918e-03
1.247602814547033478e+00 2.895808718871008443e-03
1.248851041370924841e+00 2.895132857075811278e-03
1.250100517045962700e+00 2.894802966939493023e-03
1.251351242821620691e+00 2.894671110902078889e-03
1.252603219948625890e+00 2.894049110729319911e-03
1.253856449678957707e+00 2.893840821901655629e-03
1.255110933265842998e+00 2.893589634248536734e-03
1.256366671963763171e+00 2.893272328142106053e-03
1.257623667028460623e+00 2.892730522220750625e-03
1.258881919716930087e+00 2.891955446168876457e-03
1.260141431287421954e+00 2.891446129799545451e-03
1.261402202999453381e+00 2.891216227252941997e-03
1.262664236113794747e+00 2.890720368804966002e-03
1.263927531892475642e+00 2.890161689923095682e-03
1.265192091598793755e+00 2.889939535125584259e-03
1.266457916497307101e+00 2.889842490760344360e-03
1.267725007853840458e+00 2.889690424799859665e-03
1.268993366935489364e+00 2.889458072576312278e-03
1.270262995010613016e+00 2.889343841486680196e-03
1.271533893348834932e+00 2.889546801643093701e-03
1.272806063221056050e+00 2.889440853775267562e-03
1.274079505899448517e+00 2.889505315197886566e-03
1.275354222657453018e+00 2.889512285201979117e-03
1.276630214769785443e+00 2.890193918773160085e-03
1.277907483512440212e+00 2.890364355018431620e-03
1.279186030162684506e+00 2.891133737897213975e-03
1.280465855999067148e+00 2.891769132868633393e-03
1.281746962301411275e+00 2.892199490251048336e-03
1.283029350350822995e+00 2.893289079197305241e-03
1.284313021429691171e+00 2.894159328050576602e-03
1.285597976821686306e+00 2.894359765897777485e-03
1.286884217811765874e+00 2.895102785156834606e-03
1.288171745686169212e+00 2.896655241822578171e-03
1.289460561732425514e+00 2.897867907232489805e-03
1.290750667239352723e+00 2.898776841979426762e-03
1.292042063497055082e+00 2.900396920258129212e-03
1.293334751796928028e+00 2.901277235331866690e-03
1.294628733431660184e+00 2.902743734290076823e-03
1.295924009695232693e+00 2.903427416760481251e-03
1.297220581882923440e+00 2.904834242346518956e-03
1.298518451291303943e+00 2.905708173363127575e-03
1.299817619218243570e+00 2.907269455046327528e-03
1.301118086962911757e+00 2.908901993833307945e-03
1.302419855825775574e+00 2.910021031846098290e-03
1.303722927108603713e+00 2.909900781815783107e-03
1.305027302114467824e+00 2.911297222249751345e-03
1.306332982147742738e+00 2.912993247071708151e-03
1.307639968514106243e+00 2.914311659684052334e-03
1.308948262520545081e+00 2.914312179438318003e-03
1.310257865475357386e+00 2.914255881450398059e-03
1.311568778688145365e+00 2.917125519348391996e-03
1.312881003469822394e+00 2.919154912642643943e-03
1.314194541132613248e+00 2.919249218979522945e-03
1.315509392990052095e+00 2.918358699810478900e-03
1.316825560356992275e+00 2.920963932437970964e-03
1.318143044549605181e+00 2.921704095126303330e-03
1.319461846885372491e+00 2.921709387717117724e-03
1.320781968683094609e+00 2.924433104987172322e-03
1.322103411262894657e+00 2.923520205605319427e-03
1.323426175946215588e+00 2.923949820256516695e-03
1.324750264055823967e+00 2.923631757183432160e-03
1.326075676915806634e+00 2.923633073531522152e-03
1.327402415851577810e+00 2.928542813683956709e-03
1.328730482189877105e+00 2.933523379354381622e-03
1.330059877258766621e+00 2.935995569560614221e-03
1.331390602387644506e+00 2.944588280047952429e-03
1.332722658907238511e+00 2.942462277847333971e-03
1.334056048149601548e+00 2.937875865017865878e-03
1.335390771448121905e+00 2.935733051748436098e-03
1.336726830137523470e+00 2.935652311335418350e-03
1.338064225553867281e+00 2.934881086535650468e-03
1.339402959034549756e+00 2.935463614072601930e-03
1.340743031918303130e+00 2.936293287644456840e-03
1.342084445545197235e+00 2.937355797120498949e-03
1.343427201256649495e+00 2.937270464494976842e-03
1.344771300395417146e+00 2.938274724093695861e-03
1.346116744305594359e+00 2.939775629208050620e-03
1.347463534332628665e+00 2.940202523525159688e-03
1.348811671823311853e+00 2.940785758345494053e-03
1.350161158125778860e+00 2.941864291570955511e-03
1.351511994589517540e+00 2.942637268857835851e-03
1.352864182565362894e+00 2.943106291448273956e-03
1.354217723405502616e+00 2.942352287602547321e-03
1.355572618463477541e+00 2.942977576473935260e-03
1.356928869094182311e+00 2.945325613596864664e-03
1.358286476653869368e+00 2.950310735400690689e-03
1.359645442500145185e+00 2.952257970058618300e-03
1.361005767991978699e+00 2.950945272063880929e-03
1.362367454489693541e+00 2.949812592425050430e-03
1.363730503354976253e+00 2.946414642581829391e-03
1.365094915950876286e+00 2.943186174823574433e-03
1.366460693641805557e+00 2.943397638582837157e-03
1.367827837793544221e+00 2.943474268586276227e-03
1.369196349773232901e+00 2.943696162345459111e-03
1.370566230949384456e+00 2.946889763626058499e-03
1.371937482691882648e+00 2.949115810901485266e-03
1.373310106371978812e+00 2.950665758025878063e-03
1.374684103362296073e+00 2.950827039709258068e-03
1.376059475036832236e+00 2.950825774871515279e-03
1.377436222770957119e+00 2.951543336009243047e-03
1.378814347941416329e+00 2.952699399193883280e-03
1.380193851926337034e+00 2.952798650155976333e-03
1.381574736105227075e+00 2.953007387007673852e-03
1.382957001858968082e+00 2.952676229463206681e-03
1.384340650569826359e+00 2.953323255611517949e-03
1.385725683621453097e+00 2.953543367581853724e-03
1.387112102398877056e+00 2.952959159348062315e-03
1.388499908288514106e+00 2.951517888644342429e-03
1.389889102678176336e+00 2.951781602892179866e-03
1.391279686957059170e+00 2.951801008070928465e-03
1.392671662515744480e+00 2.952722668869894006e-03
1.394065030746209910e+00 2.953690974221393362e-03
1.395459793041823549e+00 2.953869715840815036e-03
1.396855950797346368e+00 2.954096132967808444e-03
1.398253505408935560e+00 2.955017756324861133e-03
1.399652458274146971e+00 2.953481167685956255e-03
1.401052810791931336e+00 2.953608937126563777e-03
1.402454564362640488e+00 2.951975689023454523e-03
1.403857720388033359e+00 2.951313665944184893e-03
1.405262280271267539e+00 2.950381740558570380e-03
1.406668245416895724e+00 2.950393699930463354e-03
1.408075617230885701e+00 2.950082689628943933e-03
1.409484397120611021e+00 2.949200569630965572e-03
1.410894586494849667e+00 2.947603537159748568e-03
1.412306186763792493e+00 2.946858675888592606e-03
1.413719199339038557e+00 2.946657688233150253e-03
1.415133625633601788e+00 2.946183798125471317e-03
1.416549467061908762e+00 2.946453765726391068e-03
1.417966725039802256e+00 2.946781074632527468e-03
1.419385400984539025e+00 2.946148248880881178e-03
1.420805496314794913e+00 2.946586600453036421e-03
1.422227012450665296e+00 2.946052434574518517e-03
1.423649950813663079e+00 2.945458444848022325e-03
1.425074312826731360e+00 2.944209669076108902e-03
1.426500099914232100e+00 2.943428188937079193e-03
1.427927313501950124e+00 2.943467168652442231e-03
1.429355955017101332e+00 2.942133016591806476e-03
1.430786025888328483e+00 2.942402484700245430e-03
1.432217527545700975e+00 2.940796217908343575e-03
1.433650461420720168e+00 2.939595845461819186e-03
1.435084828946318947e+00 2.938621146370299329e-03
1.436520631556862826e+00 2.938046525515880091e-03
1.437957870688159057e+00 2.937916636689303328e-03
1.439396547777445301e+00 2.938481057292187219e-03
1.440836664263399847e+00 2.938473877997724477e-03
1.442278221586138942e+00 2.937764768803061838e-03
1.443721221187219905e+00 2.935654485892026481e-03
1.445165664509644454e+00 2.934454125139101741e-03
1.446611552997854488e+00 2.934974029491929648e-03
1.448058888097737640e+00 2.933283347846904997e-03
1.449507671256628161e+00 2.932947095473636794e-03
1.450957903923310921e+00 2.932616992221781169e-03
1.452409587548018299e+00 2.932226294208417627e-03
1.453862723582431071e+00 2.931898570319830047e-03
1.455317313479687957e+00 2.930879583461513428e-03
1.456773358694377629e+00 2.929859221406988165e-03
1.458230860682547148e+00 2.928852826749433255e-03
1.459689820901702628e+00 2.927935172030875222e-03
1.461150240810803247e+00 2.927828753086611675e-03
1.462612121870266346e+00 2.926534935666017054e-03
1.464075465541970544e+00 2.927086444286146252e-03
1.465540273289261508e+00 2.926919939553153643e-03
1.467006546576947734e+00 2.925100267125274080e-03
1.468474286871301882e+00 2.923686366203063526e-03
1.469943495640066322e+00 2.922234372700447877e-03
1.471414174352450921e+00 2.923543059281652305e-03
1.472886324479134590e+00 2.924899935895194578e-03
1.474359947492264622e+00 2.923640016386838854e-03
1.475835044865461132e+00 2.921170324082293396e-03
1.477311618073823940e+00 2.918817535339798298e-03
1.478789668593927464e+00 2.918222649788001881e-03
1.480269197903824496e+00 2.917680075503753176e-03
1.481750207483043980e+00 2.916677460217846803e-03
1.483232698812595229e+00 2.916317582012607247e-03
1.484716673374970375e+00 2.914894158861714053e-03
1.486202132654143915e+00 2.913090892242798432e-03
1.487689078135571830e+00 2.912529153167315275e-03
1.489177511306200907e+00 2.912221574737393522e-03
1.490667433654462082e+00 2.911083399173126050e-03
1.492158846670277539e+00 2.911933587407573767e-03
1.493651751845064934e+00 2.909992229374322188e-03
1.495146150671732066e+00 2.908933019392005628e-03
1.496642044644675762e+00 2.907297062212291401e-03
1.498139435259789654e+00 2.905871900995554181e-03
1.499638324014464175e+00 2.906403283336652862e-03
1.501138712407587894e+00 2.907625234040658868e-03
1.502640601939549292e+00 2.907880421864560052e-03
1.504143994112236538e+00 2.906882470481827498e-03
1.505648890429041931e+00 2.906832111121063558e-03
1.507155292394863233e+00 2.905953963616937294e-03
1.508663201516102337e+00 2.904803369216223206e-03
1.510172619300667263e+00 2.903103875004267587e-03
1.511683547257977489e+00 2.902531372738134489e-03
1.513195986898960399e+00 2.902092292717823718e-03
1.514709939736056388e+00 2.901110652267610730e-03
1.516225407283221971e+00 2.899825431459647062e-03
1.517742391055919793e+00 2.899343544337691647e-03
1.519260892571135058e+00 2.899733030183204718e-03
1.520780913347369978e+00 2.898450535566979985e-03
1.522302454904641111e+00 2.897285121810544602e-03
1.523825518764496234e+00 2.897468457154541918e-03
1.525350106449998355e+00 2.897417079018648617e-03
1.526876219485730601e+00 2.896571186215144561e-03
1.528403859397809539e+00 2.895802829649833481e-03
1.529933027713875626e+00 2.895952609842243793e-03
1.531463725963096323e+00 2.895848986748441982e-03
1.532995955676171640e+00 2.896223941088679928e-03
1.534529718385328367e+00 2.896974085916253355e-03
1.536065015624331398e+00 2.896684745725779803e-03
1.537601848928477732e+00 2.896091276635576368e-03
1.539140219834601586e+00 2.895196025420062377e-03
1.540680129881076166e+00 2.895413498018827893e-03
1.542221580607809006e+00 2.894218943324415594e-03
1.543764573556249298e+00 2.893928823455410235e-03
1.545309110269391661e+00 2.894710939354329556e-03
1.546855192291775483e+00 2.895581990292732735e-03
1.548402821169480026e+00 2.894651811660311699e-03
1.549951998450135093e+00 2.894225509739056356e-03
1.551502725682915251e+00 2.899459292270034627e-03
1.553055004418552043e+00 2.902897993943494986e-03
1.554608836209321776e+00 2.902601207005368888e-03
1.556164222609055736e+00 2.902801091798625117e-03
1.557721165173142852e+00 2.901076758047978384e-03
1.559279665458526809e+00 2.903067380746021577e-03
1.560839725023707159e+00 2.904948529237603473e-03
1.562401345428738431e+00 2.904960848961027180e-03
1.563964528235243456e+00 2.904715615776695681e-03
1.565529275006407373e+00 2.903304201534580905e-03
1.567095587306978954e+00 2.904694261931965466e-03
1.568663466703268616e+00 2.905824494951826046e-03
1.570232914763154186e+00 2.906136227542775990e-03
1.571803933056086233e+00 2.905123569946721669e-03
1.573376523153083406e+00 2.903499176768861191e-03
1.574950686626736207e+00 2.902786062847510264e-03
1.576526425051205660e+00 2.903177770397223287e-03
1.578103740002232414e+00 2.903423354386605159e-03
1.579682633057129193e+00 2.903216486362612640e-03
1.581263105794789903e+00 2.903720929786475502e-03
1.582845159795690959e+00 2.902916087296270216e-03
1.584428796641883297e+00 2.902261246309154226e-03
1.586014017917000585e+00 2.902398252452141267e-03
1.587600825206265887e+00 2.902530220021494467e-03
1.589189220096486999e+00 2.903955652535895274e-03
1.590779204176061778e+00 2.904957515335277168e-03
1.592370779034972816e+00 2.906537353598004012e-03
1.593963946264796538e+00 2.907835603786140984e-03
1.595558707458699654e+00 2.910048641833282851e-03
1.597155064211443820e+00 2.913173735451897103e-03
1.598753018119386970e+00 2.915357784917808632e-03
1.600352570780481987e+00 2.918033017117489282e-03
1.601953723794279805e+00 2.919703601401354986e-03
1.603556478761936521e+00 2.923147449293586782e-03
1.605160837286207842e+00 2.925286479186986130e-03
1.606766800971446418e+00 2.928203413000879038e-03
1.608374371423619609e+00 2.929725254880748662e-03
1.609983550250299711e+00 2.931870308280782461e-03
1.611594339060662628e+00 2.934890303803179123e-03
1.613206739465496975e+00 2.936573724220751126e-03
1.614820753077206072e+00 2.939671767982664913e-03
1.616436381509801290e+00 2.938431615760311692e-03
1.618053626378912035e+00 2.941722751897746235e-03
1.619672489301787088e+00 2.944677287421219349e-03
1.621292971897287050e+00 2.945584019208315717e-03
1.622915075785891670e+00 2.946235843064032821e-03
1.624538802589707176e+00 2.944933828480387431e-03
1.626164153932458944e+00 2.948669557004055843e-03
1.627791131439499495e+00 2.950390914066595635e-03
1.629419736737808710e+00 2.947986075129424913e-03
1.631049971455992953e+00 2.949651696159055064e-03
1.632681837224285060e+00 2.950491385300884478e-03
1.634315335674550784e+00 2.948199123637360204e-03
1.635950468440285910e+00 2.948529737484628134e-03
1.637587237156621134e+00 2.946857474184828764e-03
1.639225643460328952e+00 2.946152723810409671e-03
1.640865688989819882e+00 2.947394987249779639e-03
1.642507375385137580e+00 2.946234577883923272e-03
1.644150704287967502e+00 2.946751291648105030e-03
1.645795677341638452e+00 2.948353811453149811e-03
1.647442296191123257e+00 2.949866125870262337e-03
1.649090562483041200e+00 2.951174071030653132e-03
1.650740477865659139e+00 2.948564568793083686e-03
1.652392043988892389e+00 2.945130877670521993e-03
1.654045262504306946e+00 2.945869370669137576e-03
1.655700135065121037e+00 2.951824057536855950e-03
1.657356663326206681e+00 2.952023191307352572e-03
1.659014848944093901e+00 2.949284112193344392e-03
1.660674693576969618e+00 2.946269889548107975e-03
1.662336198884679206e+00 2.945376948550165914e-03
1.663999366528727597e+00 2.945928420595184550e-03
1.665664198172280175e+00 2.953312251265432977e-03
1.667330695480168323e+00 2.959121350471035326e-03
1.668998860118890315e+00 2.962227150098349551e-03
1.670668693756610423e+00 2.958198231642173749e-03
1.672340198063163363e+00 2.957876959148245544e-03
1.674013374710054736e+00 2.956241861182257527e-03
1.675688225370461693e+00 2.952680453460815833e-03
1.677364751719235381e+00 2.951862962059164514e-03
1.679042955432901163e+00 2.950368689500209619e-03
1.680722838189662172e+00 2.951448321678235877e-03
1.682404401669400640e+00 2.949915389672418901e-03
1.684087647553678346e+00 2.950816835385419896e-03
1.685772577525743277e+00 2.950959007070679506e-03
1.687459193270526736e+00 2.951497947723247077e-03
1.689147496474642685e+00 2.952369216004335772e-03
1.690837488826394841e+00 2.953641192795146940e-03
1.692529172015778904e+00 2.955394457349443550e-03
1.694222547734476558e+00 2.957218104820157501e-03
1.695917617675862132e+00 2.957006862678338358e-03
1.697614383535007043e+00 2.958387205158345863e-03
1.699312847008676020e+00 2.959576400577149363e-03
1.701013009795334652e+00 2.960149645895492499e-03
1.702714873595143619e+00 2.959667765068981719e-03
1.704418440109970900e+00 2.957936557481225231e-03
1.706123711043382896e+00 2.956741054170708427e-03
1.707830688100642424e+00 2.956172330776227555e-03
1.709539372988733374e+00 2.955539387499663516e-03
1.711249767416338718e+00 2.958884405380514913e-03
1.712961873093852061e+00 2.959810120158511831e-03
1.714675691733381635e+00 2.958523547182458427e-03
1.716391225048744973e+00 2.953710235967059276e-03
1.718108474755477122e+00 2.952615879987744579e-03
1.719827442570826870e+00 2.950982041580041924e-03
1.721548130213762073e+00 2.951128735435284197e-03
1.723270539404973212e+00 2.951798319596544810e-03
1.724994671866867391e+00 2.952691779784152089e-03
1.726720529323575670e+00 2.955251947846250157e-03
1.728448113500954619e+00 2.957675824011151734e-03
1.730177426126591422e+00 2.957780271882037848e-03
1.731908468929799882e+00 2.957106446832859920e-03
1.733641243641623975e+00 2.957508244439086345e-03
1.735375751994837401e+00 2.956871392048562256e-03
1.737111995723943592e+00 2.955967021504445243e-03
1.738849976565191469e+00 2.955815662500585299e-03
1.740589696256562569e+00 2.954540560767889013e-03
1.742331156537773262e+00 2.953113410615709668e-03
1.744074359150284748e+00 2.951982907333730415e-03
1.745819305837302604e+00 2.950931799211280876e-03
1.747565998343771909e+00 2.951190760353761960e-03
1.749314438416384787e+00 2.951294883911908650e-03
1.751064627803578855e+00 2.950631705209128073e-03
1.752816568255545659e+00 2.950640696700307288e-03
1.754570261524226682e+00 2.951826178682032554e-03
1.756325709363313337e+00 2.951536246255173634e-03
1.758082913528259406e+00 2.952011283359987429e-03
1.759841875776264164e+00 2.952048628787608438e-03
1.761602597866290143e+00 2.951605127984592049e-03
1.763365081559061576e+00 2.952568419134325370e-03
1.765129328617062621e+00 2.952280915404336369e-03
1.766895340804538028e+00 2.951666250136375947e-03
1.768663119887500246e+00 2.951612904360718416e-03
1.770432667633730528e+00 2.953851107272541937e-03
1.772203985812774718e+00 2.954889791742987618e-03
1.773977076195953018e+00 2.955144394262494874e-03
1.775751940556356212e+00 2.951490049638339636e-03
1.777528580668849223e+00 2.948214518773098480e-03
1.779306998310069110e+00 2.945386326542866022e-03
1.781087195258436395e+00 2.945098134122376126e-03
1.782869173294147958e+00 2.946565542767888308e-03
1.784652934199179475e+00 2.949009502962325266e-03
1.786438479757295417e+00 2.950288199540705703e-03
1.788225811754038830e+00 2.952272686571896267e-03
1.790014931976740220e+00 2.955024836536569287e-03
1.791805842214524880e+00 2.955773783057663064e-03
1.793598544258301342e+00 2.954977571195204107e-03
1.795393039900771148e+00 2.953107423615351085e-03
1.797189330936433072e+00 2.951477444395478843e-03
1.798987419161574230e+00 2.948933370631527575e-03
1.800787306374282082e+00 2.947938138322876798e-03
1.802588994374447084e+00 2.947268798150075829e-03
1.804392484963757148e+00 2.946765362219544784e-03
1.806197779945701409e+00 2.945071136816057242e-03
1.808004881125578445e+00 2.943758502971914430e-03
1.809813790310486503e+00 2.942817673316594669e-03
1.811624509309332831e+00 2.943720301920662880e-03
1.813437039932837891e+00 2.943434859989222177e-03
1.815251383993535805e+00 2.943306504866639514e-03
1.817067543305768362e+00 2.942559999736767302e-03
1.818885519685696339e+00 2.944416249972105562e-03
1.820705314951296394e+00 2.943342607962848301e-03
1.822526930922362842e+00 2.942466972545377916e-03
1.824350369420509876e+00 2.942392228243792627e-03
1.826175632269178672e+00 2.942512528432192961e-03
1.828002721293634281e+00 2.942957826467585726e-03
1.829831638320961185e+00 2.941405620605654341e-03
1.831662385180077957e+00 2.942186154519958307e-03
1.833494963701736369e+00 2.943486948329874196e-03
1.835329375718512734e+00 2.944060458845331602e-03
1.837165623064816344e+00 2.943607916033471727e-03
1.839003707576895463e+00 2.944221042073063253e-03
1.840843631092833554e+00 2.941760141903856148e-03
1.842685395452556607e+00 2.941605053743338687e-03
1.844529002497830250e+00 2.939632005981528823e-03
1.846374454072257976e+00 2.939680852162830822e-03
1.848221752021293796e+00 2.940342717703973811e-03
1.850070898192236912e+00 2.941145342369307428e-03
1.851921894434231275e+00 2.938701417939724222e-03
1.853774742598273795e+00 2.938405298985507196e-03
1.855629444537212569e+00 2.937558526577592130e-03
1.857486002105753542e+00 2.937627582212772731e-03
1.859344417160451179e+00 2.937143445976721397e-03
1.861204691559718905e+00 2.934821184724131608e-03
1.863066827163835537e+00 2.934613973266776612e-03
1.864930825834933525e+00 2.934978122256909436e-03
1.866796689437008716e+00 2.933827618012376914e-03
1.868664419835927903e+00 2.932620147567254355e-03
1.870534018899425055e+00 2.932367852342161220e-03
1.872405488497095316e+00 2.932107264813290422e-03
1.874278830500408777e+00 2.930726729311093973e-03
1.876154046782708917e+00 2.930459893366256247e-03
1.878031139219214163e+00 2.929914056807796791e-03
1.879910109687015440e+00 2.928804966849834698e-03
1.881790960065083063e+00 2.928496987814675594e-03
1.883673692234267838e+00 2.928219028638989752e-03
1.885558308077303735e+00 2.927700360489888035e-03
1.887444809478806107e+00 2.926925274359818210e-03
1.889333198325271468e+00 2.926844620339524167e-03
1.891223476505090817e+00 2.926440142797479341e-03
1.893115645908544309e+00 2.925117973534991853e-03
1.895009708427802808e+00 2.925122090921669117e-03
1.896905665956926557e+00 2.925492901401588811e-03
1.898803520391874500e+00 2.924574001785820720e-03
1.900703273630501844e+00 2.924352839287520413e-03
1.902604927572561166e+00 2.924162958123800900e-03
1.904508484119706857e+00 2.924936553252528802e-03
1.906413945175493785e+00 2.923963877438732692e-03
1.908321312645386625e+00 2.923029185871582180e-03
1.910230588436751864e+00 2.923775283744184383e-03
1.912141774458864463e+00 2.924815621297864598e-03
1.914054872622910297e+00 2.923152821793850026e-03
1.915969884841984605e+00 2.922472182012590073e-03
1.917886813031101978e+00 2.922427139096192474e-03
1.919805659107191032e+00 2.924224233050522464e-03
1.921726424989099069e+00 2.925076926003591059e-03
1.923649112597595190e+00 2.924365321103141856e-03
1.925573723855365182e+00 2.922844091103714813e-03
1.927500260687016409e+00 2.922065806980565436e-03
1.929428725019089796e+00 2.921953874971034565e-03
1.931359118780051842e+00 2.922398305058011066e-03
1.933291443900291728e+00 2.922634825562613406e-03
1.935225702312133089e+00 2.921730430169320290e-03
1.937161895949837120e+00 2.922544404570257513e-03
1.939100026749601025e+00 2.923402219455147923e-03
1.941040096649554014e+00 2.923149553269193367e-03
1.942982107589765972e+00 2.923754171128604539e-03
1.944926061512247673e+00 2.924228309121334936e-03
1.946871960360953446e+00 2.925056038869838435e-03
1.948819806081781847e+00 2.925393331133804495e-03
1.950769600622574540e+00 2.924433957305320238e-03
1.952721345933129404e+00 2.924586682496154062e-03
1.954675043965192760e+00 2.924219511374137083e-03
1.956630696672465364e+00 2.924095306969850400e-03
1.958588306010599522e+00 2.923245642219306911e-03
1.960547873937202201e+00 2.921977261287598410e-03
1.962509402411841242e+00 2.922287385396577473e-03
1.964472893396044695e+00 2.922101680049507891e-03
1.966438348853305484e+00 2.921787047454455638e-03
1.968405770749081407e+00 2.921174771604639030e-03
1.970375161050789359e+00 2.921117068136723244e-03
1.972346521727821544e+00 2.919828339889465711e-03
1.974319854751539927e+00 2.919036878727624372e-03
1.976295162095277336e+00 2.918680299573245870e-03
1.978272445734343465e+00 2.918325019167416177e-03
1.980251707646021986e+00 2.917956997971480823e-03
1.982232949809572320e+00 2.917596086256019419e-03
1.984216174206235195e+00 2.917442658109167981e-03
1.986201382819236860e+00 2.916732466676168201e-03
1.988188577633788201e+00 2.916699459957640579e-03
1.990177760637084958e+00 2.917065782402371993e-03
1.992168933818306620e+00 2.916865423839438195e-03
1.994162099168625746e+00 2.918459906105114535e-03
1.996157258681210633e+00 2.920282931543960632e-03
1.998154414351219765e+00 2.922799181377880393e-03
2.000153568175812691e+00 2.923969288632209066e-03
2.002154722154140476e+00 2.924780057024501528e-03
2.004157878287355921e+00 2.925402817339229841e-03
2.006163038578616220e+00 2.925522877350937405e-03
2.008170205033081412e+00 2.925196846141280005e-03
2.010179379657917487e+00 2.925402078817374192e-03
2.012190564462303932e+00 2.926056163469257891e-03
2.014203761457421749e+00 2.926475463973401796e-03
2.016218972656465880e+00 2.926259117921504657e-03
2.018236200074653208e+00 2.926529186641591701e-03
2.020255445729208343e+00 2.926361576203496094e-03
2.022276711639375613e+00 2.926290040817652437e-03
2.024299999826424390e+00 2.925359984393929857e-03
2.026325312313641991e+00 2.925153792417502924e-03
2.028352651126337669e+00 2.924877547205435250e-03
2.030382018291853274e+00 2.924912331497703851e-03
2.032413415839559701e+00 2.923730154873474974e-03
2.034446845800850667e+00 2.923353828742286664e-03
2.036482310209152935e+00 2.922471448648844908e-03
2.038519811099934298e+00 2.921951050128064782e-03
2.040559350510698700e+00 2.921571281576584508e-03
2.042600930480983124e+00 2.921436245598574809e-03
2.044644553052371361e+00 2.921594688780294533e-03
2.046690220268486460e+00 2.921641209843639855e-03
2.048737934174990283e+00 2.921450032204338503e-03
2.050787696819598604e+00 2.921374572783972182e-03
2.052839510252076671e+00 2.921936462284432934e-03
2.054893376524232984e+00 2.921416428815798438e-03
2.056949297689938838e+00 2.921359460822529550e-03
2.059007275805113224e+00 2.921480614323085194e-03
2.061067312927732598e+00 2.920815161393679454e-03
2.063129411117835765e+00 2.921782132409117029e-03
2.065193572437520775e+00 2.923050912551885573e-03
2.067259798950950689e+00 2.923065680473607882e-03
2.069328092724351809e+00 2.923746523126873054e-03
2.071398455826018559e+00 2.924354977234754158e-03
2.073470890326312155e+00 2.924500652742355843e-03
2.075545398297670818e+00 2.924113111864331052e-03
2.077621981814598229e+00 2.924775703792787188e-03
2.079700642953679068e+00 2.923956984505472062e-03
2.081781383793575468e+00 2.924540171590822926e-03
2.083864206415028342e+00 2.925108442018458342e-03
2.085949112900863156e+00 2.925203777526540899e-03
2.088036105335985937e+00 2.925335401416608548e-03
2.090125185807389485e+00 2.925926094593792569e-03
2.092216356404151156e+00 2.926711290932308869e-03
2.094309619217441298e+00 2.926647516893565379e-03
2.096404976340524140e+00 2.927092082438230783e-03
2.098502429868758679e+00 2.927565975189218902e-03
2.100601981899600457e+00 2.927652498231949826e-03
2.102703634532599342e+00 2.927890524061120721e-03
2.104807389869406631e+00 2.928805124424825948e-03
2.106913250013779493e+00 2.929393898692456578e-03
2.109021217071576970e+00 2.929700906235607315e-03
2.111131293150767529e+00 2.931142871677091047e-03
2.113243480361425952e+00 2.931279908560771932e-03
2.115357780815740441e+00 2.930689854756525752e-03
2.117474196628013505e+00 2.932494376753571816e-03
2.119592729914662410e+00 2.933049041515113468e-03
2.121713382794218727e+00 2.931994367583353779e-03
2.123836157387335444e+00 2.934506039229390489e-03
2.125961055816782963e+00 2.934303019511567794e-03
2.128088080207463761e+00 2.937388084655007808e-03
2.130217232686400397e+00 2.936342514551848817e-03
2.132348515382747944e+00 2.936851411689984925e-03
2.134481930427789997e+00 2.936241368523140848e-03
2.136617479954937782e+00 2.937898566027632302e-03
2.138755166099743921e+00 2.937141802992764613e-03
2.140894990999892666e+00 2.937738105911174430e-03
2.143036956795210557e+00 2.941016778462456245e-03
2.145181065627663308e+00 2.940083570940485447e-03
2.147327319641362031e+00 2.940157331802230323e-03
2.149475720982560567e+00 2.941205511500053806e-03
2.151626271799656820e+00 2.942831665480177394e-03
2.153778974243205191e+00 2.941895481279582086e-03
2.155933830465906809e+00 2.944009558445576276e-03
2.158090842622617522e+00 2.944988496367377268e-03
2.160250012870349678e+00 2.946894511777624001e-03
2.162411343368275229e+00 2.947132254779629562e-03
2.164574836277725733e+00 2.946558455562629016e-03
2.166740493762190578e+00 2.948948856427136955e-03
2.168908317987328083e+00 2.947633522852991655e-03
2.171078311120967275e+00 2.947387036699018921e-03
2.173250475333098564e+00 2.947679785459279573e-03
2.175424812795882623e+00 2.946658872318656114e-03
2.177601325683664601e+00 2.947493300849831407e-03
2.179780016172958135e+00 2.947005756726716816e-03
2.181960886442447567e+00 2.946687459321524309e-03
2.184143938673002605e+00 2.948866235262690913e-03
2.186329175047673878e+00 2.949452978135951552e-03
2.188516597751704484e+00 2.950124334067368102e-03
2.190706208972517111e+00 2.951996867325268597e-03
2.192898010899720695e+00 2.955528048337819659e-03
2.195092005725113538e+00 2.958524182844313177e-03
2.197288195642695285e+00 2.963598356327131443e-03
2.199486582848655836e+00 2.967662870342762087e-03
2.201687169541381994e+00 2.969679605137744843e-03
2.203889957921462806e+00 2.968454200457440288e-03
2.206094950191685111e+00 2.969110952037767696e-03
2.208302148557042432e+00 2.965850492897455400e-03
2.210511555224734526e+00 2.962742485588061928e-03
2.212723172404166938e+00 2.961795856143671721e-03
2.214937002306953673e+00 2.958318669202704681e-03
2.217153047146927847e+00 2.959245801896693250e-03
2.219371309140135029e+00 2.957654929080065151e-03
2.221591790504835906e+00 2.960174234347172188e-03
2.223814493461512498e+00 2.959986227638385526e-03
2.226039420232865051e+00 2.961389192345713611e-03
2.228266573043822252e+00 2.962512112338749459e-03
2.230495954121538116e+00 2.962201245425156136e-03
2.232727565695393768e+00 2.963361405936271002e-03
2.234961409997000992e+00 2.964405210526000096e-03
2.237197489260204897e+00 2.965967296299951497e-03
2.239435805721083028e+00 2.966312031591368872e-03
2.241676361617952473e+00 2.967689837584116565e-03
2.243919159191369861e+00 2.967871581454497795e-03
2.246164200684134915e+00 2.970454808605381414e-03
2.248411488341286901e+00 2.969187939234305216e-03
2.250661024410114397e+00 2.969597624693308836e-03
2.252912811140153959e+00 2.970047873528724146e-03
2.255166850783189680e+00 2.970613534928455684e-03
2.257423145593265623e+00 2.969950653439473384e-03
2.259681697826675162e+00 2.968996209873280868e-03
2.261942509741970753e+00 2.969899627110234204e-03
2.264205583599968374e+00 2.970032066648214779e-03
2.266470921663737315e+00 2.969436081721236326e-03
2.268738526198614380e+00 2.970386065331592773e-03
2.271008399472205674e+00 2.969061871170596868e-03
2.273280543754384819e+00 2.969832346301268418e-03
2.275554961317296954e+00 2.969937451248842297e-03
2.277831654435360065e+00 2.970114736410687031e-03
2.280110625385271206e+00 2.969728183042856084e-03
2.282391876445996282e+00 2.970869560648243222e-03
2.284675409898784704e+00 2.971735952436639194e-03
2.286961228027174720e+00 2.971386126007145162e-03
2.289249333116983198e+00 2.973121858613327582e-03
2.291539727456316289e+00 2.973911516320707632e-03
2.293832413335568976e+00 2.973304394845711213e-03
2.296127393047421972e+00 2.973642075789970952e-03
2.298424668886857702e+00 2.972337160027682321e-03
2.300724243151156312e+00 2.971034338727084143e-03
2.303026118139892109e+00 2.970877293390446726e-03
2.305330296154935787e+00 2.969088870666759979e-03
2.307636779500468638e+00 2.966793146116868726e-03
2.309945570482975441e+00 2.964383294682158138e-03
2.312256671411244913e+00 2.962657653172813196e-03
2.314570084596378141e+00 2.964392598396375141e-03
2.316885812351787255e+00 2.974556304734910644e-03
2.319203856993203861e+00 2.976265976661450138e-03
2.321524220838667496e+00 2.973606272040236857e-03
2.323846906208542507e+00 2.972068628844809577e-03
2.326171915425521153e+00 2.972847368380756704e-03
2.328499250814608956e+00 2.973334007933454461e-03
2.330828914703140686e+00 2.973143395292222706e-03
2.333160909420783025e+00 2.972984122301589559e-03
2.335495237299529681e+00 2.973596574797599500e-03
2.337831900673706720e+00 2.972957633352058763e-03
2.340170901879977006e+00 2.973066646575868704e-03
2.342512243257343751e+00 2.972534872318598632e-03
2.344855927147150965e+00 2.973827824089809481e-03
2.347201955893081671e+00 2.973465976443914228e-03
2.349550331841163242e+00 2.972853836920967552e-03
2.351901057339769618e+00 2.972474380343416607e-03
2.354254134739628412e+00 2.971407418960869164e-03
2.356609566393821797e+00 2.971351056380960344e-03
2.358967354657777626e+00 2.971615586163294485e-03
2.361327501889283642e+00 2.969157948046701086e-03
2.363690010448485701e+00 2.968850976388425281e-03
2.366054882697895767e+00 2.968840193694182589e-03
2.368422121002386582e+00 2.970243906390347341e-03
2.370791727729192999e+00 2.976060095300228203e-03
2.373163705247925304e+00 2.974112399065483026e-03
2.375538055930560777e+00 2.973143127691902331e-03
2.377914782151449469e+00 2.973393500621823032e-03
2.380293886287319527e+00 2.974025219855516104e-03
2.382675370717276309e+00 2.972204290916526971e-03
2.385059237822801048e+00 2.971274697969234803e-03
2.387445489987759739e+00 2.970027168528354550e-03
2.389834129598410239e+00 2.968562746416415765e-03
2.392225159043389393e+00 2.967536416127655122e-03
2.394618580713724132e+00 2.967376045621785731e-03
2.397014397002838582e+00 2.966506137090937391e-03
2.399412610306550508e+00 2.966545621106786348e-03
2.401813223023073984e+00 2.965279889497917949e-03
2.404216237553020274e+00 2.964325623434155722e-03
2.406621656299405387e+00 2.963129991692044565e-03
2.409029481667643413e+00 2.963893280151191738e-03
2.411439716065562955e+00 2.963415802471994296e-03
2.413852361903402688e+00 2.963463197378922616e-03
2.416267421593802922e+00 2.964092994722196742e-03
2.418684897551825586e+00 2.964975563151282887e-03
2.421104792194948896e+00 2.964577494523360120e-03
2.423527107943065584e+00 2.968772005952326036e-03
2.425951847218492219e+00 2.966444213161700469e-03
2.428379012445967433e+00 2.965661011640099987e-03
2.430808606052657250e+00 2.963580754600325315e-03
2.433240630468156418e+00 2.964455307151005539e-03
2.435675088124486631e+00 2.965808656431401756e-03
2.438111981456106747e+00 2.964231290774282587e-03
2.440551312899912340e+00 2.962100216818723195e-03
2.442993084895234812e+00 2.960988605674560320e-03
2.445437299883853832e+00 2.960170062241323456e-03
2.447883960309978679e+00 2.961748482250034335e-03
2.450333068620265564e+00 2.958695960054426484e-03
2.452784627263817629e+00 2.959659071626317625e-03
2.455238638692204489e+00 2.959638976062831800e-03
2.457695105359435583e+00 2.959899838436586862e-03
2.460154029721969948e+00 2.957453094065888403e-03
2.462615414238743750e+00 2.957784563322897638e-03
2.465079261371134756e+00 2.956659604996260491e-03
2.467545573582992535e+00 2.957049855908494042e-03
2.470014353340631796e+00 2.957016707003114718e-03
2.472485603112830166e+00 2.955968378315147228e-03
2.474959325370837071e+00 2.953957340758983641e-03
2.477435522588375516e+00 2.954370488762239448e-03
2.479914197241639418e+00 2.953914262493551393e-03
2.482395351809302930e+00 2.952684440294919138e-03
2.484878988772528885e+00 2.952475401833108866e-03
2.487365110614955910e+00 2.952090975730663029e-03
2.489853719822701983e+00 2.952362674583122910e-03
2.492344818884375535e+00 2.950851594484742678e-03
2.494838410291070119e+00 2.949105682361450806e-03
2.497334496536383064e+00 2.948969271827091287e-03
2.499833080116400819e+00 2.949524066938000524e-03
2.502334163529706945e+00 2.948423063225008925e-03
2.504837749277384784e+00 2.947979776206613185e-03
2.507343839863014345e+00 2.946227671371578170e-03
2.509852437792693625e+00 2.946520060618128788e-03
2.512363545575026169e+00 2.947180659736626639e-03
2.514877165721113972e+00 2.945646100736332151e-03
2.517393300744581008e+00 2.944918701883142247e-03
2.519911953161556806e+00 2.945224464277344627e-03
2.522433125490685768e+00 2.944567688789181438e-03
2.524956820253147161e+00 2.943653812351971349e-03
2.527483039972646228e+00 2.943069148054935046e-03
2.530011787175398652e+00 2.942464627630548765e-03
2.532543064390146537e+00 2.942084911251803374e-03
2.535076874148167292e+00 2.942168654598813302e-03
2.537613218983271413e+00 2.941784683883807462e-03
2.540152101431809584e+00 2.940159604628189444e-03
2.542693524032659802e+00 2.941231695120228619e-03
2.545237489327245139e+00 2.943367642987246031e-03
2.547783999859532411e+00 2.946321739616960568e-03
2.550333058176029954e+00 2.945706697024326037e-03
2.552884666825803173e+00 2.944384657418348469e-03
2.555438828360458547e+00 2.944594460050953093e-03
2.557995545334152077e+00 2.949530606168454527e-03
2.560554820303596824e+00 2.948031320856251119e-03
2.563116655828076684e+00 2.945070144109705225e-03
2.565681054469429956e+00 2.945650922621364035e-03
2.568248018792045784e+00 2.945056445959487804e-03
2.570817551362897468e+00 2.947111659291339059e-03
2.573389654751518485e+00 2.946620756881682818e-03
2.575964331530008256e+00 2.947874422306585602e-03
2.578541584273044585e+00 2.948610762049651193e-03
2.581121415557876553e+00 2.948583817322373256e-03
2.583703827964337840e+00 2.948034881026634010e-03
2.586288824074843617e+00 2.950874617126615466e-03
2.588876406474390546e+00 2.952401255316557289e-03
2.591466577750558553e+00 2.951004184592047504e-03
2.594059340493518384e+00 2.949380822469471145e-03
2.596654697296031600e+00 2.947424008323427155e-03
2.599252650753462568e+00 2.946305045816203887e-03
2.601853203463758923e+00 2.947108158726845402e-03
2.604456358027470220e+00 2.946687161209741654e-03
2.607062117047760808e+00 2.947436420770740625e-03
2.609670483130389851e+00 2.947705861377356712e-03
2.612281458883716656e+00 2.948496859549985978e-03
2.614895046918714883e+00 2.948734883437373333e-03
2.617511249848980981e+00 2.946487150037302265e-03
2.620130070290716873e+00 2.944992272544888143e-03
2.622751510862746382e+00 2.945750257994637390e-03
2.625375574186502803e+00 2.943875751099026602e-03
2.628002262886047546e+00 2.943370393062465229e-03
2.630631579588075031e+00 2.943017292631014935e-03
2.633263526921897135e+00 2.941958364746864816e-03
2.635898107519465849e+00 2.939306124551833294e-03
2.638535324015363503e+00 2.939151222096994531e-03
2.641175179046807653e+00 2.938876561931072409e-03
2.643817675253651078e+00 2.937027594896067777e-03
2.646462815278393332e+00 2.936596916154014282e-03
2.649110601766170969e+00 2.936054373588961423e-03
2.651761037364768647e+00 2.937102532348683393e-03
2.654414124724629342e+00 2.939441961553115445e-03
2.657069866498836586e+00 2.941558708469331311e-03
2.659728265343126452e+00 2.941957478921243194e-03
2.662389323915903550e+00 2.946409412029810972e-03
2.665053044878226807e+00 2.949028418690081109e-03
2.667719430893810806e+00 2.949731757760766168e-03
2.670388484629045323e+00 2.952102413134608840e-03
2.673060208752994438e+00 2.953181058323711347e-03
2.675734605937373445e+00 2.953037641845274348e-03
2.678411678856579048e+00 2.952528514030739251e-03
2.681091430187691138e+00 2.952473512222840261e-03
2.683773862610453698e+00 2.953025016579940293e-03
2.686458978807302778e+00 2.951917510420243047e-03
2.689146781463357616e+00 2.949664211207685301e-03
2.691837273266414865e+00 2.948895190058951638e-03
2.694530456906965021e+00 2.949076594112810291e-03
2.697226335078197312e+00 2.948949964182857875e-03
2.699924910475991258e+00 2.949758582017424080e-03
2.702626185798916225e+00 2.950504568920018361e-03
2.705330163748253192e+00 2.950065467594787955e-03
2.708036847027985861e+00 2.949579248303092847e-03
2.710746238344789560e+00 2.948693857777928175e-03
2.713458340408054781e+00 2.946970327792859407e-03
2.716173155929883176e+00 2.945971867022404746e-03
2.718890687625096891e+00 2.945397782041714145e-03
2.721610938211223907e+00 2.943079911044293312e-03
2.724333910408513137e+00 2.939931172292041973e-03
2.727059606939940650e+00 2.939654550778182489e-03
2.729788030531202114e+00 2.938134632204796558e-03
2.732519183910722571e+00 2.937892236036140393e-03
2.735253069809658211e+00 2.938505834001852064e-03
2.737989690961888822e+00 2.937649709027298321e-03
2.740729050104034226e+00 2.937510698132846185e-03
2.743471149975461376e+00 2.938017368434845365e-03
2.746215993318269266e+00 2.938367653270639729e-03
2.748963582877296030e+00 2.938673957916296785e-03
2.751713921400137153e+00 2.939128693423159223e-03
2.754467011637128149e+00 2.939324045626483597e-03
2.757222856341353445e+00 2.939461332789787031e-03
2.759981458268668142e+00 2.938308929862412482e-03
2.762742820177677583e+00 2.938467739370178092e-03
2.765506944829736025e+00 2.936765871297033256e-03
2.768273834988963955e+00 2.936476036784713660e-03
2.771043493422256532e+00 2.938026357553284555e-03
2.773815922899276032e+00 2.940799143021101923e-03
2.776591126192445191e+00 2.942204819504229581e-03
2.779369106076971185e+00 2.942536277717796179e-03
2.782149865330835858e+00 2.942435331698645302e-03
2.784933406734796613e+00 2.941927623957828978e-03
2.787719733072396178e+00 2.942636154830352308e-03
2.790508847129963499e+00 2.942648699653565517e-03
2.793300751696610629e+00 2.943523006332976651e-03
2.796095449564240720e+00 2.943723225964908763e-03
2.798892943527549360e+00 2.942605727681977222e-03
2.801693236384038332e+00 2.941690903946502563e-03
2.804496330933999637e+00 2.942840680116646547e-03
2.807302229980519481e+00 2.942609440391195409e-03
2.810110936329506703e+00 2.941569141401642780e-03
2.812922452789668348e+00 2.941386437146690635e-03
2.815736782172511887e+00 2.941516513594508858e-03
2.818553927292374528e+00 2.941455861247811721e-03
2.821373890966397902e+00 2.941055891583760525e-03
2.824196676014550711e+00 2.940324845413988183e-03
2.827022285259616297e+00 2.938066335592641812e-03
2.829850721527202406e+00 2.937970789271337774e-03
2.832681987645746524e+00 2.938019402870555540e-03
2.835516086446511874e+00 2.938063806235263319e-03
2.838353020763594525e+00 2.936930446856891690e-03
2.841192793433933605e+00 2.935434074619043369e-03
2.844035407297307749e+00 2.934286829706714284e-03
2.846880865196327104e+00 2.933444147110987783e-03
2.849729169976447540e+00 2.932828113349128865e-03
2.852580324485975538e+00 2.931999015147704508e-03
2.855434331576065077e+00 2.929989300945809536e-03
2.858291194100722521e+00 2.929758427532814027e-03
2.861150914916811061e+00 2.929216493379428569e-03
2.864013496884051602e+00 2.927435853761795569e-03
2.866878942865026314e+00 2.926063792339262358e-03
2.869747255725183521e+00 2.924848521298542385e-03
2.872618438332836366e+00 2.923703902408367368e-03
2.875492493559169027e+00 2.922468069288799639e-03
2.878369424278236277e+00 2.921476073174583687e-03
2.881249233366968809e+00 2.921109768586789990e-03
2.884131923705171907e+00 2.919484700969277383e-03
2.887017498175541874e+00 2.918501772953106463e-03
2.889905959663658042e+00 2.917537015931444960e-03
2.892797311057972998e+00 2.917224005898670820e-03
2.895691555249836124e+00 2.917485379813822364e-03
2.898588695133490045e+00 2.916171053793767572e-03
2.901488733606079062e+00 2.915432987967081328e-03
2.904391673567642052e+00 2.915649269834975302e-03
2.907297517921122676e+00 2.914531604126136856e-03
2.910206269572368054e+00 2.915003680303220220e-03
2.913117931430124763e+00 2.915676357334253191e-03
2.916032506406053049e+00 2.915355336642315269e-03
2.918949997414726827e+00 2.914185840213254133e-03
2.921870407373641676e+00 2.914436160391657704e-03
2.924793739203208620e+00 2.913418194015888509e-03
2.927719995826757238e+00 2.914524254288038910e-03
2.930649180170546320e+00 2.915802529317584879e-03
2.933581295163762093e+00 2.917172192737523852e-03
2.936516343738513779e+00 2.916465494323785060e-03
2.939454328829848251e+00 2.917006513100318076e-03
2.942395253375765130e+00 2.916012966650617134e-03
2.945339120317177706e+00 2.918201133518470193e-03
2.948285932597951575e+00 2.917430876727075857e-03
2.951235693164907747e+00 2.918848942363251597e-03
2.954188404967802217e+00 2.919436859676587809e-03
2.957144070959347282e+00 2.919205736838029197e-03
2.960102694095215980e+00 2.918882239060130012e-03
2.963064277334023888e+00 2.919986052314939122e-03
2.966028823637354872e+00 2.920154347453355476e-03
