8.099554455959743215e-01 2.892450352045434440e-03
8.107658061542900585e-01 2.892447127540867871e-03
8.115769774784792334e-01 2.892440615713568267e-03
8.123889603797121994e-01 2.892430156628369217e-03
8.132017556699727701e-01 2.892414270879727772e-03
8.140153641620563318e-01 2.892393092540739008e-03
8.148297866695717317e-01 2.892366275538110938e-03
8.156450240069411661e-01 2.892333911853854980e-03
8.164610769894029563e-01 2.892295934771189295e-03
8.172779464330105492e-01 2.892250956802723712e-03
8.180956331546322957e-01 2.892200389808086570e-03
8.189141379719558911e-01 2.892143822172083250e-03
8.197334617034857107e-01 2.892082631559526277e-03
8.205536051685444754e-01 2.892016835415078986e-03
8.213745691872769150e-01 2.891947290502576168e-03
8.221963545806487694e-01 2.891875216350830828e-03
8.230189621704429026e-01 2.891801605335759216e-03
8.238423927792670742e-01 2.891721971047585965e-03
8.246666472305524964e-01 2.891641930956330604e-03
8.254917263485536116e-01 2.891562168226649923e-03
8.263176309583500911e-01 2.891482475148051019e-03
8.271443618858455027e-01 2.891403781387926440e-03
8.279719199577725286e-01 2.891327603362209980e-03
8.288003060016881918e-01 2.891253311007022965e-03
8.296295208459781856e-01 2.891181231762712800e-03
8.304595653198585392e-01 2.891112783405363519e-03
8.312904402533747295e-01 2.891075125817025530e-03
8.321221464773999044e-01 2.892608109531653350e-03
8.329546848236402123e-01 2.899088455831877638e-03
8.337880561246344691e-01 2.902183001952456012e-03
8.346222612137542685e-01 2.903132345028115562e-03
8.354573009252049820e-01 2.903558852945515092e-03
8.362931760940265358e-01 2.903934020010859665e-03
8.371298875560944097e-01 2.904226820588068185e-03
8.379674361481189715e-01 2.904573925681747538e-03
8.388058227076495843e-01 2.904682711653676103e-03
8.396450480730722754e-01 2.904700936668826346e-03
8.404851130836130668e-01 2.904693508477292248e-03
8.413260185793379753e-01 2.905416491916022314e-03
8.421677654011512359e-01 2.905834128902187903e-03
8.430103543908002983e-01 2.905955503766120395e-03
8.438537863908742720e-01 2.905928739931979733e-03
8.446980622448042597e-01 2.905365190531306908e-03
8.455431827968671321e-01 2.904840260519670619e-03
8.463891488921824191e-01 2.904800789389312948e-03
8.472359613767166397e-01 2.905242848125765519e-03
8.480836210972833022e-01 2.905756885342019973e-03
8.489321289015407945e-01 2.906114006606353058e-03
8.497814856379983794e-01 2.906152022873740616e-03
8.506316921560135302e-01 2.906289254774419711e-03
8.514827493057913754e-01 2.906224027655778495e-03
8.523346579383890287e-01 2.906234679925911741e-03
8.531874189057161439e-01 2.906242258629330479e-03
8.540410330605319178e-01 2.906096197672714508e-03
8.548955012564523059e-01 2.905970708137305646e-03
8.557508243479458043e-01 2.906021900252716075e-03
8.566070031903338933e-01 2.905837795560817834e-03
8.574640386397960334e-01 2.905612463604535095e-03
8.583219315533672233e-01 2.905322459560221154e-03
8.591806827889413301e-01 2.905197721586917376e-03
8.600402932052715332e-01 2.905392948568749720e-03
8.609007636619676607e-01 2.905872280647934895e-03
8.617620950194990748e-01 2.905690331286238728e-03
8.626242881391973372e-01 2.905409977352645286e-03
8.634873438832556536e-01 2.905010040008242349e-03
8.643512631147296510e-01 2.904862170091771639e-03
8.652160466975378217e-01 2.905094504342715152e-03
8.660816954964636327e-01 2.905288749379933769e-03
8.669482103771571913e-01 2.906035337666017498e-03
8.678155922061336902e-01 2.906867719803374502e-03
8.686838418507756288e-01 2.907535875870105764e-03
8.695529601793322572e-01 2.908177477012891931e-03
8.704229480609205760e-01 2.908759244023354819e-03
8.712938063655277787e-01 2.909104136460048153e-03
8.721655359640141381e-01 2.909389757602212374e-03
8.730381377281095645e-01 2.909536131980795543e-03
8.739116125304161597e-01 2.909275252267089391e-03
8.747859612444087718e-01 2.908936216537787688e-03
8.756611847444361052e-01 2.908050420916548709e-03
8.765372839057208321e-01 2.907377276046002081e-03
8.774142596043608133e-01 2.907468092255366399e-03
8.782921127173328735e-01 2.908370523981409442e-03
8.791708441224919124e-01 2.909597562158378753e-03
8.800504546985693510e-01 2.910343629412804126e-03
8.809309453251749078e-01 2.910771059034133416e-03
8.818123168827982639e-01 2.910791042589452177e-03
8.826945702528108395e-01 2.910664250883575940e-03
8.835777063174676815e-01 2.910870507634387948e-03
8.844617259599056869e-01 2.911913979169560886e-03
8.853466300641437137e-01 2.914132096969568493e-03
8.862324195150838024e-01 2.917656517313793607e-03
8.871190951985163942e-01 2.921981155330716749e-03
8.880066580011191091e-01 2.925400441749806749e-03
8.888951088104538600e-01 2.928874174966218311e-03
8.897844485149719596e-01 2.933501811079190606e-03
8.906746780040118994e-01 2.938009158335650253e-03
8.915657981678065669e-01 2.939573974382041210e-03
8.924578098974739193e-01 2.938835372856067087e-03
8.933507140850214245e-01 2.937026034051533861e-03
8.942445116233572744e-01 2.933045433247123083e-03
8.951392034062801706e-01 2.930182806963316840e-03
8.960347903284814342e-01 2.927076071511496621e-03
8.969312732855473369e-01 2.925262505228019665e-03
8.978286531739603227e-01 2.929039947913772250e-03
8.987269308911014498e-01 2.941616351058610329e-03
8.996261073352495030e-01 2.943579424164708119e-03
9.005261834055795500e-01 2.939604504804662656e-03
9.014271600021682707e-01 2.934556195444290583e-03
9.023290380259918475e-01 2.929774809064113021e-03
9.032318183789278532e-01 2.927892381289733809e-03
9.041355019637584700e-01 2.928310403809690054e-03
9.050400896841658271e-01 2.927550735323242517e-03
9.059455824447376626e-01 2.926972891486405003e-03
9.068519811509679895e-01 2.926833047378324133e-03
9.077592867092548756e-01 2.927148249082972206e-03
9.086675000269045510e-01 2.926946457380854259e-03
9.095766220121302981e-01 2.925642142260979905e-03
9.104866535740545608e-01 2.924616116723999931e-03
9.113975956227070574e-01 2.923584611772252553e-03
9.123094490690316638e-01 2.921879999521430956e-03
9.132222148248820837e-01 2.919563772116326623e-03
9.141358938030226255e-01 2.917969098424392192e-03
9.150504869171317557e-01 2.916297321655349911e-03
9.159659950818033192e-01 2.914032574034671787e-03
9.168824192125480943e-01 2.911766023787560990e-03
9.177997602257875753e-01 2.909378051539453051e-03
9.187180190388626322e-01 2.907234112645624893e-03
9.196371965700328444e-01 2.905207154996244066e-03
9.205572937384781662e-01 2.903149006098880349e-03
9.214783114642939310e-01 2.901038527280792693e-03
9.224002506684964020e-01 2.898536555322299597e-03
9.233231122730257701e-01 2.897265438126084888e-03
9.242468972007444883e-01 2.896669390287118749e-03
9.251716063754391595e-01 2.896011325271783884e-03
9.260972407218166502e-01 2.895250900320649884e-03
9.270238011655114185e-01 2.894708502306273142e-03
9.279512886330849586e-01 2.894307508558972755e-03
9.288797040520245796e-01 2.893715357176106229e-03
9.298090483507445159e-01 2.893257399108217168e-03
9.307393224585915892e-01 2.892919912421028361e-03
9.316705273058381032e-01 2.892704730087868048e-03
9.326026638236895039e-01 2.892526681263435720e-03
9.335357329442838248e-01 2.892328394560356175e-03
9.344697356006889111e-01 2.892297173562560428e-03
9.354046727269068606e-01 2.892185373692401050e-03
9.363405452578753563e-01 2.892158259569299790e-03
9.372773541294663335e-01 2.892326436550470004e-03
9.382151002784899774e-01 2.892645994871332130e-03
9.391537846426917246e-01 2.893002575966699234e-03
9.400934081607547066e-01 2.893193287889243327e-03
9.410339717723049668e-01 2.893268794254952661e-03
9.419754764179059103e-01 2.893373248550548497e-03
9.429179230390614119e-01 2.893707962768079806e-03
9.438613125782181479e-01 2.893940120288902764e-03
9.448056459787667061e-01 2.894361168249985367e-03
9.457509241850403647e-01 2.894775074430058943e-03
9.466971481423157586e-01 2.895212177940600928e-03
9.476443187968174309e-01 2.896061955030219959e-03
9.485924370957175000e-01 2.896612734523542915e-03
9.495415039871341056e-01 2.896460194879239489e-03
9.504915204201344059e-01 2.897425311343175547e-03
9.514424873447341335e-01 2.897606346805668871e-03
9.523944057118994833e-01 2.898078817251055136e-03
9.533472764735499982e-01 2.898717400149248245e-03
9.543011005825563497e-01 2.899230060839082072e-03
9.552558789927436678e-01 2.899662747442366580e-03
9.562116126588898757e-01 2.900513648311380671e-03
9.571683025367276887e-01 2.901356241896500560e-03
9.581259495829482775e-01 2.901470282334074266e-03
9.590845547552002692e-01 2.901986582080208748e-03
9.600441190120854174e-01 2.902902172662324282e-03
9.610046433131675947e-01 2.903578061802105075e-03
9.619661286189739036e-01 2.903910189930913009e-03
9.629285758909905679e-01 2.904630967352709713e-03
9.638919860916628224e-01 2.905411798991502405e-03
9.648563601844011295e-01 2.905645486895688800e-03
9.658216991335795143e-01 2.906088001690846495e-03
9.667880039045362306e-01 2.906720016526734632e-03
9.677552754635757593e-01 2.906889313987742231e-03
9.687235147779708067e-01 2.908324107119818116e-03
9.696927228159630818e-01 2.911119809840977471e-03
9.706629005467596327e-01 2.910366771968194398e-03
9.716340489405361769e-01 2.908985845742269403e-03
9.726061689684449840e-01 2.908543220963683094e-03
9.735792616026035518e-01 2.908768550808429193e-03
9.745533278161038204e-01 2.909592212713168168e-03
9.755283685830130613e-01 2.910150739198457022e-03
9.765043848783711011e-01 2.910989226136995525e-03
9.774813776781959840e-01 2.912074336310206419e-03
9.784593479594798637e-01 2.912921498443334090e-03
9.794382967001936668e-01 2.913793093025360010e-03
9.804182248792859822e-01 2.914665676236247865e-03
9.813991334766843933e-01 2.915126255761631580e-03
9.823810234732978097e-01 2.915542600726172932e-03
9.833638958510170225e-01 2.916009428428081862e-03
9.843477515927149257e-01 2.916216217794384211e-03
9.853325916822468500e-01 2.916590867189139229e-03
9.863184171044501181e-01 2.917035343548261134e-03
9.873052288451531489e-01 2.917114287677232028e-03
9.882930278911683519e-01 2.916760408690400545e-03
9.892818152302930157e-01 2.916748017648500540e-03
9.902715918513149695e-01 2.915624583043922510e-03
9.912623587440111406e-01 2.914770997142645918e-03
9.922541168991476646e-01 2.915684001726861693e-03
9.932468673084843269e-01 2.918320253339204071e-03
9.942406109647716761e-01 2.921825231069673234e-03
9.952353488617531330e-01 2.926998334578553764e-03
9.962310819941662121e-01 2.927015547766204616e-03
9.972278113577441871e-01 2.922155527360643934e-03
9.982255379492167569e-01 2.919311685758546257e-03
9.992242627663093790e-01 2.918833163379025604e-03
1.000223986807747600e+00 2.919434334751038786e-03
1.001224711073256834e+00 2.920547108249062392e-03
1.002226436563560474e+00 2.921787922198858418e-03
1.003229164280384333e+00 2.923342673601766594e-03
1.004232895226455646e+00 2.925360025598367289e-03
1.005237630405505511e+00 2.926925147524022004e-03
1.006243370822270000e+00 2.927355520967336519e-03
1.007250117482488161e+00 2.926637639142293940e-03
1.008257871392907346e+00 2.925658365492310280e-03
1.009266633561284321e+00 2.923889996856358139e-03
1.010276404996379940e+00 2.921792618456995998e-03
1.011287186707962471e+00 2.919971322532416078e-03
1.012298979706815372e+00 2.918791810161430571e-03
1.013311785004731513e+00 2.920232507852943762e-03
1.014325603614517401e+00 2.923852937575950692e-03
1.015340436549991621e+00 2.923929158867168143e-03
1.016356284825987721e+00 2.922104059240776368e-03
1.017373149458352000e+00 2.921087765461394085e-03
1.018391031463949936e+00 2.920903256120177018e-03
1.019409931860664198e+00 2.920546257589758977e-03
1.020429851667395971e+00 2.918863885183302365e-03
1.021450791904064959e+00 2.918432704657565255e-03
1.022472753591610495e+00 2.919434561532745914e-03
1.023495737751995538e+00 2.920031638268563885e-03
1.024519745408203342e+00 2.920522435586004380e-03
1.025544777584241007e+00 2.921500473337509431e-03
1.026570835305141705e+00 2.921819683607079342e-03
1.027597919596963782e+00 2.922223987567256973e-03
1.028626031486790104e+00 2.922159137104528379e-03
1.029655172002734043e+00 2.921636363520240844e-03
1.030685342173935926e+00 2.920656654351143789e-03
1.031716543030566147e+00 2.919711106698890356e-03
1.032748775603824720e+00 2.918318286157819269e-03
1.033782040925944834e+00 2.917092086059365832e-03
1.034816340030192627e+00 2.915906971818976214e-03
1.035851673950866303e+00 2.915073448553364820e-03
1.036888043723299679e+00 2.913930367223246942e-03
1.037925450383862858e+00 2.912680812508877844e-03
1.038963894969963331e+00 2.911593391851062529e-03
1.040003378520046207e+00 2.910616683389607474e-03
1.041043902073592431e+00 2.909516683644576725e-03
1.042085466671125449e+00 2.908737557227803611e-03
1.043128073354212981e+00 2.908004379655593913e-03
1.044171723165462140e+00 2.906944205225171773e-03
1.045216417148520982e+00 2.905847463632205141e-03
1.046262156348083616e+00 2.904969228394923067e-03
1.047308941809890870e+00 2.904177219203340349e-03
1.048356774580727402e+00 2.903391194179568216e-03
1.049405655708424367e+00 2.902474638002474142e-03
1.050455586241864525e+00 2.901624257649477491e-03
1.051506567230979794e+00 2.900555974728732597e-03
1.052558599726749256e+00 2.899964345886422903e-03
1.053611684781205371e+00 2.899316838465014305e-03
1.054665823447434869e+00 2.898797396154940281e-03
1.055721016779575638e+00 2.898235339485407541e-03
1.056777265832821389e+00 2.897728942762737257e-03
1.057834571663421430e+00 2.897467154854098219e-03
1.058892935328680673e+00 2.896951994759216012e-03
1.059952357886963181e+00 2.896729339680217345e-03
1.061012840397692836e+00 2.896409759312713363e-03
1.062074383921351339e+00 2.896348001410189651e-03
1.063136989519481546e+00 2.896343012217077184e-03
1.064200658254688792e+00 2.896460916556342982e-03
1.065265391190642452e+00 2.896488383660278040e-03
1.066331189392076162e+00 2.896451586396682487e-03
1.067398053924788259e+00 2.896127490022294085e-03
1.068465985855643563e+00 2.895811864932081991e-03
1.069534986252574260e+00 2.895518457852131779e-03
1.070605056184579462e+00 2.895226725520071848e-03
1.071676196721730756e+00 2.895067940663026071e-03
1.072748408935168429e+00 2.894924660722959960e-03
1.073821693897103469e+00 2.894892743552642672e-03
1.074896052680821112e+00 2.894907206580244613e-03
1.075971486360680407e+00 2.895019758607123711e-03
1.077047996012116871e+00 2.895077781262591320e-03
1.078125582711639385e+00 2.895222894247357400e-03
1.079204247536833972e+00 2.895373279593249291e-03
1.080283991566367119e+00 2.895607875208479169e-03
1.081364815879982011e+00 2.896078360350847966e-03
1.082446721558502079e+00 2.896803653958165276e-03
1.083529709683832998e+00 2.897594357939305230e-03
1.084613781338964023e+00 2.898617669366243023e-03
1.085698937607967762e+00 2.900012696197752649e-03
1.086785179575999072e+00 2.901309194381608385e-03
1.087872508329299936e+00 2.902699797746993368e-03
1.088960924955200360e+00 2.904300065550752610e-03
1.090050430542115478e+00 2.905298963450957637e-03
1.091141026179552442e+00 2.906046072703049113e-03
1.092232712958106200e+00 2.906710603966075352e-03
1.093325491969463270e+00 2.906723144327203780e-03
1.094419364306403519e+00 2.906675700049174069e-03
1.095514331062799718e+00 2.906522855319174786e-03
1.096610393333617983e+00 2.906077387572075094e-03
1.097707552214920890e+00 2.905788644336958215e-03
1.098805808803868134e+00 2.905709078816620140e-03
1.099905164198715202e+00 2.905478258055384753e-03
1.101005619498818477e+00 2.904501642337524621e-03
1.102107175804632577e+00 2.904997381277022849e-03
1.103209834217713237e+00 2.906252900441091275e-03
1.104313595840720197e+00 2.907866133645250518e-03
1.105418461777413652e+00 2.910005605338099322e-03
1.106524433132661356e+00 2.913759139624772822e-03
1.107631511012435288e+00 2.913988156111159758e-03
1.108739696523812546e+00 2.916805176972925642e-03
1.109848990774979782e+00 2.917540652209017413e-03
1.110959394875229211e+00 2.917690691354321575e-03
1.112070909934964602e+00 2.918865481966233071e-03
1.113183537065703277e+00 2.921201892102420154e-03
1.114297277380072559e+00 2.923550413574018368e-03
1.115412131991812217e+00 2.926006856893952589e-03
1.116528102015776458e+00 2.928141718051249960e-03
1.117645188567933490e+00 2.930579186253912463e-03
1.118763392765371512e+00 2.932446550112986425e-03
1.119882715726297162e+00 2.933974150721541368e-03
1.121003158570033076e+00 2.934719225544410968e-03
1.122124722417020326e+00 2.935350794306831879e-03
1.123247408388822866e+00 2.935947792162110596e-03
1.124371217608127527e+00 2.935259362603810651e-03
1.125496151198744688e+00 2.935461926375691321e-03
1.126622210285607384e+00 2.936031757826396658e-03
1.127749395994771975e+00 2.935328498699193121e-03
1.128877709453426359e+00 2.930659701545052474e-03
1.130007151789885311e+00 2.929170169990483533e-03
1.131137724133588929e+00 2.927178476855194118e-03
1.132269427615111068e+00 2.925371227028578623e-03
1.133402263366155127e+00 2.925872765531689190e-03
1.134536232519556265e+00 2.932077319950641015e-03
1.135671336209286064e+00 2.937872555017356953e-03
1.136807575570448314e+00 2.942040711991946670e-03
1.137944951739279231e+00 2.939274840772384406e-03
1.139083465853155674e+00 2.935199611692966559e-03
1.140223119050594480e+00 2.932834327294035238e-03
1.141363912471246245e+00 2.931948935513082125e-03
1.142505847255904872e+00 2.931230693540283309e-03
1.143648924546506684e+00 2.931021525342201832e-03
1.144793145486128871e+00 2.930835836502059585e-03
1.145938511218992373e+00 2.931021204298444281e-03
1.147085022890461214e+00 2.930869320241984415e-03
1.148232681647048281e+00 2.932615338956030306e-03
1.149381488636412874e+00 2.934263877896087312e-03
1.150531445007361153e+00 2.936100360166885113e-03
1.151682551909849916e+00 2.938923506228734682e-03
1.152834810494985263e+00 2.941649547965876407e-03
1.153988221915028811e+00 2.944634891947974474e-03
1.155142787323389930e+00 2.947157911338189537e-03
1.156298507874635062e+00 2.949450366362500395e-03
1.157455384724486835e+00 2.949904503917360251e-03
1.158613419029816960e+00 2.950157935451959076e-03
1.159772611948661325e+00 2.949676587141615743e-03
1.160932964640214893e+00 2.948060921513773885e-03
1.162094478264829478e+00 2.946252426873910250e-03
1.163257153984020631e+00 2.943874614332390050e-03
1.164420992960464529e+00 2.941215597324272572e-03
1.165585996357997089e+00 2.939732977159372537e-03
1.166752165341621739e+00 2.937974158675154494e-03
1.167919501077509192e+00 2.937714376009606387e-03
1.169088004732994568e+00 2.939714634647268721e-03
1.170257677476581604e+00 2.942433000302486709e-03
1.171428520477943325e+00 2.950152464137010232e-03
1.172600534907923375e+00 2.958603580672407481e-03
1.173773721938536241e+00 2.959543553829407491e-03
1.174948082742969024e+00 2.955195624770924102e-03
1.176123618495583001e+00 2.949682069730925373e-03
1.177300330371911397e+00 2.944640636658246192e-03
1.178478219548668493e+00 2.942600156138162806e-03
1.179657287203744964e+00 2.941597515068982045e-03
1.180837534516205212e+00 2.941304123866879915e-03
1.182018962666298245e+00 2.941259665247913935e-03
1.183201572835452797e+00 2.941329938116462456e-03
1.184385366206279766e+00 2.940861128051649488e-03
1.185570343962571549e+00 2.940536540935820113e-03
1.186756507289305596e+00 2.942054098865714597e-03
1.187943857372644185e+00 2.941481827747333480e-03
1.189132395399938202e+00 2.940364346348612982e-03
1.190322122559727358e+00 2.940818577346852175e-03
1.191513040041739746e+00 2.940376328785566235e-03
1.192705149036892065e+00 2.939370875920665604e-03
1.193898450737292283e+00 2.938519202696758363e-03
1.195092946336242523e+00 2.936795994864118894e-03
1.196288637028239288e+00 2.935344703836508494e-03
1.197485524008971902e+00 2.934180125303316542e-03
1.198683608475328288e+00 2.932755154594691212e-03
1.199882891625392523e+00 2.930909935602672364e-03
1.201083374658448388e+00 2.929026135331544954e-03
1.202285058774978488e+00 2.928005178216594277e-03
1.203487945176667351e+00 2.926748121312671563e-03
1.204692035066401878e+00 2.925300881629453939e-03
1.205897329648271787e+00 2.924015144464833620e-03
1.207103830127570721e+00 2.922536793054954056e-03
1.208311537710799799e+00 2.920885423528966473e-03
1.209520453605668511e+00 2.919414729010234508e-03
1.210730579021092268e+00 2.918267904340052493e-03
1.211941915167195072e+00 2.916458482172239880e-03
1.213154463255313065e+00 2.915578830660129489e-03
1.214368224497995641e+00 2.914506067784346580e-03
1.215583200109004336e+00 2.913582470696764182e-03
1.216799391303313715e+00 2.913244368957526153e-03
1.218016799297116037e+00 2.912587028392236814e-03
1.219235425307820142e+00 2.911530686146377410e-03
1.220455270554050786e+00 2.910563384998219628e-03
1.221676336255654416e+00 2.909945949707533688e-03
1.222898623633697612e+00 2.909277819349550924e-03
1.224122133910464649e+00 2.909015798921581273e-03
1.225346868309468595e+00 2.908498339299460736e-03
1.226572828055445985e+00 2.908379365415721986e-03
1.227800014374351933e+00 2.907786613651335787e-03
1.229028428493374347e+00 2.906849339896065264e-03
1.230258071640927708e+00 2.906763674685922290e-03
1.231488945046652184e+00 2.905783907880663767e-03
1.232721049941425173e+00 2.904983547502220514e-03
1.233954387557350874e+00 2.904841321996777352e-03
1.235188959127763386e+00 2.904609607714294956e-03
1.236424765887237598e+00 2.903862535462960973e-03
1.237661809071581853e+00 2.902735740421721802e-03
1.238900089917839509e+00 2.902259574985852249e-03
1.240139609664291376e+00 2.902352753353817233e-03
1.241380369550453722e+00 2.902120343599972046e-03
1.242622370817087374e+00 2.901312610166276954e-03
1.243865614706197942e+00 2.900918468522388147e-03
1.245110102461026935e+00 2.900882839403770910e-03
1.246355835326061534e+00 2.900381053209638137e-03
1.247602814547033478e+00 2.900135264933195040e-03
1.248851041370924841e+00 2.899492338680861175e-03
1.250100517045962700e+00 2.899162711356209447e-03
1.251351242821620691e+00 2.899026873511663036e-03
1.252603219948625890e+00 2.898352254746342817e-03
1.253856449678957707e+00 2.898160298373791272e-03
1.255110933265842998e+00 2.897961017117049645e-03
1.256366671963763171e+00 2.897702185319418061e-03
1.257623667028460623e+00 2.897202349743739809e-03
1.258881919716930087e+00 2.896395662189341948e-03
1.260141431287421954e+00 2.895883287282297047e-03
1.261402202999453381e+00 2.895687551971788676e-03
1.262664236113794747e+00 2.895200924688507305e-03
1.263927531892475642e+00 2.894638326020349331e-03
1.265192091598793755e+00 2.894460254661419731e-03
1.266457916497307101e+00 2.894431217131308853e-03
1.267725007853840458e+00 2.894309632236486546e-03
1.268993366935489364e+00 2.894093955397433401e-03
1.270262995010613016e+00 2.894022432657157064e-03
1.271533893348834932e+00 2.894312455178819563e-03
1.272806063221056050e+00 2.894226235053063562e-03
1.274079505899448517e+00 2.894328384235449712e-03
1.275354222657453018e+00 2.894373798357006804e-03
1.276630214769785443e+00 2.895184246143639624e-03
1.277907483512440212e+00 2.895391700015458557e-03
1.279186030162684506e+00 2.896237447784380612e-03
1.280465855999067148e+00 2.896924407116768622e-03
1.281746962301411275e+00 2.897363601358120006e-03
1.283029350350822995e+00 2.898486908632665233e-03
1.284313021429691171e+00 2.899392080750222249e-03
1.285597976821686306e+00 2.899570968891482421e-03
1.286884217811765874e+00 2.900299449213662208e-03
1.288171745686169212e+00 2.901804145801037925e-03
1.289460561732425514e+00 2.902924866798550340e-03
1.290750667239352723e+00 2.903752295288750812e-03
1.292042063497055082e+00 2.905171671680494873e-03
1.293334751796928028e+00 2.905901037179196150e-03
1.294628733431660184e+00 2.907187910496480173e-03
1.295924009695232693e+00 2.907774055671995782e-03
1.297220581882923440e+00 2.908937733866241108e-03
1.298518451291303943e+00 2.909636457768850770e-03
1.299817619218243570e+00 2.910898968121519888e-03
1.301118086962911757e+00 2.912242319130617547e-03
1.302419855825775574e+00 2.913162275136970888e-03
1.303722927108603713e+00 2.913039887554645310e-03
1.305027302114467824e+00 2.914136570153205361e-03
1.306332982147742738e+00 2.915528762108397353e-03
1.307639968514106243e+00 2.916638034047303648e-03
1.308948262520545081e+00 2.916657045526224300e-03
1.310257865475357386e+00 2.916617316935757841e-03
1.311568778688145365e+00 2.919113541914864201e-03
1.312881003469822394e+00 2.920911051265495315e-03
1.314194541132613248e+00 2.921024478184600787e-03
1.315509392990052095e+00 2.920225571604261570e-03
1.316825560356992275e+00 2.922498296494708062e-03
1.318143044549605181e+00 2.923057029776923721e-03
1.319461846885372491e+00 2.922980544712175041e-03
1.320781968683094609e+00 2.925356926156383840e-03
1.322103411262894657e+00 2.924527710185740193e-03
1.323426175946215588e+00 2.924816396078138390e-03
1.324750264055823967e+00 2.924459989094749593e-03
1.326075676915806634e+00 2.924467210089414220e-03
1.327402415851577810e+00 2.928837756236267725e-03
1.328730482189877105e+00 2.933420849974785818e-03
1.330059877258766621e+00 2.935788173643821049e-03
1.331390602387644506e+00 2.944256551306231699e-03
1.332722658907238511e+00 2.941661790527493221e-03
1.334056048149601548e+00 2.937178453582498742e-03
1.335390771448121905e+00 2.935222441989236795e-03
1.336726830137523470e+00 2.935204797217540532e-03
1.338064225553867281e+00 2.934457390911521593e-03
1.339402959034549756e+00 2.935054929585956263e-03
1.340743031918303130e+00 2.935950283201338353e-03
1.342084445545197235e+00 2.937049013378485555e-03
1.343427201256649495e+00 2.936928594584877102e-03
1.344771300395417146e+00 2.937829529432269601e-03
1.346116744305594359e+00 2.939273557528976170e-03
1.347463534332628665e+00 2.939655468417993849e-03
1.348811671823311853e+00 2.940154688021947519e-03
1.350161158125778860e+00 2.941138520307292302e-03
1.351511994589517540e+00 2.941851546367557635e-03
1.352864182565362894e+00 2.942296110773456441e-03
1.354217723405502616e+00 2.941510864971040584e-03
1.355572618463477541e+00 2.942061996398551930e-03
1.356928869094182311e+00 2.944415768357298499e-03
1.358286476653869368e+00 2.949512143917898919e-03
1.359645442500145185e+00 2.951461562915081577e-03
1.361005767991978699e+00 2.950031407186514201e-03
1.362367454489693541e+00 2.948855579177847835e-03
1.363730503354976253e+00 2.945275955810205959e-03
1.365094915950876286e+00 2.941966630358349571e-03
1.366460693641805557e+00 2.942316142452392272e-03
1.367827837793544221e+00 2.942496064074625554e-03
1.369196349773232901e+00 2.942741818592520611e-03
1.370566230949384456e+00 2.946021730193110026e-03
1.371937482691882648e+00 2.948228517821806054e-03
1.373310106371978812e+00 2.949800060488934426e-03
1.374684103362296073e+00 2.949946120999297552e-03
1.376059475036832236e+00 2.949979611086961124e-03
1.377436222770957119e+00 2.950731202455443743e-03
1.378814347941416329e+00 2.951947820519733225e-03
1.380193851926337034e+00 2.952013584155128642e-03
1.381574736105227075e+00 2.952243917502313068e-03
1.382957001858968082e+00 2.951866358052674354e-03
1.384340650569826359e+00 2.952556747304864535e-03
1.385725683621453097e+00 2.952777377762271730e-03
1.387112102398877056e+00 2.952129303436743998e-03
1.388499908288514106e+00 2.950532873743282221e-03
1.389889102678176336e+00 2.950841066074196516e-03
1.391279686957059170e+00 2.950792340220885143e-03
1.392671662515744480e+00 2.951775650439558783e-03
1.394065030746209910e+00 2.952771503991495974e-03
1.395459793041823549e+00 2.953037856535426289e-03
1.396855950797346368e+00 2.953423006452220861e-03
1.398253505408935560e+00 2.954474842751562448e-03
1.399652458274146971e+00 2.952709325039050772e-03
1.401052810791931336e+00 2.952763377507112118e-03
1.402454564362640488e+00 2.950918597671213159e-03
1.403857720388033359e+00 2.950228381879041028e-03
1.405262280271267539e+00 2.949300855322624110e-03
1.406668245416895724e+00 2.949379808862145035e-03
1.408075617230885701e+00 2.949028300587248040e-03
1.409484397120611021e+00 2.948126667065706624e-03
1.410894586494849667e+00 2.946480827560728731e-03
1.412306186763792493e+00 2.945791976183680452e-03
1.413719199339038557e+00 2.945604641733197068e-03
1.415133625633601788e+00 2.945189593068573385e-03
1.416549467061908762e+00 2.945466770992723540e-03
1.417966725039802256e+00 2.945779785869407676e-03
1.419385400984539025e+00 2.945085769926099502e-03
1.420805496314794913e+00 2.945548512191935656e-03
1.422227012450665296e+00 2.944977613113384813e-03
1.423649950813663079e+00 2.944374706654468050e-03
1.425074312826731360e+00 2.943140489443124390e-03
1.426500099914232100e+00 2.942382598895188980e-03
1.427927313501950124e+00 2.942439688942120619e-03
1.429355955017101332e+00 2.941163664556913082e-03
1.430786025888328483e+00 2.941683528195395900e-03
1.432217527545700975e+00 2.940093207312618855e-03
1.433650461420720168e+00 2.938797171130149485e-03
1.435084828946318947e+00 2.937860428816743436e-03
1.436520631556862826e+00 2.937364518278596723e-03
1.437957870688159057e+00 2.937363482721034279e-03
1.439396547777445301e+00 2.938046788837893157e-03
1.440836664263399847e+00 2.937930584169478904e-03
1.442278221586138942e+00 2.937171862856307811e-03
1.443721221187219905e+00 2.935232017759433973e-03
1.445165664509644454e+00 2.934182034910484682e-03
1.446611552997854488e+00 2.934686921868124524e-03
1.448058888097737640e+00 2.933102483250892359e-03
1.449507671256628161e+00 2.932741870546744928e-03
1.450957903923310921e+00 2.932472445712841838e-03
1.452409587548018299e+00 2.932148178455072206e-03
1.453862723582431071e+00 2.931833021382966586e-03
1.455317313479687957e+00 2.930893336817575086e-03
1.456773358694377629e+00 2.929950061816649631e-03
1.458230860682547148e+00 2.929036965288994449e-03
1.459689820901702628e+00 2.928205260632584656e-03
1.461150240810803247e+00 2.928121066690626221e-03
1.462612121870266346e+00 2.926976391779685053e-03
1.464075465541970544e+00 2.927468382566669660e-03
1.465540273289261508e+00 2.927319607835909485e-03
1.467006546576947734e+00 2.925731623420587714e-03
1.468474286871301882e+00 2.924531839543371634e-03
1.469943495640066322e+00 2.923265770947062678e-03
1.471414174352450921e+00 2.924352057577925355e-03
1.472886324479134590e+00 2.925582316769080073e-03
1.474359947492264622e+00 2.924492706941787552e-03
1.475835044865461132e+00 2.922347880521165148e-03
1.477311618073823940e+00 2.920307820723199929e-03
1.478789668593927464e+00 2.919804262140235536e-03
1.480269197903824496e+00 2.919346826711014496e-03
1.481750207483043980e+00 2.918518824663976149e-03
1.483232698812595229e+00 2.918243892560369417e-03
1.484716673374970375e+00 2.917089336757113828e-03
1.486202132654143915e+00 2.915527750605457352e-03
1.487689078135571830e+00 2.915002150610506576e-03
1.489177511306200907e+00 2.914817369356783108e-03
1.490667433654462082e+00 2.913907204067880952e-03
1.492158846670277539e+00 2.914643264307662310e-03
1.493651751845064934e+00 2.913030179991153538e-03
1.495146150671732066e+00 2.912140133118678968e-03
1.496642044644675762e+00 2.910794204010519817e-03
1.498139435259789654e+00 2.909744218264979573e-03
1.499638324014464175e+00 2.910180087052712319e-03
1.501138712407587894e+00 2.911228155225649254e-03
1.502640601939549292e+00 2.911465252936492297e-03
1.504143994112236538e+00 2.910602645302730936e-03
1.505648890429041931e+00 2.910550236221403578e-03
1.507155292394863233e+00 2.909717834943180165e-03
1.508663201516102337e+00 2.908698159280398259e-03
1.510172619300667263e+00 2.907205696490236090e-03
1.511683547257977489e+00 2.906612572911679727e-03
1.513195986898960399e+00 2.906247905690587455e-03
1.514709939736056388e+00 2.905401329198877090e-03
1.516225407283221971e+00 2.904369805404717706e-03
1.517742391055919793e+00 2.903968267579053360e-03
1.519260892571135058e+00 2.904408247461738417e-03
1.520780913347369978e+00 2.903430435162454061e-03
1.522302454904641111e+00 2.902526229511992201e-03
1.523825518764496234e+00 2.902780477731014240e-03
1.525350106449998355e+00 2.902866448618346071e-03
1.526876219485730601e+00 2.902216820737917296e-03
1.528403859397809539e+00 2.901466454128830575e-03
1.529933027713875626e+00 2.901700119833157399e-03
1.531463725963096323e+00 2.901678733066018027e-03
1.532995955676171640e+00 2.901990604399406516e-03
1.534529718385328367e+00 2.902565264666160695e-03
1.536065015624331398e+00 2.902140714328408592e-03
1.537601848928477732e+00 2.901561261464794678e-03
1.539140219834601586e+00 2.900717927585972147e-03
1.540680129881076166e+00 2.900911167277889398e-03
1.542221580607809006e+00 2.899802055200101369e-03
1.543764573556249298e+00 2.899371141057228811e-03
1.545309110269391661e+00 2.900094236929799327e-03
1.546855192291775483e+00 2.900840420640464750e-03
1.548402821169480026e+00 2.899910511251562253e-03
1.549951998450135093e+00 2.899350585314501919e-03
1.551502725682915251e+00 2.903863209380597513e-03
1.553055004418552043e+00 2.906769251180074155e-03
1.554608836209321776e+00 2.906513944985645182e-03
1.556164222609055736e+00 2.906626637849000876e-03
1.557721165173142852e+00 2.905285101334465631e-03
1.559279665458526809e+00 2.907106405617821028e-03
1.560839725023707159e+00 2.908606758931548027e-03
1.562401345428738431e+00 2.908608285426179680e-03
1.563964528235243456e+00 2.908649710233535742e-03
1.565529275006407373e+00 2.907894433890695352e-03
1.567095587306978954e+00 2.909472932917907609e-03
1.568663466703268616e+00 2.910613967712108625e-03
1.570232914763154186e+00 2.910868176792140438e-03
1.571803933056086233e+00 2.909921731267270037e-03
1.573376523153083406e+00 2.908400432373885180e-03
1.574950686626736207e+00 2.907726826293468778e-03
1.576526425051205660e+00 2.908079135671056033e-03
1.578103740002232414e+00 2.908447500498830083e-03
1.579682633057129193e+00 2.908301455405993587e-03
1.581263105794789903e+00 2.908580238897057971e-03
1.582845159795690959e+00 2.907604674401948613e-03
1.584428796641883297e+00 2.906815248632552140e-03
1.586014017917000585e+00 2.906710334693064779e-03
1.587600825206265887e+00 2.906647515027241391e-03
1.589189220096486999e+00 2.907700558433028160e-03
1.590779204176061778e+00 2.908427032708722770e-03
1.592370779034972816e+00 2.909566526817222373e-03
1.593963946264796538e+00 2.910577197088918232e-03
1.595558707458699654e+00 2.912380507051331915e-03
1.597155064211443820e+00 2.915081385730097525e-03
1.598753018119386970e+00 2.916912883299213090e-03
1.600352570780481987e+00 2.919130329488456299e-03
1.601953723794279805e+00 2.920419937450824920e-03
1.603556478761936521e+00 2.923336472830519867e-03
1.605160837286207842e+00 2.925151742725744589e-03
1.606766800971446418e+00 2.927782392164350773e-03
1.608374371423619609e+00 2.929201496834000357e-03
1.609983550250299711e+00 2.931161412082601385e-03
1.611594339060662628e+00 2.933939351397807545e-03
1.613206739465496975e+00 2.935488656950049034e-03
1.614820753077206072e+00 2.938481631589004352e-03
1.616436381509801290e+00 2.937332716382700520e-03
1.618053626378912035e+00 2.940566263086109682e-03
1.619672489301787088e+00 2.943551132438645534e-03
1.621292971897287050e+00 2.944486226993129219e-03
1.622915075785891670e+00 2.945106420546010628e-03
1.624538802589707176e+00 2.943666156010700183e-03
1.626164153932458944e+00 2.947690530748215548e-03
1.627791131439499495e+00 2.949552165125035423e-03
1.629419736737808710e+00 2.946698426906837337e-03
1.631049971455992953e+00 2.948772544478990652e-03
1.632681837224285060e+00 2.949710073229223819e-03
1.634315335674550784e+00 2.946883768421947568e-03
1.635950468440285910e+00 2.947489897220947029e-03
1.637587237156621134e+00 2.945643641881621165e-03
1.639225643460328952e+00 2.944784567315438320e-03
1.640865688989819882e+00 2.946210657723955916e-03
1.642507375385137580e+00 2.945004169275873464e-03
1.644150704287967502e+00 2.945290044686163337e-03
1.645795677341638452e+00 2.947114613210754554e-03
1.647442296191123257e+00 2.948690427834734559e-03
1.649090562483041200e+00 2.950089070087599710e-03
1.650740477865659139e+00 2.947414180742971568e-03
1.652392043988892389e+00 2.943572954985667137e-03
1.654045262504306946e+00 2.944422796640229403e-03
1.655700135065121037e+00 2.950923175210532108e-03
1.657356663326206681e+00 2.951001208980335612e-03
1.659014848944093901e+00 2.947832706123336075e-03
1.660674693576969618e+00 2.944529210198223827e-03
1.662336198884679206e+00 2.943687088315595675e-03
1.663999366528727597e+00 2.944604267741504286e-03
1.665664198172280175e+00 2.953585295229951488e-03
1.667330695480168323e+00 2.960062753918139139e-03
1.668998860118890315e+00 2.962944440042919979e-03
1.670668693756610423e+00 2.957499028445712518e-03
1.672340198063163363e+00 2.956847782354971466e-03
1.674013374710054736e+00 2.954966234232261468e-03
1.675688225370461693e+00 2.951083736310811112e-03
1.677364751719235381e+00 2.950480135634133815e-03
1.679042955432901163e+00 2.948941081377080484e-03
1.680722838189662172e+00 2.950379046759849400e-03
1.682404401669400640e+00 2.948634804016341676e-03
1.684087647553678346e+00 2.949825581738869419e-03
1.685772577525743277e+00 2.949886502272008361e-03
1.687459193270526736e+00 2.950514716981006251e-03
1.689147496474642685e+00 2.951287825743992201e-03
1.690837488826394841e+00 2.952761577001380196e-03
1.692529172015778904e+00 2.954653757104751081e-03
1.694222547734476558e+00 2.956819242453044474e-03
1.695917617675862132e+00 2.956430750923166872e-03
1.697614383535007043e+00 2.958207802210894091e-03
1.699312847008676020e+00 2.959526453365189224e-03
1.701013009795334652e+00 2.960321227955609816e-03
1.702714873595143619e+00 2.959841841681881691e-03
1.704418440109970900e+00 2.957791429162764333e-03
1.706123711043382896e+00 2.956291666669759975e-03
1.707830688100642424e+00 2.955655983030840497e-03
1.709539372988733374e+00 2.954905094563467158e-03
1.711249767416338718e+00 2.958795016914182036e-03
1.712961873093852061e+00 2.959827604994110309e-03
1.714675691733381635e+00 2.958268979313317081e-03
1.716391225048744973e+00 2.952612083489829058e-03
1.718108474755477122e+00 2.951343421278417901e-03
1.719827442570826870e+00 2.949680311494872961e-03
1.721548130213762073e+00 2.950044328034849908e-03
1.723270539404973212e+00 2.950941336977774138e-03
1.724994671866867391e+00 2.951909250010328369e-03
1.726720529323575670e+00 2.954876190883813040e-03
1.728448113500954619e+00 2.957650305433346186e-03
1.730177426126591422e+00 2.957564674910982336e-03
1.731908468929799882e+00 2.956678421295764678e-03
1.733641243641623975e+00 2.957032361744047974e-03
1.735375751994837401e+00 2.956290377012111073e-03
1.737111995723943592e+00 2.955214924782212024e-03
1.738849976565191469e+00 2.955028911646455543e-03
1.740589696256562569e+00 2.953548137311329692e-03
1.742331156537773262e+00 2.952063229092033100e-03
1.744074359150284748e+00 2.950833353223436539e-03
1.745819305837302604e+00 2.949815625932010812e-03
1.747565998343771909e+00 2.950085679176229873e-03
1.749314438416384787e+00 2.950176204583830012e-03
1.751064627803578855e+00 2.949410209377803689e-03
1.752816568255545659e+00 2.949444285582430818e-03
1.754570261524226682e+00 2.950864561766713100e-03
1.756325709363313337e+00 2.950397681162406430e-03
1.758082913528259406e+00 2.950919629410650100e-03
1.759841875776264164e+00 2.950996857751928514e-03
1.761602597866290143e+00 2.950579443593853105e-03
1.763365081559061576e+00 2.951604565808445269e-03
1.765129328617062621e+00 2.951303938767327502e-03
1.766895340804538028e+00 2.950590155353765339e-03
1.768663119887500246e+00 2.950497080555901201e-03
1.770432667633730528e+00 2.952871284566176320e-03
1.772203985812774718e+00 2.954069629714199761e-03
1.773977076195953018e+00 2.954502058937919558e-03
1.775751940556356212e+00 2.950435480269923173e-03
1.777528580668849223e+00 2.946878263277035587e-03
1.779306998310069110e+00 2.943870032400164923e-03
1.781087195258436395e+00 2.943557290638510078e-03
1.782869173294147958e+00 2.945138325865278260e-03
1.784652934199179475e+00 2.947881067701505712e-03
1.786438479757295417e+00 2.949203237386607834e-03
1.788225811754038830e+00 2.951285994876419634e-03
1.790014931976740220e+00 2.954516821041251393e-03
1.791805842214524880e+00 2.955395826379728953e-03
1.793598544258301342e+00 2.954371917605550044e-03
1.795393039900771148e+00 2.952125976108729323e-03
1.797189330936433072e+00 2.950267437545449865e-03
1.798987419161574230e+00 2.947546332338651931e-03
1.800787306374282082e+00 2.946494417419842637e-03
1.802588994374447084e+00 2.945874835029175381e-03
1.804392484963757148e+00 2.945457679972459698e-03
1.806197779945701409e+00 2.943762326837237337e-03
1.808004881125578445e+00 2.942466751359523128e-03
1.809813790310486503e+00 2.941561875744632716e-03
1.811624509309332831e+00 2.942458915427379092e-03
1.813437039932837891e+00 2.942315882922211939e-03
1.815251383993535805e+00 2.942091955411067078e-03
1.817067543305768362e+00 2.941280742476214301e-03
1.818885519685696339e+00 2.943286522727179069e-03
1.820705314951296394e+00 2.942193436284219320e-03
1.822526930922362842e+00 2.941245910932993417e-03
1.824350369420509876e+00 2.941170833402082484e-03
1.826175632269178672e+00 2.941279974294011990e-03
1.828002721293634281e+00 2.941735205690785594e-03
1.829831638320961185e+00 2.940195077413760780e-03
1.831662385180077957e+00 2.940916389770186629e-03
1.833494963701736369e+00 2.942263395989209822e-03
1.835329375718512734e+00 2.942834495356801659e-03
1.837165623064816344e+00 2.942331372347956574e-03
1.839003707576895463e+00 2.942973724175510994e-03
1.840843631092833554e+00 2.940448412265446194e-03
1.842685395452556607e+00 2.940298498039398828e-03
1.844529002497830250e+00 2.938299745738484972e-03
1.846374454072257976e+00 2.938352003507472502e-03
1.848221752021293796e+00 2.939014327549106104e-03
1.850070898192236912e+00 2.939824434263591836e-03
1.851921894434231275e+00 2.937375124219016899e-03
1.853774742598273795e+00 2.937070903973092086e-03
1.855629444537212569e+00 2.936256271852962819e-03
1.857486002105753542e+00 2.936301601336135068e-03
1.859344417160451179e+00 2.935814433760999907e-03
1.861204691559718905e+00 2.933572669018967571e-03
1.863066827163835537e+00 2.933350160641306614e-03
1.864930825834933525e+00 2.933704650383713985e-03
1.866796689437008716e+00 2.932579494969373909e-03
1.868664419835927903e+00 2.931374525746860589e-03
1.870534018899425055e+00 2.931112496105131842e-03
1.872405488497095316e+00 2.930913280845983890e-03
1.874278830500408777e+00 2.929612238589786657e-03
1.876154046782708917e+00 2.929362045107073050e-03
1.878031139219214163e+00 2.928811566114999411e-03
1.879910109687015440e+00 2.927726535533948637e-03
1.881790960065083063e+00 2.927577206111011722e-03
1.883673692234267838e+00 2.927237249147155232e-03
1.885558308077303735e+00 2.926670747938685084e-03
1.887444809478806107e+00 2.925876232976612826e-03
1.889333198325271468e+00 2.925771021191218672e-03
1.891223476505090817e+00 2.925435223253051997e-03
1.893115645908544309e+00 2.924059983784504501e-03
1.895009708427802808e+00 2.924027366108848149e-03
1.896905665956926557e+00 2.924360653504115386e-03
1.898803520391874500e+00 2.923479194090285171e-03
1.900703273630501844e+00 2.923230590455215289e-03
1.902604927572561166e+00 2.923013223977904279e-03
1.904508484119706857e+00 2.923737276676804768e-03
1.906413945175493785e+00 2.922795055110201726e-03
1.908321312645386625e+00 2.921822465345729099e-03
1.910230588436751864e+00 2.922512384819676498e-03
1.912141774458864463e+00 2.923526474753020826e-03
1.914054872622910297e+00 2.921742617913573783e-03
1.915969884841984605e+00 2.921054552528501002e-03
1.917886813031101978e+00 2.920976008448718329e-03
1.919805659107191032e+00 2.922836981726017590e-03
1.921726424989099069e+00 2.923767407427008223e-03
1.923649112597595190e+00 2.922976188044924123e-03
1.925573723855365182e+00 2.921356087965490313e-03
1.927500260687016409e+00 2.920470296939975310e-03
1.929428725019089796e+00 2.920417385658602948e-03
1.931359118780051842e+00 2.921064708578714926e-03
1.933291443900291728e+00 2.921485289268391065e-03
1.935225702312133089e+00 2.920622783199570624e-03
1.937161895949837120e+00 2.921630751288655133e-03
1.939100026749601025e+00 2.922708843612254262e-03
1.941040096649554014e+00 2.922595747638690594e-03
1.942982107589765972e+00 2.923322441687578772e-03
1.944926061512247673e+00 2.923958637244206127e-03
1.946871960360953446e+00 2.924828242213978885e-03
1.948819806081781847e+00 2.925166022928167055e-03
1.950769600622574540e+00 2.924193926621700655e-03
1.952721345933129404e+00 2.924591341212479968e-03
1.954675043965192760e+00 2.924138523183668435e-03
1.956630696672465364e+00 2.924008656305695196e-03
1.958588306010599522e+00 2.922864488084330609e-03
1.960547873937202201e+00 2.921382903634003273e-03
1.962509402411841242e+00 2.921645402736801865e-03
1.964472893396044695e+00 2.921497562938473076e-03
1.966438348853305484e+00 2.921014744184202531e-03
1.968405770749081407e+00 2.920356567325981152e-03
1.970375161050789359e+00 2.920004965597952640e-03
1.972346521727821544e+00 2.918571644662121441e-03
1.974319854751539927e+00 2.917439828122124230e-03
1.976295162095277336e+00 2.916955472102439328e-03
1.978272445734343465e+00 2.916311153746046266e-03
1.980251707646021986e+00 2.915762439340592680e-03
1.982232949809572320e+00 2.915217986097336060e-03
1.984216174206235195e+00 2.914971051563162736e-03
1.986201382819236860e+00 2.914110055626348717e-03
1.988188577633788201e+00 2.914094808911378738e-03
1.990177760637084958e+00 2.914362173603815553e-03
1.992168933818306620e+00 2.914268901342929787e-03
1.994162099168625746e+00 2.916353250758381074e-03
1.996157258681210633e+00 2.918916177509014130e-03
1.998154414351219765e+00 2.922062887718398800e-03
2.000153568175812691e+00 2.923703488721205584e-03
2.002154722154140476e+00 2.924635180422204168e-03
2.004157878287355921e+00 2.925355521271506571e-03
2.006163038578616220e+00 2.925353767470900961e-03
2.008170205033081412e+00 2.925007536098798468e-03
2.010179379657917487e+00 2.925307008435169918e-03
2.012190564462303932e+00 2.926189469246656336e-03
2.014203761457421749e+00 2.926854871256522658e-03
2.016218972656465880e+00 2.926519273065337524e-03
2.018236200074653208e+00 2.926718396251698148e-03
2.020255445729208343e+00 2.926474909941602191e-03
2.022276711639375613e+00 2.926350038909408986e-03
2.024299999826424390e+00 2.925192754620648157e-03
2.026325312313641991e+00 2.924908451068045263e-03
2.028352651126337669e+00 2.924467238276957665e-03
2.030382018291853274e+00 2.924382841475455831e-03
2.032413415839559701e+00 2.922984060135203673e-03
2.034446845800850667e+00 2.922372639913989323e-03
2.036482310209152935e+00 2.921232596086860596e-03
2.038519811099934298e+00 2.920509992184511586e-03
2.040559350510698700e+00 2.919987921358685283e-03
2.042600930480983124e+00 2.919743152391354995e-03
2.044644553052371361e+00 2.919847397635372266e-03
2.046690220268486460e+00 2.919811495352621356e-03
2.048737934174990283e+00 2.919529624101333681e-03
2.050787696819598604e+00 2.919376196570122595e-03
2.052839510252076671e+00 2.919964732581908050e-03
2.054893376524232984e+00 2.919264066658545844e-03
2.056949297689938838e+00 2.919026117515549287e-03
2.059007275805113224e+00 2.918972643924478555e-03
2.061067312927732598e+00 2.918175617279733687e-03
2.063129411117835765e+00 2.919485677837551155e-03
2.065193572437520775e+00 2.920939213801314761e-03
2.067259798950950689e+00 2.921024114985498916e-03
2.069328092724351809e+00 2.921871346063448227e-03
2.071398455826018559e+00 2.922458041675491357e-03
2.073470890326312155e+00 2.922648361928525691e-03
2.075545398297670818e+00 2.922085917216833782e-03
2.077621981814598229e+00 2.922801472142114079e-03
2.079700642953679068e+00 2.921881629974791388e-03
2.081781383793575468e+00 2.922500832109828708e-03
2.083864206415028342e+00 2.923154202375722807e-03
2.085949112900863156e+00 2.923177170967599346e-03
2.088036105335985937e+00 2.923249940838929493e-03
2.090125185807389485e+00 2.923876278998329380e-03
2.092216356404151156e+00 2.924631035240800748e-03
2.094309619217441298e+00 2.924566323185729885e-03
2.096404976340524140e+00 2.924967236746211716e-03
2.098502429868758679e+00 2.925388324219741452e-03
2.100601981899600457e+00 2.925399560994601869e-03
2.102703634532599342e+00 2.925559600704148201e-03
2.104807389869406631e+00 2.926489160626845158e-03
2.106913250013779493e+00 2.927050092984784420e-03
2.109021217071576970e+00 2.927299138450099435e-03
2.111131293150767529e+00 2.928703272530390565e-03
2.113243480361425952e+00 2.928840771647318354e-03
2.115357780815740441e+00 2.928164747312105021e-03
2.117474196628013505e+00 2.929974446555291129e-03
2.119592729914662410e+00 2.930573700899020799e-03
2.121713382794218727e+00 2.929446463947091295e-03
2.123836157387335444e+00 2.932053782449976342e-03
2.125961055816782963e+00 2.931854289068707136e-03
2.128088080207463761e+00 2.935097290731232284e-03
2.130217232686400397e+00 2.933979660115889655e-03
2.132348515382747944e+00 2.934533227919864425e-03
2.134481930427789997e+00 2.933889275096967196e-03
2.136617479954937782e+00 2.935702705587971834e-03
2.138755166099743921e+00 2.934772049212975263e-03
2.140894990999892666e+00 2.935376048824090128e-03
2.143036956795210557e+00 2.939004831157311648e-03
2.145181065627663308e+00 2.937839136331636333e-03
2.147327319641362031e+00 2.937965210361851050e-03
2.149475720982560567e+00 2.939110303942892976e-03
2.151626271799656820e+00 2.940804422210808403e-03
2.153778974243205191e+00 2.939624671759005249e-03
2.155933830465906809e+00 2.942086162815106022e-03
2.158090842622617522e+00 2.943096592157505402e-03
2.160250012870349678e+00 2.945208793514156667e-03
2.162411343368275229e+00 2.945278425288397339e-03
2.164574836277725733e+00 2.944615128388903928e-03
2.166740493762190578e+00 2.947399395393289143e-03
2.168908317987328083e+00 2.945817630780233481e-03
2.171078311120967275e+00 2.945528829645118005e-03
2.173250475333098564e+00 2.945857168609444625e-03
2.175424812795882623e+00 2.944522561961576863e-03
2.177601325683664601e+00 2.945394871803751636e-03
2.179780016172958135e+00 2.944710303548442147e-03
2.181960886442447567e+00 2.944260161099617780e-03
2.184143938673002605e+00 2.946765256440319128e-03
2.186329175047673878e+00 2.947237567558829915e-03
2.188516597751704484e+00 2.947975028770295422e-03
2.190706208972517111e+00 2.950060858709883157e-03
2.192898010899720695e+00 2.954144164263442819e-03
2.195092005725113538e+00 2.957843003511072440e-03
2.197288195642695285e+00 2.964433009623942961e-03
2.199486582848655836e+00 2.970316622481072519e-03
2.201687169541381994e+00 2.972980797045964019e-03
2.203889957921462806e+00 2.970810702578177871e-03
2.206094950191685111e+00 2.971030547303586504e-03
2.208302148557042432e+00 2.966109935125199257e-03
2.210511555224734526e+00 2.962127114495485304e-03
2.212723172404166938e+00 2.961137167480597937e-03
2.214937002306953673e+00 2.957110734202262128e-03
2.217153047146927847e+00 2.958516482693425605e-03
2.219371309140135029e+00 2.956592354596787337e-03
2.221591790504835906e+00 2.959797534316281880e-03
2.223814493461512498e+00 2.959489808689801365e-03
2.226039420232865051e+00 2.961254403114955015e-03
2.228266573043822252e+00 2.962720603327715328e-03
2.230495954121538116e+00 2.962248916199495402e-03
2.232727565695393768e+00 2.963819587831316091e-03
2.234961409997000992e+00 2.965115070633914454e-03
2.237197489260204897e+00 2.967246423627128808e-03
2.239435805721083028e+00 2.967454871137789954e-03
2.241676361617952473e+00 2.969368318720623685e-03
2.243919159191369861e+00 2.969586913439712511e-03
2.246164200684134915e+00 2.973252772251615533e-03
2.248411488341286901e+00 2.971425971624157628e-03
2.250661024410114397e+00 2.971977298768749103e-03
2.252912811140153959e+00 2.972586392910198452e-03
2.255166850783189680e+00 2.973303122658584735e-03
2.257423145593265623e+00 2.972302564347896123e-03
2.259681697826675162e+00 2.971085053025476850e-03
2.261942509741970753e+00 2.972242614206070926e-03
2.264205583599968374e+00 2.972406801248278149e-03
2.266470921663737315e+00 2.971392856856027321e-03
2.268738526198614380e+00 2.972773274479408121e-03
2.271008399472205674e+00 2.970861215701758526e-03
2.273280543754384819e+00 2.971854250833225186e-03
2.275554961317296954e+00 2.971870268036469909e-03
2.277831654435360065e+00 2.972247385796870488e-03
2.280110625385271206e+00 2.971484162135765682e-03
2.282391876445996282e+00 2.973255921204155661e-03
2.284675409898784704e+00 2.974537612294303988e-03
2.286961228027174720e+00 2.974124119875741577e-03
2.289249333116983198e+00 2.976618959235241904e-03
2.291539727456316289e+00 2.977966017190403908e-03
2.293832413335568976e+00 2.977149747048159559e-03
2.296127393047421972e+00 2.977656829285773264e-03
2.298424668886857702e+00 2.975634319472991902e-03
2.300724243151156312e+00 2.973831219251287395e-03
2.303026118139892109e+00 2.973743343737075308e-03
2.305330296154935787e+00 2.971024159109077536e-03
2.307636779500468638e+00 2.967558594925812955e-03
2.309945570482975441e+00 2.964270951219120584e-03
2.312256671411244913e+00 2.961900040455008216e-03
2.314570084596378141e+00 2.964559782318199228e-03
2.316885812351787255e+00 2.979216787500452244e-03
2.319203856993203861e+00 2.981857245573293555e-03
2.321524220838667496e+00 2.977890214889716662e-03
2.323846906208542507e+00 2.975298188681975778e-03
2.326171915425521153e+00 2.976286183006977490e-03
2.328499250814608956e+00 2.976780323794027665e-03
2.330828914703140686e+00 2.976363737165942103e-03
2.333160909420783025e+00 2.976231667873027471e-03
2.335495237299529681e+00 2.977255471763888203e-03
2.337831900673706720e+00 2.976311683709097732e-03
2.340170901879977006e+00 2.976270492333178176e-03
2.342512243257343751e+00 2.975532638108666084e-03
2.344855927147150965e+00 2.977553058753416599e-03
2.347201955893081671e+00 2.976883994601261206e-03
2.349550331841163242e+00 2.976115305279512270e-03
2.351901057339769618e+00 2.975600931819597731e-03
2.354254134739628412e+00 2.974049205804212524e-03
2.356609566393821797e+00 2.973919864916195737e-03
2.358967354657777626e+00 2.974415415622711813e-03
2.361327501889283642e+00 2.970998653004920838e-03
2.363690010448485701e+00 2.970618590481871255e-03
2.366054882697895767e+00 2.970560750691157801e-03
2.368422121002386582e+00 2.972469634977160415e-03
2.370791727729192999e+00 2.980648075811293245e-03
2.373163705247925304e+00 2.978120277815486661e-03
2.375538055930560777e+00 2.976547381375362240e-03
2.377914782151449469e+00 2.976565739108196981e-03
2.380293886287319527e+00 2.977438068097547352e-03
2.382675370717276309e+00 2.974795722174202513e-03
2.385059237822801048e+00 2.973632782892318173e-03
2.387445489987759739e+00 2.971825591171603411e-03
2.389834129598410239e+00 2.969735453837910218e-03
2.392225159043389393e+00 2.968336801631240359e-03
2.394618580713724132e+00 2.968355467098469057e-03
2.397014397002838582e+00 2.967219640225672063e-03
2.399412610306550508e+00 2.967264926790260694e-03
2.401813223023073984e+00 2.965661420256258691e-03
2.404216237553020274e+00 2.964408105289134156e-03
2.406621656299405387e+00 2.962947400853449889e-03
2.409029481667643413e+00 2.963879421687092355e-03
2.411439716065562955e+00 2.963254757595603674e-03
2.413852361903402688e+00 2.963350661401744149e-03
2.416267421593802922e+00 2.964206356035280730e-03
2.418684897551825586e+00 2.965581682600309295e-03
2.421104792194948896e+00 2.965112023078850245e-03
2.423527107943065584e+00 2.970888766835793737e-03
2.425951847218492219e+00 2.967633608856089147e-03
2.428379012445967433e+00 2.966561068766140723e-03
2.430808606052657250e+00 2.963619817993943650e-03
2.433240630468156418e+00 2.964748112062320917e-03
2.435675088124486631e+00 2.966598349148845230e-03
2.438111981456106747e+00 2.964461585572916377e-03
2.440551312899912340e+00 2.961663742198802213e-03
2.442993084895234812e+00 2.960182130128000827e-03
2.445437299883853832e+00 2.959246792095090919e-03
2.447883960309978679e+00 2.961366004266410574e-03
2.450333068620265564e+00 2.957452621457899635e-03
2.452784627263817629e+00 2.958597627066536159e-03
2.455238638692204489e+00 2.958696945086661083e-03
2.457695105359435583e+00 2.959023336140146395e-03
2.460154029721969948e+00 2.955989683887189946e-03
2.462615414238743750e+00 2.956262273338774657e-03
2.465079261371134756e+00 2.955001899609219652e-03
2.467545573582992535e+00 2.955456254012387915e-03
2.470014353340631796e+00 2.955549330879974484e-03
2.472485603112830166e+00 2.954161362060283083e-03
2.474959325370837071e+00 2.951783753298924031e-03
2.477435522588375516e+00 2.952302707198557925e-03
2.479914197241639418e+00 2.951904022989259788e-03
2.482395351809302930e+00 2.950380196012311260e-03
2.484878988772528885e+00 2.950183825615430942e-03
2.487365110614955910e+00 2.949847180973191527e-03
2.489853719822701983e+00 2.950216494468883670e-03
2.492344818884375535e+00 2.948517957105723994e-03
2.494838410291070119e+00 2.946564995315484152e-03
2.497334496536383064e+00 2.946418346758009586e-03
2.499833080116400819e+00 2.947096907289539682e-03
2.502334163529706945e+00 2.945891904359742436e-03
2.504837749277384784e+00 2.945425782050866553e-03
2.507343839863014345e+00 2.943573976978469155e-03
2.509852437792693625e+00 2.943880818668485715e-03
2.512363545575026169e+00 2.944684944021108176e-03
2.514877165721113972e+00 2.943024748694577503e-03
2.517393300744581008e+00 2.942318098584807175e-03
2.519911953161556806e+00 2.942675408194624868e-03
2.522433125490685768e+00 2.942005830027200758e-03
2.524956820253147161e+00 2.941057802117394600e-03
2.527483039972646228e+00 2.940538582827176197e-03
2.530011787175398652e+00 2.939872952876845628e-03
2.532543064390146537e+00 2.939423878419153424e-03
2.535076874148167292e+00 2.939563911427061499e-03
2.537613218983271413e+00 2.939229408140303906e-03
2.540152101431809584e+00 2.937524186908171617e-03
2.542693524032659802e+00 2.938593664986291921e-03
2.545237489327245139e+00 2.940885859458626517e-03
2.547783999859532411e+00 2.944156384261378216e-03
2.550333058176029954e+00 2.943650050196288011e-03
2.552884666825803173e+00 2.942307377697365479e-03
2.555438828360458547e+00 2.942714747722586458e-03
2.557995545334152077e+00 2.948332785865797473e-03
2.560554820303596824e+00 2.946497121634450954e-03
2.563116655828076684e+00 2.943274247591463888e-03
2.565681054469429956e+00 2.943858630982221485e-03
2.568248018792045784e+00 2.943037749548003870e-03
2.570817551362897468e+00 2.945312224296323111e-03
2.573389654751518485e+00 2.944627026847573652e-03
2.575964331530008256e+00 2.945788202684770409e-03
2.578541584273044585e+00 2.946414727550619207e-03
2.581121415557876553e+00 2.946351557248354062e-03
2.583703827964337840e+00 2.946003667999694611e-03
2.586288824074843617e+00 2.949581160047515770e-03
2.588876406474390546e+00 2.951422899523946201e-03
2.591466577750558553e+00 2.949836104758551177e-03
2.594059340493518384e+00 2.947947919862155871e-03
2.596654697296031600e+00 2.945719015005701397e-03
2.599252650753462568e+00 2.944494634087367439e-03
2.601853203463758923e+00 2.945339639918896461e-03
2.604456358027470220e+00 2.944793886302734566e-03
2.607062117047760808e+00 2.945569301029082182e-03
2.609670483130389851e+00 2.945851823640811568e-03
2.612281458883716656e+00 2.946705845998857324e-03
2.614895046918714883e+00 2.946916540309096021e-03
2.617511249848980981e+00 2.944279599443589985e-03
2.620130070290716873e+00 2.942752229693536628e-03
2.622751510862746382e+00 2.943621779366600334e-03
2.625375574186502803e+00 2.941645408271322242e-03
2.628002262886047546e+00 2.941148688045645831e-03
2.630631579588075031e+00 2.940814708414555244e-03
2.633263526921897135e+00 2.939790550297439846e-03
2.635898107519465849e+00 2.937065334598388915e-03
2.638535324015363503e+00 2.936931113466812598e-03
2.641175179046807653e+00 2.936664561060359918e-03
2.643817675253651078e+00 2.934767846585726453e-03
2.646462815278393332e+00 2.934347717215159135e-03
2.649110601766170969e+00 2.933711982703497874e-03
2.651761037364768647e+00 2.935041891799117404e-03
2.654414124724629342e+00 2.937856493037072515e-03
2.657069866498836586e+00 2.940519348717889579e-03
2.659728265343126452e+00 2.941647137433100415e-03
2.662389323915903550e+00 2.946723670245835879e-03
2.665053044878226807e+00 2.949821376853558816e-03
2.667719430893810806e+00 2.950765385158314255e-03
2.670388484629045323e+00 2.953232851810440839e-03
2.673060208752994438e+00 2.954200107137478284e-03
2.675734605937373445e+00 2.954077449414083470e-03
2.678411678856579048e+00 2.953463918069741678e-03
2.681091430187691138e+00 2.953438737298181779e-03
2.683773862610453698e+00 2.954706349154213874e-03
2.686458978807302778e+00 2.953908858911244526e-03
2.689146781463357616e+00 2.951466033066269586e-03
2.691837273266414865e+00 2.950527495306965679e-03
2.694530456906965021e+00 2.950490624585621127e-03
2.697226335078197312e+00 2.950228788454188275e-03
2.699924910475991258e+00 2.951114976697188745e-03
2.702626185798916225e+00 2.951943747158080472e-03
2.705330163748253192e+00 2.951346520985525211e-03
2.708036847027985861e+00 2.950811637315981471e-03
2.710746238344789560e+00 2.949827481792983899e-03
2.713458340408054781e+00 2.947958245941639972e-03
2.716173155929883176e+00 2.946994339894570478e-03
2.718890687625096891e+00 2.946333764997094082e-03
2.721610938211223907e+00 2.943786931607348008e-03
2.724333910408513137e+00 2.940487438549559823e-03
2.727059606939940650e+00 2.940392956360170749e-03
2.729788030531202114e+00 2.938755439388154693e-03
2.732519183910722571e+00 2.938248549903548119e-03
2.735253069809658211e+00 2.938966453099830112e-03
2.737989690961888822e+00 2.938041263022353640e-03
2.740729050104034226e+00 2.937869250252054393e-03
2.743471149975461376e+00 2.938313715043617321e-03
2.746215993318269266e+00 2.938465499129981617e-03
2.748963582877296030e+00 2.938600843764658382e-03
2.751713921400137153e+00 2.938842795878906719e-03
2.754467011637128149e+00 2.938966528255376395e-03
2.757222856341353445e+00 2.939268734964535935e-03
2.759981458268668142e+00 2.938533124937625900e-03
2.762742820177677583e+00 2.938990764951050685e-03
2.765506944829736025e+00 2.937455048324667459e-03
2.768273834988963955e+00 2.937232482888346621e-03
2.771043493422256532e+00 2.938730399077174593e-03
2.773815922899276032e+00 2.941532738902693546e-03
2.776591126192445191e+00 2.942792122069388516e-03
2.779369106076971185e+00 2.943141096858518414e-03
2.782149865330835858e+00 2.943100698606866943e-03
2.784933406734796613e+00 2.942556744884522804e-03
2.787719733072396178e+00 2.943524590516009669e-03
2.790508847129963499e+00 2.943845051348958561e-03
2.793300751696610629e+00 2.945138827717924505e-03
2.796095449564240720e+00 2.945364595005461796e-03
2.798892943527549360e+00 2.944012519495177969e-03
2.801693236384038332e+00 2.942934789296938920e-03
2.804496330933999637e+00 2.944282527218125816e-03
2.807302229980519481e+00 2.944058894070531417e-03
2.810110936329506703e+00 2.942919724447000222e-03
2.812922452789668348e+00 2.942770129178446086e-03
2.815736782172511887e+00 2.943146490816796277e-03
2.818553927292374528e+00 2.942940205923171102e-03
2.821373890966397902e+00 2.942460738491336266e-03
2.824196676014550711e+00 2.941824871647220115e-03
2.827022285259616297e+00 2.939425781359981775e-03
2.829850721527202406e+00 2.939311633697086132e-03
2.832681987645746524e+00 2.939312854509978749e-03
2.835516086446511874e+00 2.939495759594948875e-03
2.838353020763594525e+00 2.938120184136280670e-03
2.841192793433933605e+00 2.936573536393960113e-03
2.844035407297307749e+00 2.935383788262287651e-03
2.846880865196327104e+00 2.934332264207565981e-03
2.849729169976447540e+00 2.933595663882086237e-03
2.852580324485975538e+00 2.932912703469492052e-03
2.855434331576065077e+00 2.930798779725210697e-03
2.858291194100722521e+00 2.930360760048374841e-03
2.861150914916811061e+00 2.929763831008840025e-03
2.864013496884051602e+00 2.927684953774439477e-03
2.866878942865026314e+00 2.926305626681142448e-03
2.869747255725183521e+00 2.925284680647331249e-03
2.872618438332836366e+00 2.924023192510317570e-03
2.875492493559169027e+00 2.922725577424525011e-03
2.878369424278236277e+00 2.921557852343675647e-03
2.881249233366968809e+00 2.920622046972512573e-03
2.884131923705171907e+00 2.919301709918579232e-03
2.887017498175541874e+00 2.918373605445712810e-03
2.889905959663658042e+00 2.917280412977228329e-03
2.892797311057972998e+00 2.916827755617272186e-03
2.895691555249836124e+00 2.916649131300061426e-03
2.898588695133490045e+00 2.915237053487482882e-03
2.901488733606079062e+00 2.914618997489573909e-03
2.904391673567642052e+00 2.914774659691380266e-03
2.907297517921122676e+00 2.913615327320535735e-03
2.910206269572368054e+00 2.913793193564563275e-03
2.913117931430124763e+00 2.913921141107655814e-03
2.916032506406053049e+00 2.914009871933298523e-03
2.918949997414726827e+00 2.913024229498512811e-03
2.921870407373641676e+00 2.913241489638759233e-03
2.924793739203208620e+00 2.912236067904238994e-03
2.927719995826757238e+00 2.912996904572802675e-03
2.930649180170546320e+00 2.914241993699293130e-03
2.933581295163762093e+00 2.915733982475212076e-03
2.936516343738513779e+00 2.915136633321947432e-03
2.939454328829848251e+00 2.915600467982314321e-03
2.942395253375765130e+00 2.914740744833850712e-03
2.945339120317177706e+00 2.916678969012247852e-03
2.948285932597951575e+00 2.916126116270723739e-03
2.951235693164907747e+00 2.917563646253650174e-03
2.954188404967802217e+00 2.918171710657974961e-03
2.957144070959347282e+00 2.917993827314093770e-03
2.960102694095215980e+00 2.917706809821993263e-03
2.963064277334023888e+00 2.918739187142712840e-03
2.966028823637354872e+00 2.919086732251487300e-03
