2.607062117047760808e+00 2.945849396017075419e-03
2.609670483130389851e+00 2.948598103795637207e-03
2.612281458883716656e+00 2.949234024915149601e-03
2.614895046918714883e+00 2.946769919662084892e-03
2.617511249848980981e+00 2.940203993603120094e-03
2.620130070290716873e+00 2.937171157645860047e-03
2.622751510862746382e+00 2.941673810446661722e-03
2.625375574186502803e+00 2.936764315269751839e-03
2.628002262886047546e+00 2.937553841643929329e-03
2.630631579588075031e+00 2.939380980588477289e-03
2.633263526921897135e+00 2.938655740408189273e-03
2.635898107519465849e+00 2.926493870106949662e-03
2.638535324015363503e+00 2.930064909288054159e-03
2.641175179046807653e+00 2.933806743840161515e-03
2.643817675253651078e+00 2.925799617467116261e-03
2.646462815278393332e+00 2.928171698098125126e-03
2.649110601766170969e+00 2.917244826857338935e-03
2.651761037364768647e+00 2.925803783329350427e-03
2.654414124724629342e+00 2.932543997061633906e-03
2.657069866498836586e+00 2.927790819125081559e-03
2.659728265343126452e+00 2.927910574744766251e-03
2.662389323915903550e+00 2.940337407504623260e-03
2.665053044878226807e+00 2.949814247969299429e-03
2.667719430893810806e+00 2.955578284087529480e-03
2.670388484629045323e+00 2.966868003345246498e-03
2.673060208752994438e+00 2.975302118576105079e-03
2.675734605937373445e+00 2.980202280687989716e-03
2.678411678856579048e+00 2.985192278896321195e-03
2.681091430187691138e+00 2.989859831098310491e-03
2.683773862610453698e+00 2.992776017674266507e-03
2.686458978807302778e+00 2.992158230867012977e-03
2.689146781463357616e+00 2.991847646215165749e-03
2.691837273266414865e+00 2.979678839657682286e-03
2.694530456906965021e+00 2.987465643780056086e-03
2.697226335078197312e+00 2.988893178298032433e-03
2.699924910475991258e+00 2.988039017094419256e-03
2.702626185798916225e+00 2.985849129223589783e-03
2.705330163748253192e+00 2.981593156131430531e-03
2.708036847027985861e+00 2.977291332574533416e-03
2.710746238344789560e+00 2.973764395685111247e-03
2.713458340408054781e+00 2.968292703241057380e-03
2.716173155929883176e+00 2.962950248262094261e-03
2.718890687625096891e+00 2.959013244357441320e-03
2.721610938211223907e+00 2.952530939811632248e-03
2.724333910408513137e+00 2.943920754481459123e-03
2.727059606939940650e+00 2.941032725958579383e-03
2.729788030531202114e+00 2.935214587044358663e-03
2.732519183910722571e+00 2.929633804324956528e-03
2.735253069809658211e+00 2.931164311147961554e-03
2.737989690961888822e+00 2.932956078628990056e-03
2.740729050104034226e+00 2.941205294224577983e-03
2.743471149975461376e+00 2.950115654880445561e-03
2.746215993318269266e+00 2.959784025293073217e-03
2.748963582877296030e+00 2.968189657858061412e-03
2.751713921400137153e+00 2.975534932774940352e-03
2.754467011637128149e+00 2.981807674846383149e-03
2.757222856341353445e+00 2.986611620055143641e-03
2.759981458268668142e+00 2.986370591296362911e-03
2.762742820177677583e+00 2.990332528075557734e-03
2.765506944829736025e+00 2.981692109319183676e-03
2.768273834988963955e+00 2.972851495117696287e-03
2.771043493422256532e+00 2.982729704557119613e-03
2.773815922899276032e+00 2.985831519072152870e-03
2.776591126192445191e+00 2.985805091981080968e-03
2.779369106076971185e+00 2.983913529975956713e-03
2.782149865330835858e+00 2.979647195601181284e-03
2.784933406734796613e+00 2.975030395174369392e-03
2.787719733072396178e+00 2.971840242034970523e-03
2.790508847129963499e+00 2.967503526059565942e-03
2.793300751696610629e+00 2.966192335402659079e-03
2.796095449564240720e+00 2.963153585317443439e-03
2.798892943527549360e+00 2.959991357950617422e-03
2.801693236384038332e+00 2.956429596893294775e-03
2.804496330933999637e+00 2.957303684825341068e-03
2.807302229980519481e+00 2.954434901809228995e-03
2.810110936329506703e+00 2.950803444612765548e-03
2.812922452789668348e+00 2.947871697194480445e-03
2.815736782172511887e+00 2.944863137890827917e-03
2.818553927292374528e+00 2.943867408043343657e-03
2.821373890966397902e+00 2.941062029988801303e-03
2.824196676014550711e+00 2.937965040211033569e-03
2.827022285259616297e+00 2.933557558675336293e-03
2.829850721527202406e+00 2.933290520573839533e-03
2.832681987645746524e+00 2.932664514684812321e-03
2.835516086446511874e+00 2.930442740859377435e-03
2.838353020763594525e+00 2.927577322502204846e-03
2.841192793433933605e+00 2.924789772245364999e-03
2.844035407297307749e+00 2.922133498400670062e-03
2.846880865196327104e+00 2.921800269148060614e-03
2.849729169976447540e+00 2.919907862797551518e-03
2.852580324485975538e+00 2.917202970363566225e-03
2.855434331576065077e+00 2.919665331361723758e-03
2.858291194100722521e+00 2.911061893783563163e-03
2.861150914916811061e+00 2.912487847528340539e-03
2.864013496884051602e+00 2.910494334394783146e-03
2.866878942865026314e+00 2.910577686676541279e-03
2.869747255725183521e+00 2.907485602925191127e-03
2.872618438332836366e+00 2.908747833743926484e-03
2.875492493559169027e+00 2.906418276357023659e-03
2.878369424278236277e+00 2.906026034879418719e-03
2.881249233366968809e+00 2.911177400961706581e-03
2.884131923705171907e+00 2.903175903883709226e-03
2.887017498175541874e+00 2.903136981267730003e-03
2.889905959663658042e+00 2.904785416933476899e-03
2.892797311057972998e+00 2.901969053217133727e-03
2.895691555249836124e+00 2.907695874575586068e-03
2.898588695133490045e+00 2.904568744039069238e-03
2.901488733606079062e+00 2.904290875585817302e-03
2.904391673567642052e+00 2.902874126510896543e-03
2.907297517921122676e+00 2.902419459833963274e-03
2.910206269572368054e+00 2.902128362376766527e-03
2.913117931430124763e+00 2.909211217021922657e-03
2.916032506406053049e+00 2.903210468398000326e-03
2.918949997414726827e+00 2.901657361628227124e-03
2.921870407373641676e+00 2.902468113714969794e-03
2.924793739203208620e+00 2.901059762993646231e-03
2.927719995826757238e+00 2.906616055371401795e-03
2.930649180170546320e+00 2.905068941332160891e-03
2.933581295163762093e+00 2.901909829617203319e-03
2.936516343738513779e+00 2.901658323658555354e-03
2.939454328829848251e+00 2.903304916363196909e-03
2.942395253375765130e+00 2.900713740571239825e-03
2.945339120317177706e+00 2.907616774592055014e-03
2.948285932597951575e+00 2.902589552669248164e-03
2.951235693164907747e+00 2.902674951724740302e-03
2.954188404967802217e+00 2.903793337285139921e-03
2.957144070959347282e+00 2.905806510356596321e-03
2.960102694095215980e+00 2.905410286675614434e-03
2.963064277334023888e+00 2.908579050425196249e-03
2.966028823637354872e+00 2.906516194994220904e-03
2.968996335969758871e+00 2.910999739132539947e-03
2.971966817298742125e+00 2.909072844533792685e-03
2.974940270594788938e+00 2.909532371025555161e-03
2.977916698831349240e+00 2.909294052493327162e-03
2.980896104984855910e+00 2.910695866208057141e-03
2.983878492034720331e+00 2.908147398402101489e-03
2.986863862963325289e+00 2.910251644129864881e-03
2.989852220756043177e+00 2.908430045628900874e-03
2.992843568401232890e+00 2.913080764182536444e-03
2.995837908890238488e+00 2.911802870646019916e-03
2.998835245217397638e+00 2.926619701349143787e-03
3.001835580380053603e+00 2.912811384051022714e-03
3.004838917378537921e+00 2.910951434933935818e-03
3.007845259216185951e+00 2.912118181764337520e-03
3.010854608899347973e+00 2.909742405316609586e-03
3.013866969437368315e+00 2.909946917116428434e-03
3.016882343842609782e+00 2.911104478540430668e-03
3.019900735130450098e+00 2.909195568156941469e-03
3.022922146319276582e+00 2.909471715789304410e-03
3.025946580430499910e+00 2.911660018858905265e-03
3.028974040488557229e+00 2.912902368517002270e-03
3.032004529520905933e+00 2.911508722539174043e-03
3.035038050558033440e+00 2.911549914386549805e-03
3.038074606633463848e+00 2.907339815287780967e-03
3.041114200783760158e+00 2.912135022555333193e-03
3.044156836048510062e+00 2.910642548115441666e-03
3.047202515470345485e+00 2.911746897955213870e-03
3.050251242094951909e+00 2.912216714771103006e-03
3.053303018971052385e+00 2.914207473828289794e-03
3.056357849150425743e+00 2.909833176892150791e-03
3.059415735687904814e+00 2.911836183453685948e-03
3.062476681641373322e+00 2.912141435536458062e-03
3.065540690071779206e+00 2.914668344956403753e-03
3.068607764043131070e+00 2.908293357392161167e-03
3.071677906622510168e+00 2.915342705806745101e-03
3.074751120880046429e+00 2.910216888108193515e-03
3.077827409888952648e+00 2.922122096029574571e-03
3.080906776725528928e+00 2.911343464286766849e-03
3.083989224469140478e+00 2.910745047723125971e-03
3.087074756202229597e+00 2.916584818302799496e-03
3.090163375010333002e+00 2.923927342953885553e-03
3.093255083982067166e+00 2.925013399860061907e-03
3.096349886209143865e+00 2.913275959959331536e-03
3.099447784786369731e+00 2.912921170929366321e-03
3.102548782811636929e+00 2.932103774957472465e-03
3.105652883385942253e+00 2.922998657475013671e-03
3.108760089613389788e+00 2.930586472366854180e-03
3.111870404601187357e+00 2.922034345146622223e-03
3.114983831459647856e+00 2.928353746197215855e-03
3.118100373302199912e+00 2.938986151944172724e-03
3.121220033245382108e+00 2.925097921558371047e-03
3.124342814408852309e+00 2.939654920152102828e-03
3.127468719915406759e+00 2.936982040108651951e-03
3.130597752890940555e+00 2.941050593332353909e-03
3.133729916464485843e+00 2.942931592306591120e-03
3.136865213768206928e+00 2.926308230707656832e-03
3.140003647937403386e+00 2.949993594164079195e-03
3.143145222110507842e+00 2.941790049234575734e-03
3.146289939429094407e+00 2.938794527017927344e-03
3.149437803037887562e+00 2.958152402099291714e-03
3.152588816084748835e+00 2.939584050891418977e-03
3.155742981720690121e+00 2.946121376037536509e-03
3.158900303099878126e+00 2.970740856365497971e-03
3.162060783379626816e+00 2.937583983192656317e-03
3.165224425720416512e+00 2.953031434107006043e-03
3.168391233285897446e+00 2.969263439075680525e-03
3.171561209242876878e+00 2.946966423602457447e-03
3.174734356761327980e+00 2.972431753241771678e-03
3.177910679014400497e+00 2.965152904277239439e-03
3.181090179178413191e+00 2.950816977012602534e-03
3.184272860432869834e+00 2.978445005507026396e-03
3.187458725960456096e+00 2.965308418852910088e-03
3.190647778947032887e+00 2.960116066353763679e-03
3.193840022581655891e+00 2.979331512584360801e-03
3.197035460056568912e+00 2.960548353257109241e-03
3.200234094567206533e+00 2.969969159380851220e-03
3.203435929312204777e+00 2.981994913455568094e-03
3.206640967493395777e+00 2.964649512585456909e-03
3.209849212315824651e+00 2.970866378273703551e-03
3.213060666987737513e+00 2.984380532604538616e-03
3.216275334720582357e+00 2.971614903299658189e-03
3.219493218729033046e+00 2.974824152887853464e-03
3.222714322230971096e+00 2.979396273645963569e-03
3.225938648447496337e+00 2.970178504266070274e-03
3.229166200602938019e+00 2.980417328140779702e-03
3.232396981924845925e+00 2.985900088916764675e-03
3.235630995644008134e+00 2.969143515877417649e-03
3.238868244994442147e+00 2.987830472090201046e-03
3.242108733213385996e+00 2.990520192324576387e-03
3.245352463541328891e+00 2.974279319956409703e-03
3.248599439222002783e+00 2.987385012535249268e-03
3.251849663502385024e+00 2.991483515343869651e-03
3.255103139632704590e+00 2.980986811461805875e-03
3.258359870866438079e+00 2.993933575236783391e-03
3.261619860460310605e+00 2.994216753861687116e-03
3.264883111674313554e+00 2.966088131521209693e-03
3.268149627771706811e+00 2.980215972074296091e-03
3.271419412018998774e+00 2.994946008567014786e-03
3.274692467685970332e+00 2.964638961180437668e-03
3.277968798045684196e+00 2.970786514787040686e-03
3.281248406374467130e+00 2.991668944591730200e-03
3.284531295951929941e+00 2.964449035130364840e-03
3.287817470060963476e+00 2.963553202214856686e-03
3.291106931987736850e+00 2.988126889407127611e-03
3.294399685021715207e+00 2.963599890451852799e-03
3.297695732455656614e+00 2.960203242538003363e-03
3.300995077585607174e+00 2.987151706876381603e-03
3.304297723710912571e+00 2.971363995679149675e-03
3.307603674134214078e+00 2.963342876494205660e-03
3.310912932161460098e+00 3.011587826648079447e-03
3.314225501101917271e+00 3.031437691213106824e-03
3.317541384268155369e+00 3.019577416413414019e-03
3.320860584976052632e+00 3.004542695744901598e-03
3.324183106544806865e+00 3.002856693390016339e-03
3.327508952296944322e+00 2.980846807060824524e-03
3.330838125558313489e+00 2.974892089864848016e-03
3.334170629658084195e+00 2.991537623331957940e-03
3.337506467928762710e+00 2.965218219638221173e-03
3.340845643706188195e+00 2.966729043079709919e-03
3.344188160329534032e+00 2.989499328109369164e-03
3.347534021141318483e+00 2.983332963269801161e-03
3.350883229487406467e+00 2.959701381814900355e-03
3.354235788717002453e+00 2.979112480153876634e-03
3.357591702182663784e+00 2.996382871579633678e-03
3.360950973240304229e+00 2.968920081123375704e-03
3.364313605249203309e+00 2.970419376844250434e-03
3.367679601571998305e+00 2.991657531251433466e-03
3.371048965574667378e+00 2.981489773231843065e-03
3.374421700626573539e+00 2.968788487868437038e-03
3.377797810100465536e+00 2.975375421961056095e-03
3.381177297372453872e+00 2.994940808785702662e-03
3.384560165822020128e+00 2.981690469258265874e-03
3.387946418832029405e+00 2.969741555457418910e-03
3.391336059788734314e+00 2.994748108736267154e-03
3.394729092081783861e+00 2.973727895954871286e-03
3.398125519104210568e+00 2.971492841937011051e-03
3.401525344252443794e+00 2.973127521471568505e-03
3.404928570926301301e+00 2.994101274972936228e-03
3.408335202529008345e+00 2.970501608723491709e-03
3.411745242467203898e+00 2.969930864342320339e-03
3.415158694150926877e+00 2.990430364483968265e-03
3.418575560993627693e+00 2.969830569475340708e-03
3.421995846412172693e+00 2.967328415857425732e-03
3.425419553826847263e+00 2.982041645728094638e-03
3.428846686661359833e+00 2.992068075712806322e-03
3.432277248342848086e+00 2.964985174744530320e-03
3.435711242301876300e+00 2.970815807788925941e-03
3.439148671972429572e+00 2.977878499306543369e-03
3.442589540791939573e+00 2.976504761812507650e-03
3.446033852201276115e+00 2.972072513233618447e-03
3.449481609644750257e+00 2.976741866638807354e-03
3.452932816570123631e+00 2.987602436622667067e-03
3.456387476428604888e+00 2.967239788167970547e-03
3.459845592674848369e+00 2.959566882931465633e-03
3.463307168766970090e+00 2.980010174521913364e-03
3.466772208166548186e+00 2.986879832308565394e-03
3.470240714338626464e+00 2.970467896075408825e-03
3.473712690751709964e+00 2.975304465947805743e-03
3.477188140877771616e+00 2.985652781445978336e-03
3.480667068192272229e+00 2.974559020829110022e-03
3.484149476174131177e+00 2.967179535475205319e-03
3.487635368305750827e+00 2.984418039463378278e-03
3.491124748073028083e+00 2.976139067020593110e-03
3.494617618965338846e+00 2.968435977345354124e-03
3.498113984475563765e+00 2.971500526159164164e-03
3.501613848100068260e+00 2.967719109765907474e-03
3.505117213338710513e+00 2.967388655512322431e-03
3.508624083694854789e+00 2.959557238672783606e-03
3.512134462675376767e+00 2.966754171245309865e-03
3.515648353790650660e+00 2.964197160304181400e-03
3.519165760554569200e+00 2.965029518735840842e-03
3.522686686484546748e+00 2.961377995118886445e-03
3.526211135101502858e+00 2.974572204443045372e-03
3.529739109929881380e+00 2.967149652361949705e-03
3.533270614497665996e+00 2.973597365413437055e-03
3.536805652336360239e+00 2.973757052767163084e-03
3.540344226981005260e+00 2.984283449705304580e-03
3.543886341970171827e+00 2.975292368797388069e-03
3.547432000845970101e+00 2.973718898355534254e-03
3.550981207154063402e+00 2.961871547712394137e-03
3.554533964443661542e+00 2.969492202149840929e-03
3.558090276267517726e+00 2.964589402297740806e-03
3.561650146181948084e+00 2.957808541937246953e-03
3.565213577746827234e+00 2.982774581872146055e-03
3.568780574525576732e+00 2.957230948962646239e-03
3.572351140085200161e+00 2.976020042258284339e-03
3.575925277996262697e+00 2.962075913676710023e-03
3.579502991832895997e+00 2.970928780059302592e-03
3.583084285172827510e+00 2.975232261767048105e-03
3.586669161597344058e+00 2.978175694026934019e-03
3.590257624691308713e+00 2.972789045320296981e-03
3.593849678043197660e+00 2.967886191175421722e-03
3.597445325245066439e+00 2.963024194337501686e-03
3.601044569892556613e+00 2.966585906771042249e-03
3.604647415584919301e+00 2.970393653736798627e-03
3.608253865925000525e+00 2.976828603227992236e-03
3.611863924519245206e+00 2.970632467721291345e-03
3.615477594977716258e+00 2.951232588348808288e-03
3.619094880914085710e+00 2.957199340092982621e-03
3.622715785945636924e+00 2.960528862193617747e-03
3.626340313693278361e+00 2.976734073738251593e-03
3.629968467781530705e+00 2.947410642114851442e-03
3.633600251838554396e+00 2.955363054100597180e-03
3.637235669496131862e+00 2.956259751728850318e-03
3.640874724389675965e+00 2.958230194783227369e-03
3.644517420158251308e+00 2.957349732325601378e-03
3.648163760444548487e+00 2.970392573255857798e-03
3.651813748894908063e+00 2.952190106469007157e-03
3.655467389159329006e+00 2.947348675031759898e-03
3.659124684891442492e+00 2.949126687547208667e-03
3.662785639748542099e+00 2.951523542299413008e-03
3.666450257391587808e+00 2.966579813131305782e-03
3.670118541485196229e+00 2.956432257273156495e-03
3.673790495697654812e+00 2.951085827170151811e-03
3.677466123700913858e+00 2.940903057982018846e-03
3.681145429170604721e+00 2.949912241503048309e-03
3.684828415786031375e+00 2.954431837564471756e-03
3.688515087230178846e+00 2.970279863113501392e-03
3.692205447189715883e+00 2.949300478753172708e-03
3.695899499355008722e+00 2.951352114061040963e-03
3.699597247420110868e+00 2.952733217205882540e-03
3.703298695082766656e+00 2.940563077727129191e-03
3.707003846044425011e+00 2.961963960967081266e-03
3.710712704010243890e+00 2.960528428875223560e-03
3.714425272689073854e+00 2.963588152411383500e-03
3.718141555793478936e+00 2.948125703515755858e-03
3.721861557039752189e+00 2.933836895919137485e-03
3.725585280147893474e+00 2.964656288056697828e-03
3.729312728841628122e+00 2.964774087547686430e-03
3.733043906848399818e+00 2.954082023762729433e-03
3.736778817899386596e+00 2.956216143101006097e-03
3.740517465729504831e+00 2.948667443845819774e-03
3.744259854077394145e+00 2.958162819113812226e-03
3.748005986685454261e+00 2.955884300885474724e-03
3.751755867299819247e+00 2.956174729210594466e-03
3.755509499670360185e+00 2.944981767134201376e-03
3.759266887550713143e+00 2.931367135812343837e-03
3.763028034698265412e+00 2.955126219139998442e-03
3.766792944874166604e+00 2.955897656831460180e-03
3.770561621843322886e+00 2.955722402326533237e-03
3.774334069374416512e+00 2.954004174431785947e-03
3.778110291239897833e+00 2.954366792010932469e-03
3.781890291215979527e+00 2.955130655527869656e-03
3.785674073082664570e+00 2.958915370835474203e-03
3.789461640623742245e+00 2.963263379966839511e-03
3.793252997626777479e+00 2.955371267780028659e-03
3.797048147883128610e+00 2.958420997604736900e-03
3.800847095187948721e+00 2.949091748221877290e-03
3.804649843340179416e+00 2.951310724825753195e-03
3.808456396142568590e+00 2.940234446630387525e-03
3.812266757401667761e+00 2.943326039450389151e-03
3.816080930927838288e+00 2.931719147998113062e-03
3.819898920535264697e+00 2.944464466751002367e-03
3.823720730041926252e+00 2.944616505803426213e-03
3.827546363269632046e+00 2.920067226740754793e-03
3.831375824044026324e+00 2.942479076521987112e-03
3.835209116194566281e+00 2.943333023733359262e-03
3.839046243554542492e+00 2.959373975124801170e-03
3.842887209961076245e+00 2.963871630691105544e-03
3.846732019255137303e+00 2.976458973608890959e-03
3.850580675281535470e+00 2.962513733080639547e-03
3.854433181888932136e+00 2.948308929459807475e-03
3.858289542929830063e+00 2.943373276752734441e-03
3.862149762260594255e+00 2.949306252733812674e-03
3.866013843741446188e+00 2.944063364801608428e-03
3.869881791236460256e+00 2.956322819117486889e-03
3.873753608613584642e+00 2.951527237619991622e-03
3.877629299744638658e+00 2.954341226672966073e-03
3.881508868505314513e+00 2.950838147714022336e-03
3.885392318775186205e+00 2.942473797257265117e-03
3.889279654437701517e+00 2.943697758104575103e-03
3.893170879380196681e+00 2.959327516906503589e-03
3.897065997493892819e+00 2.934885088388412833e-03
3.900965012673907939e+00 2.939081032170597855e-03
3.904867928819266698e+00 2.961694947700395548e-03
3.908774749832876871e+00 2.945528648825778903e-03
3.912685479621561768e+00 2.938953438418445436e-03
3.916600122096053571e+00 2.940553878050311976e-03
3.920518681170992004e+00 2.943307301365693726e-03
3.924441160764929659e+00 2.937020616261946677e-03
3.928367564800359091e+00 2.953422457420860989e-03
3.932297897203689274e+00 2.933461548366927442e-03
3.936232161905241611e+00 2.926099963653124893e-03
3.940170362839277018e+00 2.944207828020043924e-03
3.944112503944006587e+00 2.941423596329344713e-03
3.948058589161570264e+00 2.924839712456286499e-03
3.952008622438055063e+00 2.938729446492606076e-03
3.955962607723490176e+00 2.942332850798114012e-03
3.959920548971858967e+00 2.939868570121618313e-03
3.963882450141104741e+00 2.927976987365544462e-03
3.967848315193129416e+00 2.930124479276640607e-03
3.971818148093805512e+00 2.923886766153898677e-03
3.975791952812957941e+00 2.955928533904644048e-03
3.979769733324392433e+00 2.949880573371724875e-03
3.983751493605891980e+00 2.930067871528574744e-03
3.987737237639217280e+00 2.921174763911457868e-03
3.991726969410114734e+00 2.926230430494018622e-03
3.995720692908312000e+00 2.935345204580502073e-03
3.999718412127535760e+00 2.925405280147691783e-03
4.003720131065504617e+00 2.923166648090059962e-03
4.007725853723931309e+00 2.948303318509909628e-03
4.011735584108548025e+00 2.937842789456505781e-03
4.015749326229086869e+00 2.927170396599006880e-03
4.019767084099280297e+00 2.913616414999394173e-03
4.023788861736897537e+00 2.917968111635984262e-03
4.027814663163712616e+00 2.932408336538486811e-03
4.031844492405520342e+00 2.917922051705313952e-03
4.035878353492156734e+00 2.944195580924115381e-03
4.039916250457486591e+00 2.920397746842929004e-03
4.043958187339407040e+00 2.946574562622384860e-03
4.048004168179852869e+00 2.914004455368400526e-03
4.052054197024798299e+00 2.920138572149695317e-03
4.056108277924279193e+00 2.932147083671488540e-03
4.060166414932375289e+00 2.918572250409564098e-03
4.064228612107225302e+00 2.928389746853340882e-03
4.068294873511028698e+00 2.910434189868077361e-03
4.072365203210039475e+00 2.916767426466084466e-03
4.076439605274588374e+00 2.928772667614259074e-03
4.080518083779084648e+00 2.937907317225193615e-03
4.084600642802004522e+00 2.907269460874824935e-03
4.088687286425909839e+00 2.914246572170584894e-03
4.092778018737447177e+00 2.917295267812572337e-03
4.096872843827346067e+00 2.927671396352860000e-03
4.100971765790424328e+00 2.911571882291350173e-03
4.105074788725601387e+00 2.910067569934189375e-03
4.109181916735913376e+00 2.910714549371087694e-03
4.113293153928490042e+00 2.937541656791415202e-03
4.117408504414562742e+00 2.931662815349081463e-03
4.121527972309475985e+00 2.900770532508711169e-03
4.125651561732702532e+00 2.923450865581121716e-03
4.129779276807835409e+00 2.904322799142666084e-03
4.133911121662587895e+00 2.907482814553219875e-03
4.138047100428805969e+00 2.909061402020470411e-03
4.142187217242470076e+00 2.911419368740905591e-03
4.146331476243700465e+00 2.915564408993394970e-03
4.150479881576750074e+00 2.922126653743328285e-03
4.154632437390031185e+00 2.924636563229551095e-03
4.158789147836096767e+00 2.916669850274257025e-03
4.162950017071651132e+00 2.909489037752905748e-03
4.167115049257566817e+00 2.904395771354836495e-03
4.171284248558879248e+00 2.911243984350999573e-03
4.175457619144792076e+00 2.919304474113898051e-03
4.179635165188676282e+00 2.929934546471143868e-03
4.183816890868071958e+00 2.944761612658330051e-03
4.188002800364700740e+00 2.951237267250814578e-03
4.192192897864479129e+00 2.964006763054667561e-03
4.196387187557506948e+00 2.971667546005977729e-03
4.200585673638073558e+00 2.981996137526287879e-03
4.204788360304662298e+00 2.986503831510335140e-03
4.208995251759963807e+00 2.995020625906701615e-03
4.213206352210869809e+00 2.998855573739306855e-03
4.217421665868472225e+00 3.003573426278227394e-03
4.221641196948094255e+00 3.008411518583040557e-03
4.225864949669267290e+00 3.012664336002191749e-03
4.230092928255739793e+00 3.014271944102741522e-03
4.234325136935488842e+00 3.017901157354061555e-03
4.238561579940727242e+00 3.021412734794766929e-03
4.242802261507902628e+00 3.021414829729101009e-03
4.247047185877693032e+00 3.017783121089980935e-03
4.251296357295021089e+00 3.019018195997579760e-03
4.255549780009055816e+00 3.008035252621262499e-03
4.259807458273231262e+00 3.009978437534644759e-03
4.264069396345226082e+00 3.020091299232120774e-03
4.268335598486970639e+00 3.015964286750728082e-03
4.272606068964665660e+00 3.019807334289561097e-03
4.276880812048779568e+00 3.016904810929317560e-03
4.281159832014060918e+00 3.016379643177907657e-03
4.285443133139530403e+00 3.015825840459126963e-03
4.289730719708486184e+00 3.011671291389109075e-03
4.294022596008522541e+00 3.006871507089636710e-03
4.298318766331513885e+00 3.003660208784598995e-03
4.302619234973629858e+00 3.006844842614453742e-03
4.306924006235345104e+00 3.002114919477840826e-03
4.311233084421424167e+00 2.996943556431431923e-03
4.315546473840941033e+00 2.995088723931432946e-03
4.319864178807289790e+00 2.991315272405206498e-03
4.324186203638175741e+00 2.991580373904815723e-03
4.328512552655627843e+00 2.988708215028333757e-03
4.332843230185991601e+00 2.987700547645923219e-03
4.337178240559948605e+00 2.983693264517843328e-03
4.341517588112504100e+00 2.977487992941881077e-03
4.345861277183008298e+00 2.974917661289799495e-03
4.350209312115152827e+00 2.972128435063082011e-03
4.354561697256975172e+00 2.969535318885223058e-03
4.358918436960855125e+00 2.965836525927778664e-03
4.363279535583538760e+00 2.960426252759365898e-03
4.367644997486123337e+00 2.957787122557016535e-03
4.372014827034065299e+00 2.955102119926624436e-03
4.376389028597195363e+00 2.953567859857326658e-03
4.380767606549715865e+00 2.950687920595892501e-03
4.385150565270210521e+00 2.948048195184777183e-03
4.389537909141639993e+00 2.945474566420069711e-03
4.393929642551339221e+00 2.943668084651748697e-03
4.398325769891044956e+00 2.941221513276876670e-03
4.402726295556888658e+00 2.937557514670963328e-03
4.407131223949391163e+00 2.937522433092277022e-03
4.411540559473484890e+00 2.934443443005202087e-03
4.415954306538510288e+00 2.933877686254429684e-03
4.420372469558212281e+00 2.930173862937679105e-03
4.424795052950750929e+00 2.926503283128505020e-03
4.429222061138706756e+00 2.924260054262513460e-03
4.433653498549093186e+00 2.924033879503294773e-03
4.438089369613355650e+00 2.919425012284309652e-03
4.442529678767354717e+00 2.918549432702874716e-03
4.446974430451398952e+00 2.914525186223788835e-03
4.451423629110245805e+00 2.912522098579331618e-03
4.455877279193093621e+00 2.911634026174427826e-03
4.460335385153590515e+00 2.909909820323285448e-03
4.464797951449841484e+00 2.905755988609968945e-03
4.469264982544411957e+00 2.908050810437542294e-03
4.473736482904336675e+00 2.904252614321250949e-03
4.478212457001122360e+00 2.903044944213849492e-03
4.482692909310738827e+00 2.905044511355585769e-03
4.487177844313641195e+00 2.898942766200581986e-03
4.491667266494762778e+00 2.895588314056529635e-03
4.496161180343516861e+00 2.891346186950449846e-03
4.500659590353822459e+00 2.892324200976913867e-03
4.505162501024093658e+00 2.891320846451417379e-03
4.509669916857243166e+00 2.896285797034337580e-03
4.514181842360688535e+00 2.898807507593676499e-03
4.518698282046352155e+00 2.890544393789238296e-03
4.523219240430671029e+00 2.895059033895783923e-03
4.527744722034610092e+00 2.893138314550514935e-03
4.532274731383647115e+00 2.888865416427203927e-03
4.536809273007786025e+00 2.887490546249009069e-03
4.541348351441579112e+00 2.890132805954332036e-03
4.545891971224099493e+00 2.891613970179973594e-03
4.550440136898974863e+00 2.889485599811125478e-03
4.554992853014371512e+00 2.887784382902820572e-03
4.559550124122994319e+00 2.892632550950098493e-03
4.564111954782123171e+00 2.890757357205691550e-03
4.568678349553586315e+00 2.888632359719620762e-03
4.573249313003776351e+00 2.888335719377163428e-03
4.577824849703660881e+00 2.887032461847364919e-03
4.582404964228775412e+00 2.886744063349761316e-03
4.586989661159233123e+00 2.884678669989091445e-03
4.591578945079739071e+00 2.886290246531824158e-03
4.596172820579575991e+00 2.884563030875681063e-03
4.600771292252615829e+00 2.883374895994251629e-03
4.605374364697329526e+00 2.883482765848258654e-03
4.609982042516790557e+00 2.884870661592042751e-03
4.614594330318678495e+00 2.886331346059229676e-03
4.619211232715274562e+00 2.905077752386111146e-03
4.623832754323489169e+00 2.891507872440795580e-03
4.628458899764850365e+00 2.888130725755869068e-03
4.633089673665492292e+00 2.888770427967563004e-03
4.637725080656194265e+00 2.887740023588680240e-03
4.642365125372356793e+00 2.889429577019103287e-03
4.647009812454029110e+00 2.889613844397763160e-03
4.651659146545908285e+00 2.889690753056911848e-03
4.656313132297320578e+00 2.892980304074168913e-03
4.660971774362248965e+00 2.889346377468693123e-03
4.665635077399347352e+00 2.892365748585601967e-03
4.670303046071912156e+00 2.892463715503950424e-03
4.674975685047906282e+00 2.893040821817544940e-03
4.679652998999975111e+00 2.892644133966684305e-03
4.684334992605429626e+00 2.892524451918389913e-03
4.689021670546272169e+00 2.893197939830522564e-03
4.693713037509176900e+00 2.911034026111235847e-03
4.698409098185505783e+00 2.922292714573778566e-03
4.703109857271324579e+00 2.894804987885451347e-03
4.707815319467394843e+00 2.896178969496613319e-03
4.712525489479173046e+00 2.904726552235975968e-03
4.717240372016835437e+00 2.908886267108161394e-03
4.721959971795259392e+00 2.902553253724594710e-03
4.726684293534047399e+00 2.908953855609087199e-03
4.731413341957530605e+00 2.916515019537825083e-03
4.736147121794753723e+00 2.906663633799072988e-03
4.740885637779490125e+00 2.910988460351668448e-03
4.745628894650256946e+00 2.917298300681860947e-03
4.750376897150311528e+00 2.910475822859806376e-03
4.755129650027658528e+00 2.908540390822305331e-03
4.759887158035052579e+00 2.905870874910654843e-03
4.764649425930005400e+00 2.908930890519210131e-03
4.769416458474777798e+00 2.909245540475103448e-03
4.774188260436394771e+00 2.932277218202107918e-03
4.778964836586673037e+00 2.919387717289893130e-03
4.783746191702192618e+00 2.905994214922205318e-03
4.788532330564300388e+00 2.909132416638816367e-03
4.793323257959137607e+00 2.919223486800751489e-03
4.798118978677631929e+00 2.917834829220287713e-03
4.802919497515498293e+00 2.920138365513606435e-03
4.807724819273263783e+00 2.937343926983129391e-03
4.812534948756252540e+00 2.971713282041675997e-03
4.817349890774593746e+00 2.932528618811006127e-03
4.822169650143221631e+00 2.924541442872346554e-03
4.826994231681899450e+00 2.925812873015009533e-03
4.831823640215215931e+00 2.932183171456998871e-03
4.836657880572580837e+00 2.925572319777686951e-03
4.841496957588231176e+00 2.930963201802728145e-03
4.846340876101236539e+00 2.933720274560791107e-03
4.851189640955515081e+00 2.925155097654702063e-03
4.856043256999841518e+00 2.930479782491557383e-03
4.860901729087832912e+00 2.930789250886462697e-03
4.865765062077957559e+00 2.925989660361632497e-03
4.870633260833545641e+00 2.926797580460828354e-03
4.875506330222796336e+00 2.922777513156459700e-03
4.880384275118790249e+00 2.913896103705399324e-03
4.885267100399468099e+00 2.918379221216966211e-03
4.890154810947648478e+00 2.912450462063940083e-03
4.895047411651042957e+00 2.906167998711403806e-03
4.899944907402258742e+00 2.910739439325628689e-03
4.904847303098789801e+00 2.903018058428767732e-03
4.909754603643035509e+00 2.898074925074505329e-03
4.914666813942294432e+00 2.901454413381849076e-03
4.919583938908781207e+00 2.893960949103906253e-03
4.924505983459625647e+00 2.889219495268473530e-03
4.929432952516857647e+00 2.891846646459306225e-03
4.934364851007448038e+00 2.884100340571656932e-03
4.939301683863293491e+00 2.889629164905746939e-03
4.944243456021228056e+00 2.884634576515896724e-03
4.949190172423037382e+00 2.880412427884997129e-03
4.954141838015430288e+00 2.882077040398119561e-03
4.959098457750073408e+00 2.880421227638628630e-03
4.964060036583591184e+00 2.876103795357414991e-03
4.969026579477557881e+00 2.876047962423218442e-03
4.973998091398529553e+00 2.877243106379519157e-03
4.978974577317996975e+00 2.887029303890426869e-03
4.983956042212440707e+00 2.875695976862595749e-03
4.988942491063345308e+00 2.878563988611357923e-03
4.993933928857154037e+00 2.881057892725340935e-03
4.998930360585301713e+00 2.877766536488060058e-03
5.003931791244232485e+00 2.878775986433284098e-03
5.008938225835387392e+00 2.877758062346573442e-03
5.013949669365178607e+00 2.886085497293219664e-03
5.018966126845050724e+00 2.886251979859831129e-03
5.023987603291483417e+00 2.878867349058191437e-03
5.029014103725942597e+00 2.881707859745201959e-03
5.034045633174912382e+00 2.877672584457267261e-03
5.039082196669929736e+00 2.880540929741371575e-03
5.044123799247563156e+00 2.886854916173995072e-03
5.049170445949409114e+00 2.884188546692850481e-03
5.054222141822116932e+00 2.893747620636339963e-03
5.059278891917392329e+00 2.887345450041921193e-03
5.064340701291981439e+00 2.883625456626564589e-03
5.069407575007691236e+00 2.887244228201116605e-03
5.074479518131396638e+00 2.885197474741735008e-03
5.079556535735048506e+00 2.887846097748787699e-03
5.084638632895670085e+00 2.888043707503584225e-03
5.089725814695344575e+00 2.885875758241559369e-03
5.094818086221258646e+00 2.903664820870201484e-03
5.099915452565697116e+00 2.891359272313549344e-03
5.105017918826001200e+00 2.892352039379376440e-03
5.110125490104637791e+00 2.888720379762187412e-03
5.115238171509195020e+00 2.888804457082130850e-03
5.120355968152357384e+00 2.892756291965102936e-03
5.125478885151912856e+00 2.892498506001649292e-03
5.130606927630777747e+00 2.886034494300301206e-03
5.135740100717002043e+00 2.897114059861906343e-03
5.140878409543742755e+00 2.895634996213353358e-03
5.146021859249314545e+00 2.898254642162617200e-03
5.151170454977186175e+00 2.887939332981322594e-03
5.156324201875936986e+00 2.890510789624118042e-03
5.161483105099310187e+00 2.897901784964533947e-03
5.166647169806227957e+00 2.913448251773843867e-03
5.171816401160748811e+00 2.946996606491271604e-03
5.176990804332091578e+00 2.912787236882556120e-03
5.182170384494676263e+00 2.903034743138762416e-03
5.187355146828076080e+00 2.900769423265016442e-03
5.192545096517046765e+00 2.895774486915609659e-03
5.197740238751555886e+00 2.909786144706355115e-03
5.202940578726746423e+00 2.904073618433357547e-03
5.208146121642937665e+00 2.909577327660715397e-03
5.213356872705671385e+00 2.923963714377123338e-03
5.218572837125716291e+00 2.917201612555831054e-03
5.223794020119036929e+00 2.913573714316598090e-03
5.229020426906815899e+00 2.906933630307881409e-03
5.234252062715459175e+00 2.910963847104286809e-03
5.239488932776602326e+00 2.912202957336492651e-03
5.244731042327116732e+00 2.907583265129702089e-03
5.249978396609110476e+00 2.908345578171750174e-03
5.255231000869926561e+00 2.908575754123365800e-03
5.260488860362181995e+00 2.909111594223375615e-03
5.265751980343742922e+00 2.914408717099296019e-03
5.271020366077721064e+00 2.908491598128157708e-03
5.276294022832505703e+00 2.902797321170017594e-03
5.281572955881746800e+00 2.898678675974211954e-03
5.286857170504389636e+00 2.900171741435164565e-03
5.292146671984641948e+00 2.905277519539402765e-03
5.297441465612009459e+00 2.897692203116303614e-03
5.302741556681281665e+00 2.908102039773554758e-03
5.308046950492546934e+00 2.913274135690984475e-03
5.313357652351209381e+00 2.901848334883506183e-03
5.318673667567960450e+00 2.896548993304401062e-03
5.323995001458828646e+00 2.895479430636169801e-03
5.329321659345145790e+00 2.902853168722964797e-03
5.334653646553560336e+00 2.892726631069533847e-03
5.339990968416064021e+00 2.902099472791718100e-03
5.345333630269974989e+00 2.908281577132898303e-03
5.350681637457968876e+00 2.901729096011147844e-03
5.356034995328046833e+00 2.912659020870666908e-03
5.361393709233554183e+00 2.895199204546210908e-03
5.366757784533228381e+00 2.891004489305999334e-03
5.372127226591127069e+00 2.901548275320900948e-03
5.377502040776687586e+00 2.902838905819660198e-03
5.382882232464750949e+00 2.904574143100934792e-03
5.388267807035501455e+00 2.904574974307086877e-03
5.393658769874507541e+00 2.899155608331795142e-03
5.399055126372735991e+00 2.910822392296664313e-03
5.404456881926536838e+00 2.899969842508174408e-03
5.409864041937665569e+00 2.900826098542553470e-03
5.415276611813296448e+00 2.901229145646814882e-03
5.420694596965989653e+00 2.908172012005996992e-03
5.426118002813722363e+00 2.905616098271781092e-03
5.431546834779908295e+00 2.906582103883797834e-03
