8.099554455959743215e-01 2.903253285213678366e-03
8.107658061542900585e-01 2.903226749009940946e-03
8.115769774784792334e-01 2.903195102651654445e-03
8.123889603797121994e-01 2.903163427293319922e-03
8.132017556699727701e-01 2.903131386100853313e-03
8.140153641620563318e-01 2.903097756756282954e-03
8.148297866695717317e-01 2.903061718858970797e-03
8.156450240069411661e-01 2.903024642471315007e-03
8.164610769894029563e-01 2.902985905294230493e-03
8.172779464330105492e-01 2.902939535872400487e-03
8.180956331546322957e-01 2.902894884538003220e-03
8.189141379719558911e-01 2.902843052633446649e-03
8.197334617034857107e-01 2.902791331188100434e-03
8.205536051685444754e-01 2.902734232995710963e-03
8.213745691872769150e-01 2.902681388811462464e-03
8.221963545806487694e-01 2.902635525811667842e-03
8.230189621704429026e-01 2.902598381253592222e-03
8.238423927792670742e-01 2.902537842683550716e-03
8.246666472305524964e-01 2.902486215115659789e-03
8.254917263485536116e-01 2.902438703605354775e-03
8.263176309583500911e-01 2.902390084581346185e-03
8.271443618858455027e-01 2.902344421923721499e-03
8.279719199577725286e-01 2.902303760474603603e-03
8.288003060016881918e-01 2.902260236212910599e-03
8.296295208459781856e-01 2.902211736567873561e-03
8.304595653198585392e-01 2.902167003348322255e-03
8.312904402533747295e-01 2.902135441907075300e-03
8.321221464773999044e-01 2.902928359963750579e-03
8.329546848236402123e-01 2.906404998558843270e-03
8.337880561246344691e-01 2.908442633912063698e-03
8.346222612137542685e-01 2.909179140736448121e-03
8.354573009252049820e-01 2.909582529072416920e-03
8.362931760940265358e-01 2.910606015110320157e-03
8.371298875560944097e-01 2.911733432522273755e-03
8.379674361481189715e-01 2.912689098386096569e-03
8.388058227076495843e-01 2.912910706647195078e-03
8.396450480730722754e-01 2.912956665170902265e-03
8.404851130836130668e-01 2.912980164170514766e-03
8.413260185793379753e-01 2.914612765073568753e-03
8.421677654011512359e-01 2.915773396735647782e-03
8.430103543908002983e-01 2.916903045296246992e-03
8.438537863908742720e-01 2.917188711200424753e-03
8.446980622448042597e-01 2.915328907040320040e-03
8.455431827968671321e-01 2.913612842772003546e-03
8.463891488921824191e-01 2.913606907554281734e-03
8.472359613767166397e-01 2.914483206972309347e-03
8.480836210972833022e-01 2.914690321835757426e-03
8.489321289015407945e-01 2.914413228103183290e-03
8.497814856379983794e-01 2.914062884248121155e-03
8.506316921560135302e-01 2.914104029258877265e-03
8.514827493057913754e-01 2.913987747982846495e-03
8.523346579383890287e-01 2.914429190346295648e-03
8.531874189057161439e-01 2.914689663056690971e-03
8.540410330605319178e-01 2.914916068745238703e-03
8.548955012564523059e-01 2.915660648888866724e-03
8.557508243479458043e-01 2.916303614877207608e-03
8.566070031903338933e-01 2.916315629882731096e-03
8.574640386397960334e-01 2.916095393633456618e-03
8.583219315533672233e-01 2.915027015920381923e-03
8.591806827889413301e-01 2.914401594618050602e-03
8.600402932052715332e-01 2.914459814559395082e-03
8.609007636619676607e-01 2.914781949200878457e-03
8.617620950194990748e-01 2.913013459538624922e-03
8.626242881391973372e-01 2.911995596900493130e-03
8.634873438832556536e-01 2.911118967112767339e-03
8.643512631147296510e-01 2.910487205531452331e-03
8.652160466975378217e-01 2.910687326903997271e-03
8.660816954964636327e-01 2.910933240185615851e-03
8.669482103771571913e-01 2.912103961574549239e-03
8.678155922061336902e-01 2.913494686577652783e-03
8.686838418507756288e-01 2.914450231491947860e-03
8.695529601793322572e-01 2.915675497758574326e-03
8.704229480609205760e-01 2.917267158690723620e-03
8.712938063655277787e-01 2.918254819927302603e-03
8.721655359640141381e-01 2.918869372301556055e-03
8.730381377281095645e-01 2.919790028754626083e-03
8.739116125304161597e-01 2.920228719525266598e-03
8.747859612444087718e-01 2.920150584379470858e-03
8.756611847444361052e-01 2.917074451343293004e-03
8.765372839057208321e-01 2.915102984187195427e-03
8.774142596043608133e-01 2.915829974501477767e-03
8.782921127173328735e-01 2.918056122254095337e-03
8.791708441224919124e-01 2.919781484816420282e-03
8.800504546985693510e-01 2.918825309844886185e-03
8.809309453251749078e-01 2.916830071638135992e-03
8.818123168827982639e-01 2.915183270677283549e-03
8.826945702528108395e-01 2.914730964717604338e-03
8.835777063174676815e-01 2.915063698280797623e-03
8.844617259599056869e-01 2.916273550380872430e-03
8.853466300641437137e-01 2.917950891253939458e-03
8.862324195150838024e-01 2.920638407817340368e-03
8.871190951985163942e-01 2.924905355712617561e-03
8.880066580011191091e-01 2.929118960255690587e-03
8.888951088104538600e-01 2.933270071527380347e-03
8.897844485149719596e-01 2.939988672097149786e-03
8.906746780040118994e-01 2.950105907503111895e-03
8.915657981678065669e-01 2.959273838900928870e-03
8.924578098974739193e-01 2.966306156579578447e-03
8.933507140850214245e-01 2.970129167983679656e-03
8.942445116233572744e-01 2.968225037142997128e-03
8.951392034062801706e-01 2.965252645580410129e-03
8.960347903284814342e-01 2.957714199467951447e-03
8.969312732855473369e-01 2.951966771946732977e-03
8.978286531739603227e-01 2.957973492212101832e-03
8.987269308911014498e-01 2.978074774368824965e-03
8.996261073352495030e-01 2.975903526750486340e-03
9.005261834055795500e-01 2.967493239705118902e-03
9.014271600021682707e-01 2.960177536853185638e-03
9.023290380259918475e-01 2.954100176602449113e-03
9.032318183789278532e-01 2.952376989369639212e-03
9.041355019637584700e-01 2.953428779050079785e-03
9.050400896841658271e-01 2.950963996122337417e-03
9.059455824447376626e-01 2.949045622273500922e-03
9.068519811509679895e-01 2.946125373601970934e-03
9.077592867092548756e-01 2.942994320533528531e-03
9.086675000269045510e-01 2.939238519588292797e-03
9.095766220121302981e-01 2.933620804548548941e-03
9.104866535740545608e-01 2.928690245922597676e-03
9.113975956227070574e-01 2.924389643360999352e-03
9.123094490690316638e-01 2.919558798061818502e-03
9.132222148248820837e-01 2.914676985583803531e-03
9.141358938030226255e-01 2.911536904648383706e-03
9.150504869171317557e-01 2.908603822782932988e-03
9.159659950818033192e-01 2.905873494986745825e-03
9.168824192125480943e-01 2.903809452716428399e-03
9.177997602257875753e-01 2.902219533543664264e-03
9.187180190388626322e-01 2.901096154346696591e-03
9.196371965700328444e-01 2.900400685457749615e-03
9.205572937384781662e-01 2.899793407194008014e-03
9.214783114642939310e-01 2.899384412647463584e-03
9.224002506684964020e-01 2.899013476652571343e-03
9.233231122730257701e-01 2.898848968614907776e-03
9.242468972007444883e-01 2.898768685158798104e-03
9.251716063754391595e-01 2.898700450945734461e-03
9.260972407218166502e-01 2.898592471079786473e-03
9.270238011655114185e-01 2.898483817670923467e-03
9.279512886330849586e-01 2.898476011531770855e-03
9.288797040520245796e-01 2.898497395517621138e-03
9.298090483507445159e-01 2.898488365350710902e-03
9.307393224585915892e-01 2.898525599573683990e-03
9.316705273058381032e-01 2.898543581189473237e-03
9.326026638236895039e-01 2.898506247525152631e-03
9.335357329442838248e-01 2.898539517364184803e-03
9.344697356006889111e-01 2.898640204595169870e-03
9.354046727269068606e-01 2.898602062139764811e-03
9.363405452578753563e-01 2.898549744570291971e-03
9.372773541294663335e-01 2.898604024554444353e-03
9.382151002784899774e-01 2.898673754846271475e-03
9.391537846426917246e-01 2.898860638842106451e-03
9.400934081607547066e-01 2.899045988366177797e-03
9.410339717723049668e-01 2.899001231492277612e-03
9.419754764179059103e-01 2.898984926044138356e-03
9.429179230390614119e-01 2.899273446621537451e-03
9.438613125782181479e-01 2.899103879508047217e-03
9.448056459787667061e-01 2.899348627291674710e-03
9.457509241850403647e-01 2.899553021729245166e-03
9.466971481423157586e-01 2.899930107995038042e-03
9.476443187968174309e-01 2.900634072968046994e-03
9.485924370957175000e-01 2.900989202960654444e-03
9.495415039871341056e-01 2.900472198682730283e-03
9.504915204201344059e-01 2.901840732044780845e-03
9.514424873447341335e-01 2.901266403969127682e-03
9.523944057118994833e-01 2.901537222635278308e-03
9.533472764735499982e-01 2.902003638368637686e-03
9.543011005825563497e-01 2.902206269715049830e-03
9.552558789927436678e-01 2.902351276057439557e-03
9.562116126588898757e-01 2.903520852893626963e-03
9.571683025367276887e-01 2.904992539164235298e-03
9.581259495829482775e-01 2.904272880459219698e-03
9.590845547552002692e-01 2.904757669317118221e-03
9.600441190120854174e-01 2.906294564789127163e-03
9.610046433131675947e-01 2.907816826734414134e-03
9.619661286189739036e-01 2.907916992252367050e-03
9.629285758909905679e-01 2.909392407384261969e-03
9.638919860916628224e-01 2.910884559837310058e-03
9.648563601844011295e-01 2.910863994525204890e-03
9.658216991335795143e-01 2.911879197309764911e-03
9.667880039045362306e-01 2.912922422603355169e-03
9.677552754635757593e-01 2.912084695134763233e-03
9.687235147779708067e-01 2.915181433886740534e-03
9.696927228159630818e-01 2.923151590107375859e-03
9.706629005467596327e-01 2.920485820544189894e-03
9.716340489405361769e-01 2.916183200996435784e-03
9.726061689684449840e-01 2.915414714906577366e-03
9.735792616026035518e-01 2.915843881514568366e-03
9.745533278161038204e-01 2.917498250364548677e-03
9.755283685830130613e-01 2.917631607716421847e-03
9.765043848783711011e-01 2.917341129054409031e-03
9.774813776781959840e-01 2.918463791447637942e-03
9.784593479594798637e-01 2.919095138900821423e-03
9.794382967001936668e-01 2.920555708794017862e-03
9.804182248792859822e-01 2.922517249134794735e-03
9.813991334766843933e-01 2.923628178662056668e-03
9.823810234732978097e-01 2.925474036863238980e-03
9.833638958510170225e-01 2.927565682317201032e-03
9.843477515927149257e-01 2.929672328484060617e-03
9.853325916822468500e-01 2.932426196010445851e-03
9.863184171044501181e-01 2.935640052944187006e-03
9.873052288451531489e-01 2.938814504928558696e-03
9.882930278911683519e-01 2.939644530356493903e-03
9.892818152302930157e-01 2.939859129673488922e-03
9.902715918513149695e-01 2.935911596592701272e-03
9.912623587440111406e-01 2.932084284469173643e-03
9.922541168991476646e-01 2.933038868940930285e-03
9.932468673084843269e-01 2.937329691669393009e-03
9.942406109647716761e-01 2.944657819333441201e-03
9.952353488617531330e-01 2.956201282251752667e-03
9.962310819941662121e-01 2.951263610723450521e-03
9.972278113577441871e-01 2.939629305069902960e-03
9.982255379492167569e-01 2.936587372651352969e-03
9.992242627663093790e-01 2.938201689944184777e-03
1.000223986807747600e+00 2.939271065457225822e-03
1.001224711073256834e+00 2.939054947863948761e-03
1.002226436563560474e+00 2.939345603629918077e-03
1.003229164280384333e+00 2.939870457406441526e-03
1.004232895226455646e+00 2.940531349963341860e-03
1.005237630405505511e+00 2.942299713241825192e-03
1.006243370822270000e+00 2.944857117779888216e-03
1.007250117482488161e+00 2.946225212332708940e-03
1.008257871392907346e+00 2.946587160216370196e-03
1.009266633561284321e+00 2.944085230123179991e-03
1.010276404996379940e+00 2.938860735298394391e-03
1.011287186707962471e+00 2.935891250203292915e-03
1.012298979706815372e+00 2.934588129607250406e-03
1.013311785004731513e+00 2.939962515076721683e-03
1.014325603614517401e+00 2.948770175697844158e-03
1.015340436549991621e+00 2.946992462085649966e-03
1.016356284825987721e+00 2.941335837172089681e-03
1.017373149458352000e+00 2.939075713179965799e-03
1.018391031463949936e+00 2.940793399009506131e-03
1.019409931860664198e+00 2.943150506623754513e-03
1.020429851667395971e+00 2.941313077233501799e-03
1.021450791904064959e+00 2.941255107536309109e-03
1.022472753591610495e+00 2.942671471513932935e-03
1.023495737751995538e+00 2.942299154138448315e-03
1.024519745408203342e+00 2.943798586262590632e-03
1.025544777584241007e+00 2.946370474818367155e-03
1.026570835305141705e+00 2.945849306519839842e-03
1.027597919596963782e+00 2.944683885746833540e-03
1.028626031486790104e+00 2.942868945959314746e-03
1.029655172002734043e+00 2.940066905261314555e-03
1.030685342173935926e+00 2.936449797199377522e-03
1.031716543030566147e+00 2.933512963542782986e-03
1.032748775603824720e+00 2.929429775065540715e-03
1.033782040925944834e+00 2.926838569853160502e-03
1.034816340030192627e+00 2.924095280402901672e-03
1.035851673950866303e+00 2.921339518111783738e-03
1.036888043723299679e+00 2.919077621307217870e-03
1.037925450383862858e+00 2.916134136659334370e-03
1.038963894969963331e+00 2.913681986178753673e-03
1.040003378520046207e+00 2.911884292451544752e-03
1.041043902073592431e+00 2.909271305541087822e-03
1.042085466671125449e+00 2.907542827780883708e-03
1.043128073354212981e+00 2.906671846162920975e-03
1.044171723165462140e+00 2.904827218943064216e-03
1.045216417148520982e+00 2.903955061988815721e-03
1.046262156348083616e+00 2.902494792058823731e-03
1.047308941809890870e+00 2.901648290405148874e-03
1.048356774580727402e+00 2.900788262687430466e-03
1.049405655708424367e+00 2.901064036763999470e-03
1.050455586241864525e+00 2.900015532862828226e-03
1.051506567230979794e+00 2.899379354208250076e-03
1.052558599726749256e+00 2.898647545735331781e-03
1.053611684781205371e+00 2.898217203494189188e-03
1.054665823447434869e+00 2.897627553397196399e-03
1.055721016779575638e+00 2.897265497335678713e-03
1.056777265832821389e+00 2.896979846077193596e-03
1.057834571663421430e+00 2.897082796655623023e-03
1.058892935328680673e+00 2.896753987953604084e-03
1.059952357886963181e+00 2.896662280823407432e-03
1.061012840397692836e+00 2.896619848986231593e-03
1.062074383921351339e+00 2.896785477503170496e-03
1.063136989519481546e+00 2.897539872692929397e-03
1.064200658254688792e+00 2.898448119693748919e-03
1.065265391190642452e+00 2.898403993953556530e-03
1.066331189392076162e+00 2.898267236610384441e-03
1.067398053924788259e+00 2.897678099145653378e-03
1.068465985855643563e+00 2.896862080526726828e-03
1.069534986252574260e+00 2.896059984532278926e-03
1.070605056184579462e+00 2.895559886527494450e-03
1.071676196721730756e+00 2.895279217958951837e-03
1.072748408935168429e+00 2.894928554822861003e-03
1.073821693897103469e+00 2.894823461815562281e-03
1.074896052680821112e+00 2.894693087532244739e-03
1.075971486360680407e+00 2.894731112713927815e-03
1.077047996012116871e+00 2.894603951054476425e-03
1.078125582711639385e+00 2.894586936653128530e-03
1.079204247536833972e+00 2.894342796657995483e-03
1.080283991566367119e+00 2.894229939842803741e-03
1.081364815879982011e+00 2.894363446821786225e-03
1.082446721558502079e+00 2.894648098258467434e-03
1.083529709683832998e+00 2.894738400446517958e-03
1.084613781338964023e+00 2.895028974958854112e-03
1.085698937607967762e+00 2.895652932056753254e-03
1.086785179575999072e+00 2.896273113039870423e-03
1.087872508329299936e+00 2.897453399503966721e-03
1.088960924955200360e+00 2.899359005861418780e-03
1.090050430542115478e+00 2.901111330914287346e-03
1.091141026179552442e+00 2.903261821814303537e-03
1.092232712958106200e+00 2.905484399505322765e-03
1.093325491969463270e+00 2.907429316127525636e-03
1.094419364306403519e+00 2.909077234745602227e-03
1.095514331062799718e+00 2.910165773217491484e-03
1.096610393333617983e+00 2.909962796827786791e-03
1.097707552214920890e+00 2.910422529031514959e-03
1.098805808803868134e+00 2.911073261487571312e-03
1.099905164198715202e+00 2.909716675404896199e-03
1.101005619498818477e+00 2.905453089020702817e-03
1.102107175804632577e+00 2.905058648927856188e-03
1.103209834217713237e+00 2.906151633058659794e-03
1.104313595840720197e+00 2.908021296091094134e-03
1.105418461777413652e+00 2.911291018885999414e-03
1.106524433132661356e+00 2.916834003827790608e-03
1.107631511012435288e+00 2.912197202968772915e-03
1.108739696523812546e+00 2.917653258276792835e-03
1.109848990774979782e+00 2.918986537459590004e-03
1.110959394875229211e+00 2.917292412998779855e-03
1.112070909934964602e+00 2.919295668234782315e-03
1.113183537065703277e+00 2.924107538158508216e-03
1.114297277380072559e+00 2.928445986663961911e-03
1.115412131991812217e+00 2.932582278316797977e-03
1.116528102015776458e+00 2.935215214894323389e-03
1.117645188567933490e+00 2.939304417074708325e-03
1.118763392765371512e+00 2.941510139931113182e-03
1.119882715726297162e+00 2.944907955818639161e-03
1.121003158570033076e+00 2.947570875801634391e-03
1.122124722417020326e+00 2.952024750719371357e-03
1.123247408388822866e+00 2.956069518088654847e-03
1.124371217608127527e+00 2.955587081488736303e-03
1.125496151198744688e+00 2.958432344452176406e-03
1.126622210285607384e+00 2.963222920315122886e-03
1.127749395994771975e+00 2.964356468563690908e-03
1.128877709453426359e+00 2.954077353617940750e-03
1.130007151789885311e+00 2.952461327068907088e-03
1.131137724133588929e+00 2.948882549576176126e-03
1.132269427615111068e+00 2.943358665276850188e-03
1.133402263366155127e+00 2.942203344032699903e-03
1.134536232519556265e+00 2.955081016935692459e-03
1.135671336209286064e+00 2.964920617329404838e-03
1.136807575570448314e+00 2.969323388299500467e-03
1.137944951739279231e+00 2.960313369905026321e-03
1.139083465853155674e+00 2.951101479175164202e-03
1.140223119050594480e+00 2.946946054349045864e-03
1.141363912471246245e+00 2.949451581790425801e-03
1.142505847255904872e+00 2.950525699080728485e-03
1.143648924546506684e+00 2.951243014404894907e-03
1.144793145486128871e+00 2.951891238478756164e-03
1.145938511218992373e+00 2.950572009628356536e-03
1.147085022890461214e+00 2.948679203895980885e-03
1.148232681647048281e+00 2.949961982788091869e-03
1.149381488636412874e+00 2.950584091648398091e-03
1.150531445007361153e+00 2.952329898898433183e-03
1.151682551909849916e+00 2.955734667751989779e-03
1.152834810494985263e+00 2.957202413774542328e-03
1.153988221915028811e+00 2.957960583799425398e-03
1.155142787323389930e+00 2.961220702061581264e-03
1.156298507874635062e+00 2.965972954727304906e-03
1.157455384724486835e+00 2.969335771154307108e-03
1.158613419029816960e+00 2.972611471918082306e-03
1.159772611948661325e+00 2.975068229144843708e-03
1.160932964640214893e+00 2.976029487594595603e-03
1.162094478264829478e+00 2.975256764056077863e-03
1.163257153984020631e+00 2.973037791317282089e-03
1.164420992960464529e+00 2.970050496227883124e-03
1.165585996357997089e+00 2.969740299438001965e-03
1.166752165341621739e+00 2.966747872810942058e-03
1.167919501077509192e+00 2.965738363249564857e-03
1.169088004732994568e+00 2.970342032315867378e-03
1.170257677476581604e+00 2.975076272053719939e-03
1.171428520477943325e+00 2.984942162188694743e-03
1.172600534907923375e+00 2.993871915380531303e-03
1.173773721938536241e+00 2.988999728774824338e-03
1.174948082742969024e+00 2.977643502785110724e-03
1.176123618495583001e+00 2.970477864819466053e-03
1.177300330371911397e+00 2.967438596264314159e-03
1.178478219548668493e+00 2.968439247566059900e-03
1.179657287203744964e+00 2.967941420400691671e-03
1.180837534516205212e+00 2.967893983940737140e-03
1.182018962666298245e+00 2.967598269544745575e-03
1.183201572835452797e+00 2.968864615931222136e-03
1.184385366206279766e+00 2.968144330438250798e-03
1.185570343962571549e+00 2.966258970656995148e-03
1.186756507289305596e+00 2.966795418123524888e-03
1.187943857372644185e+00 2.963393234103285298e-03
1.189132395399938202e+00 2.960785254142059026e-03
1.190322122559727358e+00 2.958737806483747318e-03
1.191513040041739746e+00 2.954925889175827325e-03
1.192705149036892065e+00 2.952244391491354661e-03
1.193898450737292283e+00 2.950062280775561478e-03
1.195092946336242523e+00 2.948189524499912617e-03
1.196288637028239288e+00 2.946520858412834086e-03
1.197485524008971902e+00 2.942999573469357033e-03
1.198683608475328288e+00 2.939639058959573302e-03
1.199882891625392523e+00 2.935872110850579544e-03
1.201083374658448388e+00 2.933828142300425653e-03
1.202285058774978488e+00 2.933825718142632315e-03
1.203487945176667351e+00 2.934504447347384068e-03
1.204692035066401878e+00 2.932689582721130506e-03
1.205897329648271787e+00 2.930936359878847080e-03
1.207103830127570721e+00 2.928648497868583875e-03
1.208311537710799799e+00 2.925005428685882418e-03
1.209520453605668511e+00 2.922328061458355844e-03
1.210730579021092268e+00 2.920442496063403118e-03
1.211941915167195072e+00 2.916077089558035892e-03
1.213154463255313065e+00 2.915043438059557353e-03
1.214368224497995641e+00 2.914556523629290106e-03
1.215583200109004336e+00 2.913070441837851271e-03
1.216799391303313715e+00 2.914067617197295228e-03
1.218016799297116037e+00 2.914040428965825220e-03
1.219235425307820142e+00 2.913169059918624924e-03
1.220455270554050786e+00 2.910886179005718350e-03
1.221676336255654416e+00 2.910694738135511609e-03
1.222898623633697612e+00 2.910488369090348266e-03
1.224122133910464649e+00 2.910917222265390833e-03
1.225346868309468595e+00 2.909785216355211326e-03
1.226572828055445985e+00 2.909177849685615040e-03
1.227800014374351933e+00 2.907533417731937055e-03
1.229028428493374347e+00 2.906277585267692028e-03
1.230258071640927708e+00 2.906887225376718516e-03
1.231488945046652184e+00 2.904238267728062768e-03
1.232721049941425173e+00 2.901830868311799407e-03
1.233954387557350874e+00 2.901328805109422600e-03
1.235188959127763386e+00 2.901652733318358518e-03
1.236424765887237598e+00 2.900409981608543641e-03
1.237661809071581853e+00 2.898720783567810926e-03
1.238900089917839509e+00 2.898202567291383903e-03
1.240139609664291376e+00 2.899113962705885533e-03
1.241380369550453722e+00 2.898622780134586276e-03
1.242622370817087374e+00 2.896956145853822086e-03
1.243865614706197942e+00 2.896245472156324871e-03
1.245110102461026935e+00 2.896035235603028769e-03
1.246355835326061534e+00 2.895218054838184958e-03
1.247602814547033478e+00 2.894850476669694195e-03
1.248851041370924841e+00 2.894353673034255614e-03
1.250100517045962700e+00 2.893918455408057283e-03
1.251351242821620691e+00 2.894208477938600265e-03
1.252603219948625890e+00 2.893228760429002178e-03
1.253856449678957707e+00 2.893398786229994888e-03
1.255110933265842998e+00 2.893773748904589042e-03
1.256366671963763171e+00 2.893613454172103312e-03
1.257623667028460623e+00 2.892955070693660567e-03
1.258881919716930087e+00 2.891011406662733190e-03
1.260141431287421954e+00 2.890229176210644835e-03
1.261402202999453381e+00 2.889887905966091047e-03
1.262664236113794747e+00 2.889132201543561339e-03
1.263927531892475642e+00 2.888751817223654365e-03
1.265192091598793755e+00 2.888456378196246638e-03
1.266457916497307101e+00 2.888556653976489304e-03
1.267725007853840458e+00 2.888268856590882686e-03
1.268993366935489364e+00 2.887802655163405376e-03
1.270262995010613016e+00 2.887658862643981399e-03
1.271533893348834932e+00 2.887748529927563947e-03
1.272806063221056050e+00 2.887615885243230776e-03
1.274079505899448517e+00 2.887555661865131261e-03
1.275354222657453018e+00 2.887652961905708832e-03
1.276630214769785443e+00 2.888052640290967709e-03
1.277907483512440212e+00 2.888166681883530713e-03
1.279186030162684506e+00 2.888689357215997507e-03
1.280465855999067148e+00 2.889003182308697015e-03
1.281746962301411275e+00 2.889411350538832919e-03
1.283029350350822995e+00 2.890515834847152098e-03
1.284313021429691171e+00 2.891554344583890240e-03
1.285597976821686306e+00 2.892501827662162343e-03
1.286884217811765874e+00 2.893325574392769002e-03
1.288171745686169212e+00 2.895798818787554026e-03
1.289460561732425514e+00 2.897931695701328435e-03
1.290750667239352723e+00 2.900117131409235723e-03
1.292042063497055082e+00 2.902599633258430133e-03
1.293334751796928028e+00 2.903783642234690834e-03
1.294628733431660184e+00 2.904894812634410597e-03
1.295924009695232693e+00 2.903816382985544356e-03
1.297220581882923440e+00 2.905381856051195491e-03
1.298518451291303943e+00 2.905493812549386594e-03
1.299817619218243570e+00 2.906989342070007750e-03
1.301118086962911757e+00 2.908119218913054159e-03
1.302419855825775574e+00 2.909595022910722861e-03
1.303722927108603713e+00 2.908755394906994106e-03
1.305027302114467824e+00 2.908543052598400874e-03
1.306332982147742738e+00 2.910967517867080797e-03
1.307639968514106243e+00 2.912568297735905302e-03
1.308948262520545081e+00 2.913860947968060708e-03
1.310257865475357386e+00 2.912968245336196825e-03
1.311568778688145365e+00 2.916774702036504900e-03
1.312881003469822394e+00 2.921923347703178631e-03
1.314194541132613248e+00 2.923112762920408551e-03
1.315509392990052095e+00 2.921864864154131644e-03
1.316825560356992275e+00 2.927670436031720551e-03
1.318143044549605181e+00 2.926840745520866392e-03
1.319461846885372491e+00 2.922147056252897244e-03
1.320781968683094609e+00 2.927312874741642458e-03
1.322103411262894657e+00 2.925693248100150710e-03
1.323426175946215588e+00 2.922915360444875224e-03
1.324750264055823967e+00 2.919968591131028024e-03
1.326075676915806634e+00 2.919983427689084796e-03
1.327402415851577810e+00 2.928012544624392262e-03
1.328730482189877105e+00 2.941171872195102836e-03
1.330059877258766621e+00 2.943087479111840526e-03
1.331390602387644506e+00 2.958897270041526729e-03
1.332722658907238511e+00 2.950565010402337023e-03
1.334056048149601548e+00 2.944885333937689083e-03
1.335390771448121905e+00 2.945251122090331627e-03
1.336726830137523470e+00 2.946952503865911746e-03
1.338064225553867281e+00 2.945076421932267367e-03
1.339402959034549756e+00 2.948976678132774615e-03
1.340743031918303130e+00 2.952526134984083395e-03
1.342084445545197235e+00 2.955543768785765663e-03
1.343427201256649495e+00 2.954327271437381334e-03
1.344771300395417146e+00 2.957261428784992846e-03
1.346116744305594359e+00 2.958596238627241200e-03
1.347463534332628665e+00 2.958209917862587423e-03
1.348811671823311853e+00 2.959993392729746466e-03
1.350161158125778860e+00 2.960787693677034531e-03
1.351511994589517540e+00 2.963765020366225782e-03
1.352864182565362894e+00 2.965066697110379981e-03
1.354217723405502616e+00 2.962534504715731189e-03
1.355572618463477541e+00 2.964201489071578016e-03
1.356928869094182311e+00 2.970374924670872007e-03
1.358286476653869368e+00 2.976779074542966995e-03
1.359645442500145185e+00 2.976759519765181678e-03
1.361005767991978699e+00 2.975783600976986132e-03
1.362367454489693541e+00 2.974196685089229401e-03
1.363730503354976253e+00 2.964599089001370563e-03
1.365094915950876286e+00 2.960529974430530994e-03
1.366460693641805557e+00 2.965664321151692713e-03
1.367827837793544221e+00 2.966181514395117673e-03
1.369196349773232901e+00 2.964850349368230737e-03
1.370566230949384456e+00 2.971041327048193868e-03
1.371937482691882648e+00 2.973205728982220540e-03
1.373310106371978812e+00 2.973966383764192062e-03
1.374684103362296073e+00 2.972208079948402554e-03
1.376059475036832236e+00 2.972624172356063549e-03
1.377436222770957119e+00 2.973925056358940611e-03
1.378814347941416329e+00 2.977181636701044069e-03
1.380193851926337034e+00 2.978355006411502644e-03
1.381574736105227075e+00 2.978285332850187303e-03
1.382957001858968082e+00 2.976915753669951217e-03
1.384340650569826359e+00 2.978593524695523007e-03
1.385725683621453097e+00 2.980231389044048565e-03
1.387112102398877056e+00 2.979560496888871216e-03
1.388499908288514106e+00 2.976663241632283678e-03
1.389889102678176336e+00 2.976400461838301682e-03
1.391279686957059170e+00 2.977521336202783395e-03
1.392671662515744480e+00 2.979588544582612540e-03
1.394065030746209910e+00 2.979900953727900210e-03
1.395459793041823549e+00 2.980763718339813836e-03
1.396855950797346368e+00 2.983440884905620531e-03
1.398253505408935560e+00 2.986203441628700397e-03
1.399652458274146971e+00 2.981890064008613575e-03
1.401052810791931336e+00 2.980211786837961944e-03
1.402454564362640488e+00 2.976019073121260235e-03
1.403857720388033359e+00 2.976989596784251554e-03
1.405262280271267539e+00 2.976499067182435902e-03
1.406668245416895724e+00 2.977150857400386822e-03
1.408075617230885701e+00 2.976029658758649887e-03
1.409484397120611021e+00 2.974614736883368984e-03
1.410894586494849667e+00 2.970822691490445332e-03
1.412306186763792493e+00 2.969298819221148807e-03
1.413719199339038557e+00 2.969690258834197221e-03
1.415133625633601788e+00 2.969429155657987793e-03
1.416549467061908762e+00 2.968913043543583777e-03
1.417966725039802256e+00 2.969388909754097465e-03
1.419385400984539025e+00 2.967205313320252225e-03
1.420805496314794913e+00 2.968129705793644789e-03
1.422227012450665296e+00 2.967258374176177851e-03
1.423649950813663079e+00 2.965721859152033527e-03
1.425074312826731360e+00 2.962627185854492182e-03
1.426500099914232100e+00 2.961299090458588672e-03
1.427927313501950124e+00 2.961592982836228939e-03
1.429355955017101332e+00 2.959175365730464663e-03
1.430786025888328483e+00 2.959870830483437958e-03
1.432217527545700975e+00 2.958744328378709338e-03
1.433650461420720168e+00 2.954766518064190668e-03
1.435084828946318947e+00 2.952640983261718872e-03
1.436520631556862826e+00 2.953486189873459795e-03
1.437957870688159057e+00 2.954230490712534372e-03
1.439396547777445301e+00 2.955313017898896985e-03
1.440836664263399847e+00 2.955563083770603762e-03
1.442278221586138942e+00 2.952208422375746794e-03
1.443721221187219905e+00 2.948669831765412738e-03
1.445165664509644454e+00 2.947674147768186530e-03
1.446611552997854488e+00 2.947796166914553283e-03
1.448058888097737640e+00 2.945576375573041947e-03
1.449507671256628161e+00 2.945483292710769294e-03
1.450957903923310921e+00 2.945394767272652582e-03
1.452409587548018299e+00 2.945839227267738926e-03
1.453862723582431071e+00 2.943574917384847792e-03
1.455317313479687957e+00 2.941318188118763680e-03
1.456773358694377629e+00 2.937847895099347448e-03
1.458230860682547148e+00 2.936343915958780724e-03
1.459689820901702628e+00 2.934360081525264844e-03
1.461150240810803247e+00 2.934667268158087060e-03
1.462612121870266346e+00 2.932056356850573989e-03
1.464075465541970544e+00 2.934588226750078910e-03
1.465540273289261508e+00 2.935918567637306985e-03
1.467006546576947734e+00 2.933398594636307463e-03
1.468474286871301882e+00 2.932430328133644147e-03
1.469943495640066322e+00 2.929377633174052621e-03
1.471414174352450921e+00 2.932608428523103029e-03
1.472886324479134590e+00 2.936407448495084206e-03
1.474359947492264622e+00 2.931775960047199037e-03
1.475835044865461132e+00 2.926530357779725221e-03
1.477311618073823940e+00 2.920862416209275142e-03
1.478789668593927464e+00 2.919852424232458749e-03
1.480269197903824496e+00 2.918114168422337139e-03
1.481750207483043980e+00 2.915634710965261771e-03
1.483232698812595229e+00 2.916437879818558308e-03
1.484716673374970375e+00 2.914678555990034801e-03
1.486202132654143915e+00 2.911439426011035517e-03
1.487689078135571830e+00 2.910334453332165741e-03
1.489177511306200907e+00 2.910252113260238319e-03
1.490667433654462082e+00 2.909856632352444440e-03
1.492158846670277539e+00 2.914346571557132302e-03
1.493651751845064934e+00 2.911444039697565558e-03
1.495146150671732066e+00 2.909240079818354620e-03
1.496642044644675762e+00 2.908450709604146200e-03
1.498139435259789654e+00 2.905573456878775968e-03
1.499638324014464175e+00 2.907237669103854803e-03
1.501138712407587894e+00 2.910037945787571391e-03
1.502640601939549292e+00 2.908964024198833036e-03
1.504143994112236538e+00 2.906098337337236458e-03
1.505648890429041931e+00 2.905146513296354149e-03
1.507155292394863233e+00 2.904015583042166004e-03
1.508663201516102337e+00 2.901879219956849613e-03
1.510172619300667263e+00 2.898943639687983753e-03
1.511683547257977489e+00 2.899348595425795851e-03
1.513195986898960399e+00 2.898294869506384038e-03
1.514709939736056388e+00 2.896636947718341480e-03
1.516225407283221971e+00 2.895701967298263714e-03
1.517742391055919793e+00 2.895153073418466755e-03
1.519260892571135058e+00 2.895712843688113235e-03
1.520780913347369978e+00 2.893469110621662947e-03
1.522302454904641111e+00 2.893209110074384388e-03
1.523825518764496234e+00 2.894556220233137668e-03
1.525350106449998355e+00 2.896150979078944768e-03
1.526876219485730601e+00 2.895533253127524631e-03
1.528403859397809539e+00 2.895143568504394364e-03
1.529933027713875626e+00 2.896526446957109306e-03
1.531463725963096323e+00 2.896806889700270088e-03
1.532995955676171640e+00 2.898967356182397936e-03
1.534529718385328367e+00 2.898660386766361945e-03
1.536065015624331398e+00 2.896751860418029720e-03
1.537601848928477732e+00 2.895164169284931543e-03
1.539140219834601586e+00 2.896472454900909672e-03
1.540680129881076166e+00 2.896051258242987939e-03
1.542221580607809006e+00 2.892218894249003625e-03
1.543764573556249298e+00 2.889656558055517591e-03
1.545309110269391661e+00 2.890194066922499236e-03
1.546855192291775483e+00 2.891533533024420559e-03
1.548402821169480026e+00 2.888911212041749259e-03
1.549951998450135093e+00 2.888014121273701530e-03
1.551502725682915251e+00 2.896806290656660666e-03
1.553055004418552043e+00 2.902424557466947840e-03
1.554608836209321776e+00 2.902940544770007437e-03
1.556164222609055736e+00 2.904304056611187873e-03
1.557721165173142852e+00 2.899181220216946915e-03
1.559279665458526809e+00 2.902297971053452788e-03
1.560839725023707159e+00 2.906533925024526802e-03
1.562401345428738431e+00 2.904512794634524567e-03
1.563964528235243456e+00 2.902880634048473057e-03
1.565529275006407373e+00 2.899638724277268324e-03
1.567095587306978954e+00 2.905073475574157515e-03
1.568663466703268616e+00 2.908666939003453841e-03
1.570232914763154186e+00 2.913220856420315960e-03
1.571803933056086233e+00 2.914270947138276717e-03
1.573376523153083406e+00 2.911279677058331832e-03
1.574950686626736207e+00 2.906849850888253064e-03
1.576526425051205660e+00 2.906107608407857736e-03
1.578103740002232414e+00 2.907182096072220834e-03
1.579682633057129193e+00 2.905062187783296647e-03
1.581263105794789903e+00 2.903745680070153080e-03
1.582845159795690959e+00 2.898010699271026842e-03
1.584428796641883297e+00 2.893490473131799662e-03
1.586014017917000585e+00 2.892012486008997164e-03
1.587600825206265887e+00 2.889361120314196986e-03
1.589189220096486999e+00 2.888691971033099069e-03
1.590779204176061778e+00 2.889444279468437234e-03
1.592370779034972816e+00 2.888995015851981291e-03
1.593963946264796538e+00 2.889286264880752773e-03
1.595558707458699654e+00 2.891599096952073445e-03
1.597155064211443820e+00 2.896853843323673929e-03
1.598753018119386970e+00 2.902460508264476449e-03
1.600352570780481987e+00 2.908854293981283975e-03
1.601953723794279805e+00 2.912100042117699017e-03
1.603556478761936521e+00 2.914563063907727423e-03
1.605160837286207842e+00 2.912338274975084362e-03
1.606766800971446418e+00 2.916652842801036472e-03
1.608374371423619609e+00 2.920214540346808066e-03
1.609983550250299711e+00 2.922454213338816775e-03
1.611594339060662628e+00 2.925169158963951844e-03
1.613206739465496975e+00 2.924801257101069044e-03
1.614820753077206072e+00 2.929210089811561633e-03
1.616436381509801290e+00 2.929053987569889619e-03
1.618053626378912035e+00 2.932450463810925070e-03
1.619672489301787088e+00 2.935842400185833395e-03
1.621292971897287050e+00 2.939379303368447327e-03
1.622915075785891670e+00 2.940901992894442984e-03
1.624538802589707176e+00 2.940917261655677517e-03
1.626164153932458944e+00 2.946760604972628941e-03
1.627791131439499495e+00 2.951540935641635242e-03
1.629419736737808710e+00 2.947179356045604749e-03
1.631049971455992953e+00 2.951396921239924850e-03
1.632681837224285060e+00 2.953671258802168659e-03
1.634315335674550784e+00 2.949746394482163567e-03
1.635950468440285910e+00 2.950871986891512398e-03
1.637587237156621134e+00 2.947748616679684783e-03
1.639225643460328952e+00 2.946587631604670552e-03
1.640865688989819882e+00 2.949590431500032084e-03
1.642507375385137580e+00 2.949307235784198560e-03
1.644150704287967502e+00 2.950161220157898612e-03
1.645795677341638452e+00 2.957823528591209047e-03
1.647442296191123257e+00 2.962853332055406276e-03
1.649090562483041200e+00 2.969824746848352074e-03
1.650740477865659139e+00 2.963949065729635287e-03
1.652392043988892389e+00 2.946931765021060679e-03
1.654045262504306946e+00 2.951872046031493203e-03
1.655700135065121037e+00 2.963548840750545883e-03
1.657356663326206681e+00 2.956403576363591645e-03
1.659014848944093901e+00 2.949506412924181135e-03
1.660674693576969618e+00 2.943085353046214457e-03
1.662336198884679206e+00 2.945438819299828377e-03
1.663999366528727597e+00 2.950089547673497188e-03
1.665664198172280175e+00 2.973850985506474275e-03
1.667330695480168323e+00 2.973466832746966566e-03
1.668998860118890315e+00 2.967102758044669678e-03
1.670668693756610423e+00 2.958239660524497605e-03
1.672340198063163363e+00 2.959289621901038409e-03
1.674013374710054736e+00 2.959191514272514235e-03
1.675688225370461693e+00 2.956206185006991782e-03
1.677364751719235381e+00 2.959374256088526979e-03
1.679042955432901163e+00 2.956706609493577054e-03
1.680722838189662172e+00 2.960676006492852022e-03
1.682404401669400640e+00 2.956140025069064342e-03
1.684087647553678346e+00 2.960389931957992452e-03
1.685772577525743277e+00 2.960164602901539828e-03
1.687459193270526736e+00 2.960504194983891967e-03
1.689147496474642685e+00 2.961461721663145343e-03
1.690837488826394841e+00 2.963193297909573129e-03
1.692529172015778904e+00 2.965590173300869468e-03
1.694222547734476558e+00 2.968190923241578131e-03
1.695917617675862132e+00 2.968942150717043468e-03
1.697614383535007043e+00 2.972575704844165542e-03
1.699312847008676020e+00 2.976161465032502694e-03
1.701013009795334652e+00 2.979590324715242818e-03
1.702714873595143619e+00 2.983691745130193779e-03
1.704418440109970900e+00 2.981860666835860207e-03
1.706123711043382896e+00 2.981171329771978729e-03
1.707830688100642424e+00 2.976918793427841062e-03
1.709539372988733374e+00 2.976912991203965221e-03
1.711249767416338718e+00 2.981126406686942544e-03
1.712961873093852061e+00 2.979955043623068109e-03
1.714675691733381635e+00 2.975367769784098906e-03
1.716391225048744973e+00 2.963615835887925456e-03
1.718108474755477122e+00 2.963331759224246877e-03
1.719827442570826870e+00 2.964886715612678400e-03
1.721548130213762073e+00 2.969568787761707983e-03
1.723270539404973212e+00 2.975160637343952919e-03
1.724994671866867391e+00 2.974988053040568056e-03
1.726720529323575670e+00 2.978171130845830641e-03
1.728448113500954619e+00 2.981193368506284986e-03
1.730177426126591422e+00 2.976820547004303645e-03
1.731908468929799882e+00 2.975307096313155753e-03
1.733641243641623975e+00 2.973841019890938360e-03
1.735375751994837401e+00 2.970762040429174387e-03
1.737111995723943592e+00 2.968553722391250628e-03
1.738849976565191469e+00 2.967770779356351807e-03
1.740589696256562569e+00 2.966307132873574615e-03
1.742331156537773262e+00 2.964113830839671792e-03
1.744074359150284748e+00 2.963281433056005019e-03
1.745819305837302604e+00 2.960684232747026398e-03
1.747565998343771909e+00 2.962732294281856735e-03
1.749314438416384787e+00 2.962222147259074758e-03
1.751064627803578855e+00 2.958875091242376201e-03
1.752816568255545659e+00 2.960076031436180768e-03
1.754570261524226682e+00 2.963852986766184281e-03
1.756325709363313337e+00 2.960938503127200257e-03
1.758082913528259406e+00 2.963588617948146285e-03
1.759841875776264164e+00 2.964354648880734074e-03
1.761602597866290143e+00 2.962262063750090504e-03
1.763365081559061576e+00 2.963565036079124967e-03
1.765129328617062621e+00 2.966467182754008083e-03
1.766895340804538028e+00 2.966196022150167921e-03
1.768663119887500246e+00 2.966841488414171963e-03
1.770432667633730528e+00 2.970995018406481780e-03
1.772203985812774718e+00 2.975138320352247769e-03
1.773977076195953018e+00 2.978755904596790301e-03
1.775751940556356212e+00 2.972718044889141945e-03
1.777528580668849223e+00 2.965705110863201335e-03
1.779306998310069110e+00 2.958362388748982195e-03
1.781087195258436395e+00 2.959755613377092285e-03
1.782869173294147958e+00 2.964900242098826577e-03
1.784652934199179475e+00 2.972124686354328006e-03
1.786438479757295417e+00 2.971193510534471047e-03
1.788225811754038830e+00 2.971932857054255736e-03
1.790014931976740220e+00 2.979236284052158221e-03
1.791805842214524880e+00 2.977299994070625386e-03
1.793598544258301342e+00 2.972387003561519081e-03
1.795393039900771148e+00 2.967347104271044443e-03
1.797189330936433072e+00 2.962363514839803577e-03
1.798987419161574230e+00 2.959162197857591846e-03
1.800787306374282082e+00 2.958681528004892744e-03
1.802588994374447084e+00 2.957992671792640180e-03
1.804392484963757148e+00 2.959547188177738888e-03
1.806197779945701409e+00 2.957741585760387953e-03
1.808004881125578445e+00 2.953634360113866798e-03
1.809813790310486503e+00 2.950688801985957167e-03
1.811624509309332831e+00 2.953808354211972728e-03
1.813437039932837891e+00 2.955095765259843806e-03
1.815251383993535805e+00 2.954431780232537851e-03
1.817067543305768362e+00 2.951270504996458908e-03
1.818885519685696339e+00 2.954465798942954198e-03
1.820705314951296394e+00 2.952949633459252786e-03
1.822526930922362842e+00 2.950710633918795546e-03
1.824350369420509876e+00 2.951238529785560165e-03
1.826175632269178672e+00 2.950732662689075671e-03
1.828002721293634281e+00 2.951071202310114397e-03
1.829831638320961185e+00 2.948012299662131769e-03
1.831662385180077957e+00 2.948968562104752663e-03
1.833494963701736369e+00 2.952206962602013911e-03
1.835329375718512734e+00 2.954567877737710596e-03
1.837165623064816344e+00 2.954286275168434457e-03
1.839003707576895463e+00 2.954994498209927590e-03
1.840843631092833554e+00 2.950459364540543479e-03
1.842685395452556607e+00 2.948483563545300709e-03
1.844529002497830250e+00 2.943392208902516349e-03
1.846374454072257976e+00 2.947711511231279960e-03
1.848221752021293796e+00 2.949506716962411058e-03
1.850070898192236912e+00 2.949038632603335347e-03
1.851921894434231275e+00 2.944109510547361641e-03
1.853774742598273795e+00 2.943365615119241437e-03
1.855629444537212569e+00 2.941694891341970625e-03
1.857486002105753542e+00 2.941107016932109890e-03
1.859344417160451179e+00 2.940313946516598560e-03
1.861204691559718905e+00 2.937221885613387588e-03
1.863066827163835537e+00 2.934271119654736221e-03
1.864930825834933525e+00 2.936700292262537076e-03
1.866796689437008716e+00 2.935032521913324369e-03
1.868664419835927903e+00 2.932132889405566177e-03
1.870534018899425055e+00 2.930754743235792180e-03
1.872405488497095316e+00 2.930336035380357029e-03
1.874278830500408777e+00 2.929344100412339426e-03
1.876154046782708917e+00 2.929526496310507454e-03
1.878031139219214163e+00 2.928232771990937552e-03
1.879910109687015440e+00 2.927171673966538941e-03
1.881790960065083063e+00 2.931330261352169293e-03
1.883673692234267838e+00 2.927518200049741576e-03
1.885558308077303735e+00 2.925444058307523007e-03
1.887444809478806107e+00 2.923505265594723151e-03
1.889333198325271468e+00 2.923872121406766687e-03
1.891223476505090817e+00 2.924846620689530198e-03
1.893115645908544309e+00 2.921667006849297359e-03
1.895009708427802808e+00 2.920244158689823226e-03
1.896905665956926557e+00 2.923023357206922315e-03
1.898803520391874500e+00 2.922198616635564641e-03
1.900703273630501844e+00 2.921806736638967589e-03
1.902604927572561166e+00 2.922520945711440648e-03
1.904508484119706857e+00 2.923479420834705286e-03
1.906413945175493785e+00 2.923096250969783177e-03
1.908321312645386625e+00 2.921875810401532332e-03
1.910230588436751864e+00 2.923540636462663468e-03
1.912141774458864463e+00 2.927686542950688406e-03
1.914054872622910297e+00 2.922426271466515603e-03
1.915969884841984605e+00 2.921487170816773008e-03
1.917886813031101978e+00 2.922206382662897138e-03
1.919805659107191032e+00 2.927982085043698193e-03
1.921726424989099069e+00 2.930023346476126785e-03
1.923649112597595190e+00 2.929199412352229137e-03
1.925573723855365182e+00 2.924351568965666195e-03
1.927500260687016409e+00 2.920526464188816403e-03
1.929428725019089796e+00 2.920052418568493471e-03
1.931359118780051842e+00 2.923756628428893570e-03
1.933291443900291728e+00 2.922912458154613806e-03
1.935225702312133089e+00 2.920424927009234155e-03
1.937161895949837120e+00 2.920861687572545197e-03
1.939100026749601025e+00 2.923262829226909616e-03
1.941040096649554014e+00 2.923508507380948897e-03
1.942982107589765972e+00 2.927570916477031417e-03
1.944926061512247673e+00 2.929434689350877453e-03
1.946871960360953446e+00 2.934339032457839586e-03
1.948819806081781847e+00 2.937982943984276604e-03
1.950769600622574540e+00 2.938476114891079485e-03
1.952721345933129404e+00 2.943592583972458147e-03
1.954675043965192760e+00 2.947549514417157571e-03
1.956630696672465364e+00 2.948840874373593809e-03
1.958588306010599522e+00 2.947152110488626686e-03
1.960547873937202201e+00 2.939338712469974184e-03
1.962509402411841242e+00 2.942803805810236158e-03
1.964472893396044695e+00 2.943918789549824621e-03
1.966438348853305484e+00 2.942266255989462505e-03
1.968405770749081407e+00 2.937605650273896179e-03
1.970375161050789359e+00 2.935304107226973953e-03
1.972346521727821544e+00 2.930060787315350891e-03
1.974319854751539927e+00 2.926026153336891335e-03
1.976295162095277336e+00 2.923534965826259015e-03
1.978272445734343465e+00 2.921950898473023393e-03
1.980251707646021986e+00 2.920591584747148431e-03
1.982232949809572320e+00 2.919903953850716462e-03
1.984216174206235195e+00 2.919339561453798346e-03
1.986201382819236860e+00 2.918383106029740631e-03
1.988188577633788201e+00 2.918159908082948277e-03
1.990177760637084958e+00 2.920053216738110677e-03
1.992168933818306620e+00 2.918491533567778989e-03
1.994162099168625746e+00 2.921322429189485235e-03
1.996157258681210633e+00 2.927540294034827045e-03
1.998154414351219765e+00 2.938964151805008307e-03
2.000153568175812691e+00 2.947606429954389984e-03
2.002154722154140476e+00 2.954737341004270643e-03
2.004157878287355921e+00 2.958756220828984759e-03
2.006163038578616220e+00 2.956904843809921891e-03
2.008170205033081412e+00 2.951560851103043285e-03
2.010179379657917487e+00 2.952106438047821454e-03
2.012190564462303932e+00 2.955229372912893896e-03
2.014203761457421749e+00 2.954600137937896283e-03
2.016218972656465880e+00 2.950407226482190150e-03
2.018236200074653208e+00 2.948061146236809205e-03
2.020255445729208343e+00 2.943330735242588678e-03
2.022276711639375613e+00 2.940103355908686537e-03
2.024299999826424390e+00 2.935699074692761038e-03
2.026325312313641991e+00 2.933071304033710736e-03
2.028352651126337669e+00 2.930530373804094216e-03
2.030382018291853274e+00 2.928919079294705231e-03
2.032413415839559701e+00 2.926783864770729493e-03
2.034446845800850667e+00 2.925814452242211233e-03
2.036482310209152935e+00 2.924736924546480869e-03
2.038519811099934298e+00 2.923919992307714814e-03
2.040559350510698700e+00 2.923634376251994880e-03
2.042600930480983124e+00 2.924121851869253101e-03
2.044644553052371361e+00 2.925744755477697849e-03
2.046690220268486460e+00 2.928124078422046032e-03
2.048737934174990283e+00 2.931962286653640691e-03
2.050787696819598604e+00 2.936788462240094363e-03
2.052839510252076671e+00 2.941101917920896196e-03
2.054893376524232984e+00 2.942487995442776092e-03
2.056949297689938838e+00 2.942345796218070499e-03
2.059007275805113224e+00 2.939453449364044964e-03
2.061067312927732598e+00 2.936108679556750055e-03
2.063129411117835765e+00 2.940358108770317527e-03
2.065193572437520775e+00 2.942178646670836825e-03
2.067259798950950689e+00 2.941382618025429642e-03
2.069328092724351809e+00 2.939815366416373942e-03
2.071398455826018559e+00 2.937915966261531869e-03
2.073470890326312155e+00 2.937745457801516601e-03
2.075545398297670818e+00 2.936130048817930070e-03
2.077621981814598229e+00 2.935309844433202711e-03
2.079700642953679068e+00 2.934014091053478539e-03
2.081781383793575468e+00 2.934177384662221399e-03
2.083864206415028342e+00 2.934861357516864618e-03
2.085949112900863156e+00 2.934860042067956830e-03
2.088036105335985937e+00 2.934695524418187013e-03
2.090125185807389485e+00 2.934835136843101308e-03
2.092216356404151156e+00 2.934589518262033583e-03
2.094309619217441298e+00 2.934394341715405863e-03
2.096404976340524140e+00 2.934255714688311766e-03
2.098502429868758679e+00 2.934204227333826829e-03
2.100601981899600457e+00 2.934116638770544773e-03
2.102703634532599342e+00 2.934179135678679096e-03
2.104807389869406631e+00 2.934369536973974874e-03
2.106913250013779493e+00 2.934676973531401105e-03
2.109021217071576970e+00 2.934543114769721031e-03
2.111131293150767529e+00 2.935040956189452575e-03
2.113243480361425952e+00 2.935457681311062945e-03
2.115357780815740441e+00 2.935100998236017666e-03
2.117474196628013505e+00 2.935779701869878962e-03
2.119592729914662410e+00 2.936210983719565303e-03
2.121713382794218727e+00 2.935969695631856450e-03
2.123836157387335444e+00 2.937310532133220568e-03
2.125961055816782963e+00 2.937300565921741220e-03
2.128088080207463761e+00 2.939062859464738626e-03
2.130217232686400397e+00 2.938368022220884650e-03
2.132348515382747944e+00 2.939086123671937317e-03
2.134481930427789997e+00 2.938735756808153084e-03
2.136617479954937782e+00 2.940734326606880833e-03
2.138755166099743921e+00 2.939390411264983932e-03
2.140894990999892666e+00 2.939516787816957161e-03
2.143036956795210557e+00 2.945235751847795434e-03
2.145181065627663308e+00 2.941522272588240842e-03
2.147327319641362031e+00 2.942413394644800406e-03
2.149475720982560567e+00 2.946237413067086600e-03
2.151626271799656820e+00 2.945998382306034506e-03
2.153778974243205191e+00 2.941589313077029241e-03
2.155933830465906809e+00 2.949069547236251448e-03
2.158090842622617522e+00 2.947696341837554440e-03
2.160250012870349678e+00 2.952806390010916885e-03
2.162411343368275229e+00 2.953593065739281223e-03
2.164574836277725733e+00 2.952704830536494185e-03
2.166740493762190578e+00 2.960681069002283651e-03
2.168908317987328083e+00 2.958611798762778456e-03
2.171078311120967275e+00 2.959491173569254313e-03
2.173250475333098564e+00 2.959900492500780293e-03
2.175424812795882623e+00 2.955457512925161422e-03
2.177601325683664601e+00 2.954306079007549060e-03
2.179780016172958135e+00 2.948502682678178725e-03
2.181960886442447567e+00 2.943361993041467874e-03
2.184143938673002605e+00 2.950144668033127110e-03
2.186329175047673878e+00 2.944820754743027527e-03
2.188516597751704484e+00 2.945235463379191829e-03
2.190706208972517111e+00 2.946898718950708741e-03
2.192898010899720695e+00 2.952421371074374131e-03
2.195092005725113538e+00 2.958915969158790876e-03
2.197288195642695285e+00 2.971270985050281609e-03
2.199486582848655836e+00 2.990028203785652025e-03
2.201687169541381994e+00 2.993384681374807246e-03
2.203889957921462806e+00 2.985105685013373332e-03
2.206094950191685111e+00 2.970513980064476769e-03
2.208302148557042432e+00 2.957840468022980389e-03
2.210511555224734526e+00 2.957892277211343450e-03
2.212723172404166938e+00 2.957130493720903225e-03
2.214937002306953673e+00 2.957801580859236064e-03
2.217153047146927847e+00 2.963162879115879139e-03
2.219371309140135029e+00 2.961067456541943525e-03
2.221591790504835906e+00 2.966093714165100696e-03
2.223814493461512498e+00 2.965043426312113754e-03
2.226039420232865051e+00 2.968232694391272249e-03
2.228266573043822252e+00 2.968548972872122813e-03
2.230495954121538116e+00 2.968793652981219396e-03
2.232727565695393768e+00 2.972205399315979053e-03
2.234961409997000992e+00 2.971650802866961441e-03
2.237197489260204897e+00 2.977403726560747324e-03
2.239435805721083028e+00 2.973338336099971488e-03
2.241676361617952473e+00 2.976602150464327697e-03
2.243919159191369861e+00 2.977486684448625923e-03
2.246164200684134915e+00 2.984755274041174695e-03
2.248411488341286901e+00 2.982433750681131451e-03
2.250661024410114397e+00 2.984286578334043039e-03
2.252912811140153959e+00 2.983926315847929868e-03
2.255166850783189680e+00 2.983413276684632100e-03
2.257423145593265623e+00 2.982180421877630560e-03
2.259681697826675162e+00 2.979370248644811620e-03
2.261942509741970753e+00 2.984041653848854610e-03
2.264205583599968374e+00 2.983223489171989932e-03
2.266470921663737315e+00 2.978665726832589906e-03
2.268738526198614380e+00 2.982630793040689978e-03
2.271008399472205674e+00 2.978740108836882769e-03
2.273280543754384819e+00 2.980441329742025691e-03
2.275554961317296954e+00 2.983828211588373126e-03
2.277831654435360065e+00 2.980722812340191093e-03
2.280110625385271206e+00 2.976341862264232207e-03
2.282391876445996282e+00 2.980890683184357973e-03
2.284675409898784704e+00 2.984423584893757496e-03
2.286961228027174720e+00 2.981855149877580234e-03
2.289249333116983198e+00 2.988943436101499512e-03
2.291539727456316289e+00 2.990906341977619606e-03
2.293832413335568976e+00 2.991668751997682285e-03
2.296127393047421972e+00 2.993347943076201702e-03
2.298424668886857702e+00 2.992708500742334490e-03
2.300724243151156312e+00 2.994161847423387063e-03
2.303026118139892109e+00 2.993654270510164288e-03
2.305330296154935787e+00 2.990128786327417992e-03
2.307636779500468638e+00 2.982914609834412707e-03
2.309945570482975441e+00 2.971267308891010518e-03
2.312256671411244913e+00 2.962398451143478679e-03
2.314570084596378141e+00 2.968826276197605515e-03
2.316885812351787255e+00 2.999087020529476663e-03
2.319203856993203861e+00 2.999940200451374668e-03
2.321524220838667496e+00 2.989081070634469831e-03
2.323846906208542507e+00 2.981242752575089753e-03
2.326171915425521153e+00 2.981598847528708907e-03
2.328499250814608956e+00 2.980704382773141127e-03
2.330828914703140686e+00 2.977353633093138968e-03
2.333160909420783025e+00 2.981134965112440353e-03
2.335495237299529681e+00 2.985390542490745126e-03
2.337831900673706720e+00 2.985129340999167699e-03
2.340170901879977006e+00 2.989336815304285879e-03
2.342512243257343751e+00 2.985942601061449854e-03
2.344855927147150965e+00 2.990076091575347497e-03
2.347201955893081671e+00 2.989606240739572929e-03
2.349550331841163242e+00 2.988191354723264068e-03
2.351901057339769618e+00 2.985397927292836144e-03
2.354254134739628412e+00 2.985988844295197741e-03
2.356609566393821797e+00 2.985027228805270209e-03
2.358967354657777626e+00 2.984090681291033144e-03
2.361327501889283642e+00 2.976219757316705440e-03
2.363690010448485701e+00 2.974528904468852833e-03
2.366054882697895767e+00 2.977600973201194497e-03
2.368422121002386582e+00 2.984656997237114962e-03
2.370791727729192999e+00 2.997999588465234330e-03
2.373163705247925304e+00 2.990634745920254210e-03
2.375538055930560777e+00 2.981684591465180723e-03
2.377914782151449469e+00 2.975941155176202359e-03
2.380293886287319527e+00 2.977772337519343261e-03
2.382675370717276309e+00 2.977902555850770079e-03
2.385059237822801048e+00 2.976667913172343846e-03
2.387445489987759739e+00 2.977576059347395061e-03
2.389834129598410239e+00 2.975783141543419420e-03
2.392225159043389393e+00 2.974884001021370176e-03
2.394618580713724132e+00 2.977395399127942804e-03
2.397014397002838582e+00 2.974842629491455601e-03
2.399412610306550508e+00 2.973998772797557116e-03
2.401813223023073984e+00 2.972369652330155050e-03
2.404216237553020274e+00 2.972473486859633553e-03
2.406621656299405387e+00 2.970111782376203859e-03
2.409029481667643413e+00 2.967948640180248857e-03
2.411439716065562955e+00 2.962103469007371787e-03
2.413852361903402688e+00 2.961564035118578915e-03
2.416267421593802922e+00 2.965268214420078985e-03
2.418684897551825586e+00 2.970551070214500974e-03
2.421104792194948896e+00 2.972198081729577647e-03
2.423527107943065584e+00 2.980725180884765107e-03
2.425951847218492219e+00 2.978191276180536164e-03
2.428379012445967433e+00 2.972282058282393370e-03
2.430808606052657250e+00 2.965724621333033946e-03
2.433240630468156418e+00 2.966400933250055907e-03
2.435675088124486631e+00 2.969457463631191597e-03
2.438111981456106747e+00 2.967455508620486793e-03
2.440551312899912340e+00 2.964286846226571025e-03
2.442993084895234812e+00 2.960807202503068329e-03
2.445437299883853832e+00 2.959949169333877562e-03
2.447883960309978679e+00 2.962322376484314949e-03
2.450333068620265564e+00 2.957738269975859931e-03
2.452784627263817629e+00 2.957999667867806850e-03
2.455238638692204489e+00 2.959509732277499847e-03
2.457695105359435583e+00 2.958036591485095970e-03
2.460154029721969948e+00 2.954518522191158098e-03
2.462615414238743750e+00 2.954957802474983408e-03
2.465079261371134756e+00 2.952104475120711537e-03
2.467545573582992535e+00 2.951188343211401128e-03
2.470014353340631796e+00 2.954490533865837543e-03
2.472485603112830166e+00 2.949884399150045321e-03
2.474959325370837071e+00 2.947802774560625075e-03
2.477435522588375516e+00 2.948877959993331278e-03
2.479914197241639418e+00 2.948867765654109539e-03
2.482395351809302930e+00 2.944973178482806694e-03
2.484878988772528885e+00 2.949940238433654618e-03
2.487365110614955910e+00 2.950541175620025568e-03
2.489853719822701983e+00 2.947255825955941849e-03
2.492344818884375535e+00 2.946314065389785391e-03
2.494838410291070119e+00 2.945017761682936202e-03
2.497334496536383064e+00 2.943502449694798077e-03
2.499833080116400819e+00 2.947065872615493333e-03
2.502334163529706945e+00 2.944032462728781580e-03
2.504837749277384784e+00 2.943231401674875798e-03
2.507343839863014345e+00 2.943640927126002678e-03
2.509852437792693625e+00 2.946406509736253579e-03
2.512363545575026169e+00 2.945540222801220145e-03
2.514877165721113972e+00 2.942933307273578117e-03
2.517393300744581008e+00 2.944282686974992840e-03
2.519911953161556806e+00 2.945822137189201689e-03
2.522433125490685768e+00 2.943350210892909866e-03
2.524956820253147161e+00 2.942660767923098528e-03
2.527483039972646228e+00 2.945886190805683744e-03
2.530011787175398652e+00 2.940566843375735928e-03
2.532543064390146537e+00 2.940107790014075823e-03
2.535076874148167292e+00 2.941724693093683736e-03
2.537613218983271413e+00 2.942006942783514066e-03
2.540152101431809584e+00 2.939681036713457339e-03
2.542693524032659802e+00 2.940807086989648267e-03
2.545237489327245139e+00 2.944688769401210271e-03
2.547783999859532411e+00 2.951268176934496515e-03
2.550333058176029954e+00 2.953636966625584198e-03
2.552884666825803173e+00 2.952632947657809169e-03
2.555438828360458547e+00 2.952718921466568856e-03
2.557995545334152077e+00 2.959075412223459173e-03
2.560554820303596824e+00 2.958423028742588126e-03
2.563116655828076684e+00 2.955652975666883675e-03
2.565681054469429956e+00 2.960818412386853442e-03
2.568248018792045784e+00 2.958036591795297921e-03
2.570817551362897468e+00 2.965552549135814717e-03
2.573389654751518485e+00 2.963000894083782193e-03
2.575964331530008256e+00 2.956953751159971909e-03
2.578541584273044585e+00 2.948553153043355357e-03
2.581121415557876553e+00 2.945071652950145835e-03
2.583703827964337840e+00 2.949953609883479173e-03
2.586288824074843617e+00 2.965829307793843919e-03
2.588876406474390546e+00 2.970463828065569682e-03
2.591466577750558553e+00 2.964024531741919592e-03
2.594059340493518384e+00 2.959503558892964507e-03
2.596654697296031600e+00 2.952319185888544265e-03
2.599252650753462568e+00 2.951556754252939764e-03
2.601853203463758923e+00 2.952431450421664529e-03
2.604456358027470220e+00 2.948908493637586621e-03
2.607062117047760808e+00 2.946781413808938384e-03
2.609670483130389851e+00 2.948235768904745435e-03
2.612281458883716656e+00 2.948675195321058800e-03
2.614895046918714883e+00 2.946055309087400147e-03
2.617511249848980981e+00 2.940830431330872241e-03
2.620130070290716873e+00 2.938469405038834914e-03
2.622751510862746382e+00 2.940069128793072577e-03
2.625375574186502803e+00 2.937734909305452988e-03
2.628002262886047546e+00 2.937743944783399990e-03
2.630631579588075031e+00 2.938905733858571470e-03
2.633263526921897135e+00 2.936697590435023188e-03
2.635898107519465849e+00 2.929207296492430078e-03
2.638535324015363503e+00 2.930106134843269393e-03
2.641175179046807653e+00 2.931786546473243854e-03
2.643817675253651078e+00 2.927539212728529940e-03
2.646462815278393332e+00 2.925936353735299374e-03
2.649110601766170969e+00 2.920602174670932239e-03
2.651761037364768647e+00 2.925509282318853807e-03
2.654414124724629342e+00 2.930546918266723096e-03
2.657069866498836586e+00 2.928643577939302623e-03
2.659728265343126452e+00 2.930063923118777711e-03
2.662389323915903550e+00 2.939847205175283654e-03
2.665053044878226807e+00 2.949173669649612049e-03
2.667719430893810806e+00 2.956523803500562056e-03
2.670388484629045323e+00 2.966375350371890617e-03
2.673060208752994438e+00 2.974677444480474352e-03
2.675734605937373445e+00 2.980206906228642910e-03
2.678411678856579048e+00 2.985131243407194383e-03
2.681091430187691138e+00 2.989543129159707990e-03
2.683773862610453698e+00 2.992155127849258772e-03
2.686458978807302778e+00 2.992167728872130623e-03
2.689146781463357616e+00 2.989836218135318024e-03
2.691837273266414865e+00 2.983109289997531478e-03
2.694530456906965021e+00 2.986406475578433448e-03
2.697226335078197312e+00 2.988472921273913757e-03
2.699924910475991258e+00 2.987793444394148089e-03
2.702626185798916225e+00 2.985484595331954361e-03
2.705330163748253192e+00 2.981581453624317004e-03
2.708036847027985861e+00 2.977420860962645081e-03
2.710746238344789560e+00 2.973427587279173483e-03
2.713458340408054781e+00 2.968313712143574781e-03
2.716173155929883176e+00 2.963188603668781042e-03
2.718890687625096891e+00 2.958566966718097213e-03
2.721610938211223907e+00 2.952168686103958176e-03
2.724333910408513137e+00 2.944904891531687809e-03
2.727059606939940650e+00 2.940538442030444719e-03
2.729788030531202114e+00 2.935267994103039554e-03
2.732519183910722571e+00 2.930876299107976028e-03
2.735253069809658211e+00 2.931248795397826609e-03
2.737989690961888822e+00 2.934085679294948321e-03
2.740729050104034226e+00 2.941341357568868706e-03
2.743471149975461376e+00 2.950246218906974263e-03
2.746215993318269266e+00 2.959562785119689531e-03
2.748963582877296030e+00 2.967997910682484280e-03
2.751713921400137153e+00 2.975340505093991735e-03
2.754467011637128149e+00 2.981533806517661870e-03
2.757222856341353445e+00 2.985739005052710261e-03
2.759981458268668142e+00 2.987053516458103644e-03
2.762742820177677583e+00 2.988144631058575924e-03
2.765506944829736025e+00 2.981674701320650121e-03
2.768273834988963955e+00 2.976098317958294180e-03
2.771043493422256532e+00 2.981591768469531514e-03
2.773815922899276032e+00 2.985260809619345954e-03
2.776591126192445191e+00 2.985463815720397311e-03
2.779369106076971185e+00 2.983492733484613673e-03
2.782149865330835858e+00 2.979583314705033792e-03
2.784933406734796613e+00 2.975275083768403987e-03
2.787719733072396178e+00 2.971652903555977408e-03
2.790508847129963499e+00 2.968023304784109598e-03
2.793300751696610629e+00 2.965899158354436040e-03
2.796095449564240720e+00 2.963125939610484951e-03
2.798892943527549360e+00 2.959933990683114198e-03
2.801693236384038332e+00 2.957191871009236597e-03
2.804496330933999637e+00 2.956661004730411994e-03
2.807302229980519481e+00 2.954293077635765635e-03
2.810110936329506703e+00 2.950923152280579900e-03
2.812922452789668348e+00 2.947866066266318762e-03
2.815736782172511887e+00 2.945209011146423909e-03
2.818553927292374528e+00 2.943556520482593607e-03
2.821373890966397902e+00 2.941002195238331431e-03
2.824196676014550711e+00 2.937747363561274069e-03
2.827022285259616297e+00 2.934275366096528170e-03
2.829850721527202406e+00 2.933235166551504975e-03
2.832681987645746524e+00 2.932383146933311216e-03
2.835516086446511874e+00 2.930326061299502391e-03
2.838353020763594525e+00 2.927589443599576749e-03
2.841192793433933605e+00 2.924819563845628984e-03
2.844035407297307749e+00 2.922534824814876191e-03
2.846880865196327104e+00 2.921532490163739580e-03
2.849729169976447540e+00 2.919776408319560250e-03
2.852580324485975538e+00 2.918070717987729205e-03
2.855434331576065077e+00 2.917777677409472137e-03
2.858291194100722521e+00 2.912770712298087990e-03
2.861150914916811061e+00 2.911925777847909451e-03
2.864013496884051602e+00 2.910837888524019004e-03
2.866878942865026314e+00 2.910041940227228903e-03
2.869747255725183521e+00 2.908226124705449826e-03
2.872618438332836366e+00 2.908139025352434685e-03
2.875492493559169027e+00 2.906761971718144211e-03
2.878369424278236277e+00 2.906961363459120880e-03
2.881249233366968809e+00 2.908920666502332227e-03
2.884131923705171907e+00 2.904532675349733202e-03
2.887017498175541874e+00 2.903441484714800076e-03
2.889905959663658042e+00 2.904035539395001010e-03
2.892797311057972998e+00 2.903421841601467983e-03
2.895691555249836124e+00 2.906183330097613857e-03
2.898588695133490045e+00 2.905037358516669981e-03
2.901488733606079062e+00 2.904103041154236595e-03
2.904391673567642052e+00 2.903039234291493811e-03
2.907297517921122676e+00 2.902471897648150039e-03
2.910206269572368054e+00 2.903378238403734549e-03
2.913117931430124763e+00 2.906961741690057034e-03
2.916032506406053049e+00 2.903955949513272426e-03
2.918949997414726827e+00 2.902076290569387089e-03
2.921870407373641676e+00 2.902107570924925516e-03
2.924793739203208620e+00 2.902248516961625918e-03
2.927719995826757238e+00 2.905391706465563356e-03
2.930649180170546320e+00 2.904775589266574837e-03
2.933581295163762093e+00 2.902418086374292626e-03
2.936516343738513779e+00 2.901985768425816188e-03
2.939454328829848251e+00 2.902597990062234703e-03
2.942395253375765130e+00 2.902324336047844029e-03
2.945339120317177706e+00 2.905576564672723502e-03
2.948285932597951575e+00 2.903450577466406852e-03
2.951235693164907747e+00 2.902872446668482501e-03
2.954188404967802217e+00 2.903945551153102548e-03
2.957144070959347282e+00 2.905398803276403735e-03
2.960102694095215980e+00 2.906010550353487279e-03
2.963064277334023888e+00 2.907682155472345476e-03
2.966028823637354872e+00 2.906861211350089506e-03
