8.099554455959743215e-01 2.879575530394892606e-03
8.107658061542900585e-01 2.879568199159780132e-03
8.115769774784792334e-01 2.879557835370434755e-03
8.123889603797121994e-01 2.879545253219605288e-03
8.132017556699727701e-01 2.879533064887298752e-03
8.140153641620563318e-01 2.879513689926595666e-03
8.148297866695717317e-01 2.879483846719767173e-03
8.156450240069411661e-01 2.879450741761004594e-03
8.164610769894029563e-01 2.879416252067736569e-03
8.172779464330105492e-01 2.879354999589698975e-03
8.180956331546322957e-01 2.879303048582972004e-03
8.189141379719558911e-01 2.879231505181124254e-03
8.197334617034857107e-01 2.879161373060238824e-03
8.205536051685444754e-01 2.879079885846275774e-03
8.213745691872769150e-01 2.879003493463050140e-03
8.221963545806487694e-01 2.878949808473693812e-03
8.230189621704429026e-01 2.878929667880130230e-03
8.238423927792670742e-01 2.878798858134115103e-03
8.246666472305524964e-01 2.878692247886421862e-03
8.254917263485536116e-01 2.878606961496366599e-03
8.263176309583500911e-01 2.878518005986166473e-03
8.271443618858455027e-01 2.878434226861623264e-03
8.279719199577725286e-01 2.878369186927512077e-03
8.288003060016881918e-01 2.878296775114278557e-03
8.296295208459781856e-01 2.878210049250208482e-03
8.304595653198585392e-01 2.878135403650552201e-03
8.312904402533747295e-01 2.878105152068599192e-03
8.321221464773999044e-01 2.880826389200969589e-03
8.329546848236402123e-01 2.892042901092438129e-03
8.337880561246344691e-01 2.897049774686169012e-03
8.346222612137542685e-01 2.898553176758958058e-03
8.354573009252049820e-01 2.899264141397627469e-03
8.362931760940265358e-01 2.899928999525592903e-03
8.371298875560944097e-01 2.900470720791753151e-03
8.379674361481189715e-01 2.901020704640025396e-03
8.388058227076495843e-01 2.901164015783270871e-03
8.396450480730722754e-01 2.901193955323594365e-03
8.404851130836130668e-01 2.901154538176662495e-03
8.413260185793379753e-01 2.902388567529178703e-03
8.421677654011512359e-01 2.903177522927069109e-03
8.430103543908002983e-01 2.903513384487589697e-03
8.438537863908742720e-01 2.903519381743718472e-03
8.446980622448042597e-01 2.902510839709899777e-03
8.455431827968671321e-01 2.901518620225358117e-03
8.463891488921824191e-01 2.901468126018577447e-03
8.472359613767166397e-01 2.902244496624434723e-03
8.480836210972833022e-01 2.903004676008263084e-03
8.489321289015407945e-01 2.903418878959729277e-03
8.497814856379983794e-01 2.903339303049276652e-03
8.506316921560135302e-01 2.903432777662186444e-03
8.514827493057913754e-01 2.903283608089987210e-03
8.523346579383890287e-01 2.903361975282799969e-03
8.531874189057161439e-01 2.903489661575347006e-03
8.540410330605319178e-01 2.903369053677223952e-03
8.548955012564523059e-01 2.903352079002356843e-03
8.557508243479458043e-01 2.903597844320160611e-03
8.566070031903338933e-01 2.903398259897611855e-03
8.574640386397960334e-01 2.903094488787333685e-03
8.583219315533672233e-01 2.902542455388988380e-03
8.591806827889413301e-01 2.902261130091994198e-03
8.600402932052715332e-01 2.902474445471060586e-03
8.609007636619676607e-01 2.903142874846578042e-03
8.617620950194990748e-01 2.902609799419011462e-03
8.626242881391973372e-01 2.902068169506230502e-03
8.634873438832556536e-01 2.901393764037383215e-03
8.643512631147296510e-01 2.901062217936209268e-03
8.652160466975378217e-01 2.901375874184418738e-03
8.660816954964636327e-01 2.901623493358326724e-03
8.669482103771571913e-01 2.902715029591416279e-03
8.678155922061336902e-01 2.903929510334697216e-03
8.686838418507756288e-01 2.904810434614685244e-03
8.695529601793322572e-01 2.905731482692510900e-03
8.704229480609205760e-01 2.906526753103692677e-03
8.712938063655277787e-01 2.906987886806081459e-03
8.721655359640141381e-01 2.907327924759101675e-03
8.730381377281095645e-01 2.907512001245842522e-03
8.739116125304161597e-01 2.907176318040449476e-03
8.747859612444087718e-01 2.906695283529168398e-03
8.756611847444361052e-01 2.905152377469344231e-03
8.765372839057208321e-01 2.904174687249042215e-03
8.774142596043608133e-01 2.904466141616882362e-03
8.782921127173328735e-01 2.905818542749713344e-03
8.791708441224919124e-01 2.907479842944349444e-03
8.800504546985693510e-01 2.908135849355873888e-03
8.809309453251749078e-01 2.908147030928177803e-03
8.818123168827982639e-01 2.907730137849571898e-03
8.826945702528108395e-01 2.907436675200677709e-03
8.835777063174676815e-01 2.907616784871452573e-03
8.844617259599056869e-01 2.908700295235875852e-03
8.853466300641437137e-01 2.911157430663178017e-03
8.862324195150838024e-01 2.915147160433513573e-03
8.871190951985163942e-01 2.920235136713931600e-03
8.880066580011191091e-01 2.924435063601295640e-03
8.888951088104538600e-01 2.928849232923654185e-03
8.897844485149719596e-01 2.934780960680389086e-03
8.906746780040118994e-01 2.941189184844231804e-03
8.915657981678065669e-01 2.944282453955619511e-03
8.924578098974739193e-01 2.944366836270216614e-03
8.933507140850214245e-01 2.942662440377334827e-03
8.942445116233572744e-01 2.937847056185071727e-03
8.951392034062801706e-01 2.934050118111492488e-03
8.960347903284814342e-01 2.929482028213208425e-03
8.969312732855473369e-01 2.926897499947584552e-03
8.978286531739603227e-01 2.931819574097120976e-03
8.987269308911014498e-01 2.947863909181946095e-03
8.996261073352495030e-01 2.949773901083093276e-03
9.005261834055795500e-01 2.944342153582169951e-03
9.014271600021682707e-01 2.937805364328544694e-03
9.023290380259918475e-01 2.931963546758517905e-03
9.032318183789278532e-01 2.929873263791475582e-03
9.041355019637584700e-01 2.930619776339646841e-03
9.050400896841658271e-01 2.929927162786363087e-03
9.059455824447376626e-01 2.929644079798622049e-03
9.068519811509679895e-01 2.929501938413250038e-03
9.077592867092548756e-01 2.929561469739229082e-03
9.086675000269045510e-01 2.929001413682303344e-03
9.095766220121302981e-01 2.926965193254121161e-03
9.104866535740545608e-01 2.925207777435105856e-03
9.113975956227070574e-01 2.923400899807364079e-03
9.123094490690316638e-01 2.920806329346348120e-03
9.132222148248820837e-01 2.917452803492524317e-03
9.141358938030226255e-01 2.915062161584043403e-03
9.150504869171317557e-01 2.912509210567060074e-03
9.159659950818033192e-01 2.909205422809710631e-03
9.168824192125480943e-01 2.905982220011351681e-03
9.177997602257875753e-01 2.902600724636481000e-03
9.187180190388626322e-01 2.899543054555780118e-03
9.196371965700328444e-01 2.896828861753384526e-03
9.205572937384781662e-01 2.894097537085865354e-03
9.214783114642939310e-01 2.891396154156175742e-03
9.224002506684964020e-01 2.888169870690409854e-03
9.233231122730257701e-01 2.886602452003160860e-03
9.242468972007444883e-01 2.885878174958585521e-03
9.251716063754391595e-01 2.885200130953142952e-03
9.260972407218166502e-01 2.884272647574543692e-03
9.270238011655114185e-01 2.883602276159395131e-03
9.279512886330849586e-01 2.883220148782457415e-03
9.288797040520245796e-01 2.882690301291034474e-03
9.298090483507445159e-01 2.882284415117178627e-03
9.307393224585915892e-01 2.882108973464702923e-03
9.316705273058381032e-01 2.882010845422000589e-03
9.326026638236895039e-01 2.881865372474568497e-03
9.335357329442838248e-01 2.881753765721079778e-03
9.344697356006889111e-01 2.882040425937722368e-03
9.354046727269068606e-01 2.881818077595671608e-03
9.363405452578753563e-01 2.881851876668359812e-03
9.372773541294663335e-01 2.882198019124414604e-03
9.382151002784899774e-01 2.882607159707341674e-03
9.391537846426917246e-01 2.883113118423394437e-03
9.400934081607547066e-01 2.883287960910074603e-03
9.410339717723049668e-01 2.883265771016657944e-03
9.419754764179059103e-01 2.883348471087795496e-03
9.429179230390614119e-01 2.884061305478183377e-03
9.438613125782181479e-01 2.884417654165484599e-03
9.448056459787667061e-01 2.885284146125709735e-03
9.457509241850403647e-01 2.886187887213976459e-03
9.466971481423157586e-01 2.887024620062709698e-03
9.476443187968174309e-01 2.888374900331594844e-03
9.485924370957175000e-01 2.889046675021106868e-03
9.495415039871341056e-01 2.888343639959958971e-03
9.504915204201344059e-01 2.890217545136374456e-03
9.514424873447341335e-01 2.890410040463164444e-03
9.523944057118994833e-01 2.891187351390219797e-03
9.533472764735499982e-01 2.892165963127916323e-03
9.543011005825563497e-01 2.892888944440923614e-03
9.552558789927436678e-01 2.893475448472133948e-03
9.562116126588898757e-01 2.894865708413778965e-03
9.571683025367276887e-01 2.896332392403056823e-03
9.581259495829482775e-01 2.896260718775958785e-03
9.590845547552002692e-01 2.896999816842140731e-03
9.600441190120854174e-01 2.898476115232398800e-03
9.610046433131675947e-01 2.899567933452940408e-03
9.619661286189739036e-01 2.899885280511746259e-03
9.629285758909905679e-01 2.900917605398828543e-03
9.638919860916628224e-01 2.901998100894300978e-03
9.648563601844011295e-01 2.902205258107390211e-03
9.658216991335795143e-01 2.902878267810850982e-03
9.667880039045362306e-01 2.903820074114680204e-03
9.677552754635757593e-01 2.903939021348362660e-03
9.687235147779708067e-01 2.906021626775748875e-03
9.696927228159630818e-01 2.910275262776950735e-03
9.706629005467596327e-01 2.909118885808898054e-03
9.716340489405361769e-01 2.906841362962594294e-03
9.726061689684449840e-01 2.906088310827424810e-03
9.735792616026035518e-01 2.906363311057058498e-03
9.745533278161038204e-01 2.907538127076168908e-03
9.755283685830130613e-01 2.908171434051145046e-03
9.765043848783711011e-01 2.909146671403167912e-03
9.774813776781959840e-01 2.910546571139371874e-03
9.784593479594798637e-01 2.911591046580649760e-03
9.794382967001936668e-01 2.912741967608855828e-03
9.804182248792859822e-01 2.913972778303501425e-03
9.813991334766843933e-01 2.914667003842517576e-03
9.823810234732978097e-01 2.915381348717757237e-03
9.833638958510170225e-01 2.916205837790605826e-03
9.843477515927149257e-01 2.916699354463195802e-03
9.853325916822468500e-01 2.917344436023681670e-03
9.863184171044501181e-01 2.918063446261878833e-03
9.873052288451531489e-01 2.918361722735397096e-03
9.882930278911683519e-01 2.917998746397961439e-03
9.892818152302930157e-01 2.917977040818558153e-03
9.902715918513149695e-01 2.916202048205214677e-03
9.912623587440111406e-01 2.914767261963083569e-03
9.922541168991476646e-01 2.915839012332763214e-03
9.932468673084843269e-01 2.919116146520966612e-03
9.942406109647716761e-01 2.923734324839234820e-03
9.952353488617531330e-01 2.930552421069832977e-03
9.962310819941662121e-01 2.929912462497869657e-03
9.972278113577441871e-01 2.923179963624698407e-03
9.982255379492167569e-01 2.919699435109088942e-03
9.992242627663093790e-01 2.919526931029858656e-03
1.000223986807747600e+00 2.920400936320488670e-03
1.001224711073256834e+00 2.921691432070587340e-03
1.002226436563560474e+00 2.923195546475277316e-03
1.003229164280384333e+00 2.925010454800100815e-03
1.004232895226455646e+00 2.927358288303657553e-03
1.005237630405505511e+00 2.929373306719077960e-03
1.006243370822270000e+00 2.930110069612752721e-03
1.007250117482488161e+00 2.929311818505227552e-03
1.008257871392907346e+00 2.928051271152708017e-03
1.009266633561284321e+00 2.925678271955191138e-03
1.010276404996379940e+00 2.922741466748032119e-03
1.011287186707962471e+00 2.920452969864746270e-03
1.012298979706815372e+00 2.919040953113224979e-03
1.013311785004731513e+00 2.921250375474773037e-03
1.014325603614517401e+00 2.926157902794658018e-03
1.015340436549991621e+00 2.926189701915233882e-03
1.016356284825987721e+00 2.923611335999663861e-03
1.017373149458352000e+00 2.922194935631903037e-03
1.018391031463949936e+00 2.922290474282994519e-03
1.019409931860664198e+00 2.922268685976638775e-03
1.020429851667395971e+00 2.920150754503159432e-03
1.021450791904064959e+00 2.919625649190531538e-03
1.022472753591610495e+00 2.921020395231534866e-03
1.023495737751995538e+00 2.921747961898831566e-03
1.024519745408203342e+00 2.922413928142374162e-03
1.025544777584241007e+00 2.923754269972726229e-03
1.026570835305141705e+00 2.924161139317112308e-03
1.027597919596963782e+00 2.924571350532257676e-03
1.028626031486790104e+00 2.924362886224737487e-03
1.029655172002734043e+00 2.923552241526188207e-03
1.030685342173935926e+00 2.922076388364041460e-03
1.031716543030566147e+00 2.920655141978457069e-03
1.032748775603824720e+00 2.918692557831342391e-03
1.033782040925944834e+00 2.917127639811144431e-03
1.034816340030192627e+00 2.915593147986271852e-03
1.035851673950866303e+00 2.914426271371731852e-03
1.036888043723299679e+00 2.913029020790377371e-03
1.037925450383862858e+00 2.911272109851514509e-03
1.038963894969963331e+00 2.909819006793732364e-03
1.040003378520046207e+00 2.908571092069400701e-03
1.041043902073592431e+00 2.906967589227270159e-03
1.042085466671125449e+00 2.905771217116316814e-03
1.043128073354212981e+00 2.904722546707727907e-03
1.044171723165462140e+00 2.903157979008085064e-03
1.045216417148520982e+00 2.901743137550271551e-03
1.046262156348083616e+00 2.900335724879919089e-03
1.047308941809890870e+00 2.899212956394336960e-03
1.048356774580727402e+00 2.898094202493919566e-03
1.049405655708424367e+00 2.897423189425472369e-03
1.050455586241864525e+00 2.895851681740566411e-03
1.051506567230979794e+00 2.894319383752826189e-03
1.052558599726749256e+00 2.893445795530332279e-03
1.053611684781205371e+00 2.892697593170959463e-03
1.054665823447434869e+00 2.891687105641175051e-03
1.055721016779575638e+00 2.890870145748645169e-03
1.056777265832821389e+00 2.890183351898912081e-03
1.057834571663421430e+00 2.889898332710659924e-03
1.058892935328680673e+00 2.889038647743561936e-03
1.059952357886963181e+00 2.888634545158539572e-03
1.061012840397692836e+00 2.888201937582291715e-03
1.062074383921351339e+00 2.888143830681844625e-03
1.063136989519481546e+00 2.888615103245629687e-03
1.064200658254688792e+00 2.889007088395997846e-03
1.065265391190642452e+00 2.889049917179810703e-03
1.066331189392076162e+00 2.889033320199390492e-03
1.067398053924788259e+00 2.888345891934711480e-03
1.068465985855643563e+00 2.887627334991461035e-03
1.069534986252574260e+00 2.886865608233227850e-03
1.070605056184579462e+00 2.886118546036382793e-03
1.071676196721730756e+00 2.885677103300367946e-03
1.072748408935168429e+00 2.885149756102544771e-03
1.073821693897103469e+00 2.884940133849583227e-03
1.074896052680821112e+00 2.884824543109562774e-03
1.075971486360680407e+00 2.884976401993199178e-03
1.077047996012116871e+00 2.884906998708056808e-03
1.078125582711639385e+00 2.885000666908661519e-03
1.079204247536833972e+00 2.885001996898578763e-03
1.080283991566367119e+00 2.885141515425257951e-03
1.081364815879982011e+00 2.885820118012496788e-03
1.082446721558502079e+00 2.886889777021209649e-03
1.083529709683832998e+00 2.887869524470957055e-03
1.084613781338964023e+00 2.889305798229702821e-03
1.085698937607967762e+00 2.891457717227198694e-03
1.086785179575999072e+00 2.893388777387095011e-03
1.087872508329299936e+00 2.895604919902839205e-03
1.088960924955200360e+00 2.898277692136306920e-03
1.090050430542115478e+00 2.900095863665896282e-03
1.091141026179552442e+00 2.901480169265556117e-03
1.092232712958106200e+00 2.902653090995322219e-03
1.093325491969463270e+00 2.903091576475736076e-03
1.094419364306403519e+00 2.903098010456092379e-03
1.095514331062799718e+00 2.902755334302267645e-03
1.096610393333617983e+00 2.902021193854596726e-03
1.097707552214920890e+00 2.901667143662820490e-03
1.098805808803868134e+00 2.901531259456946541e-03
1.099905164198715202e+00 2.900729585255929551e-03
1.101005619498818477e+00 2.898628022768800615e-03
1.102107175804632577e+00 2.899272333380466943e-03
1.103209834217713237e+00 2.900967266998491414e-03
1.104313595840720197e+00 2.903151706213861344e-03
1.105418461777413652e+00 2.906060177659560480e-03
1.106524433132661356e+00 2.911328523305232400e-03
1.107631511012435288e+00 2.911086688769864289e-03
1.108739696523812546e+00 2.914909148020324546e-03
1.109848990774979782e+00 2.915692902218520923e-03
1.110959394875229211e+00 2.915573732661087478e-03
1.112070909934964602e+00 2.916946064247187553e-03
1.113183537065703277e+00 2.919791445060890625e-03
1.114297277380072559e+00 2.922510409766129573e-03
1.115412131991812217e+00 2.925483210766541796e-03
1.116528102015776458e+00 2.927960099962400621e-03
1.117645188567933490e+00 2.931163456255349124e-03
1.118763392765371512e+00 2.933603227376914077e-03
1.119882715726297162e+00 2.935830607585082457e-03
1.121003158570033076e+00 2.937013059046714170e-03
1.122124722417020326e+00 2.938315230592413591e-03
1.123247408388822866e+00 2.939387279394627562e-03
1.124371217608127527e+00 2.938595790765850813e-03
1.125496151198744688e+00 2.939093041096378298e-03
1.126622210285607384e+00 2.940201791325567499e-03
1.127749395994771975e+00 2.939407138110947375e-03
1.128877709453426359e+00 2.933012216609925775e-03
1.130007151789885311e+00 2.931038439882870973e-03
1.131137724133588929e+00 2.928346308681764251e-03
1.132269427615111068e+00 2.925928777094461645e-03
1.133402263366155127e+00 2.926535131748516684e-03
1.134536232519556265e+00 2.934926974569740041e-03
1.135671336209286064e+00 2.942335625819969980e-03
1.136807575570448314e+00 2.947343344166360613e-03
1.137944951739279231e+00 2.943292111562964726e-03
1.139083465853155674e+00 2.937615684374972683e-03
1.140223119050594480e+00 2.934323130646331393e-03
1.141363912471246245e+00 2.933780192094833511e-03
1.142505847255904872e+00 2.933345733724694680e-03
1.143648924546506684e+00 2.933284140114463846e-03
1.144793145486128871e+00 2.933011868491977245e-03
1.145938511218992373e+00 2.932887447792026890e-03
1.147085022890461214e+00 2.932310057328114516e-03
1.148232681647048281e+00 2.934171550909146168e-03
1.149381488636412874e+00 2.935688962152569088e-03
1.150531445007361153e+00 2.937307286423448439e-03
1.151682551909849916e+00 2.940444824785744433e-03
1.152834810494985263e+00 2.943465915300823559e-03
1.153988221915028811e+00 2.947120822048663637e-03
1.155142787323389930e+00 2.950761176269740653e-03
1.156298507874635062e+00 2.954244927619469920e-03
1.157455384724486835e+00 2.955322667872703132e-03
1.158613419029816960e+00 2.956056961514770889e-03
1.159772611948661325e+00 2.955728895060241550e-03
1.160932964640214893e+00 2.953856593821943370e-03
1.162094478264829478e+00 2.951352115795109581e-03
1.163257153984020631e+00 2.948158816498768972e-03
1.164420992960464529e+00 2.944788597574097243e-03
1.165585996357997089e+00 2.943206738805173150e-03
1.166752165341621739e+00 2.941188598625446050e-03
1.167919501077509192e+00 2.940871407756743584e-03
1.169088004732994568e+00 2.943695411775380365e-03
1.170257677476581604e+00 2.947401134023364989e-03
1.171428520477943325e+00 2.957111053325588851e-03
1.172600534907923375e+00 2.967545175794481654e-03
1.173773721938536241e+00 2.967850485076038540e-03
1.174948082742969024e+00 2.961294014091709736e-03
1.176123618495583001e+00 2.953944389672525164e-03
1.177300330371911397e+00 2.947852298546471336e-03
1.178478219548668493e+00 2.945981703150346402e-03
1.179657287203744964e+00 2.945060992844877705e-03
1.180837534516205212e+00 2.944912343463992541e-03
1.182018962666298245e+00 2.944870774303179339e-03
1.183201572835452797e+00 2.945349412772393406e-03
1.184385366206279766e+00 2.945207829256839445e-03
1.185570343962571549e+00 2.944829462598397458e-03
1.186756507289305596e+00 2.946669527849284532e-03
1.187943857372644185e+00 2.945660721026220185e-03
1.189132395399938202e+00 2.944121815872943054e-03
1.190322122559727358e+00 2.944423408304385793e-03
1.191513040041739746e+00 2.943461870611398593e-03
1.192705149036892065e+00 2.941980933493043571e-03
1.193898450737292283e+00 2.940668902503171603e-03
1.195092946336242523e+00 2.938430865439045636e-03
1.196288637028239288e+00 2.936515051432669974e-03
1.197485524008971902e+00 2.934742486458365510e-03
1.198683608475328288e+00 2.932734005053596639e-03
1.199882891625392523e+00 2.930245087311367930e-03
1.201083374658448388e+00 2.927951413978945993e-03
1.202285058774978488e+00 2.926884686061803978e-03
1.203487945176667351e+00 2.926001714851817620e-03
1.204692035066401878e+00 2.924093375064051002e-03
1.205897329648271787e+00 2.922645987005875225e-03
1.207103830127570721e+00 2.920902173533176504e-03
1.208311537710799799e+00 2.918807016360075446e-03
1.209520453605668511e+00 2.917305499770647421e-03
1.210730579021092268e+00 2.916088739590443416e-03
1.211941915167195072e+00 2.913887886427864258e-03
1.213154463255313065e+00 2.913074135096611721e-03
1.214368224497995641e+00 2.912032169133391482e-03
1.215583200109004336e+00 2.910757925462319120e-03
1.216799391303313715e+00 2.910682151744130655e-03
1.218016799297116037e+00 2.910284817038323677e-03
1.219235425307820142e+00 2.908937797539538211e-03
1.220455270554050786e+00 2.907284316048339839e-03
1.221676336255654416e+00 2.906520198488759827e-03
1.222898623633697612e+00 2.905827110993720007e-03
1.224122133910464649e+00 2.905688951832117919e-03
1.225346868309468595e+00 2.905253170470713069e-03
1.226572828055445985e+00 2.905698908827105548e-03
1.227800014374351933e+00 2.904858480216625759e-03
1.229028428493374347e+00 2.903344558818890010e-03
1.230258071640927708e+00 2.903456287595242331e-03
1.231488945046652184e+00 2.902011683386974093e-03
1.232721049941425173e+00 2.900490682602229441e-03
1.233954387557350874e+00 2.900090999438948401e-03
1.235188959127763386e+00 2.899879229479321134e-03
1.236424765887237598e+00 2.898526516362866321e-03
1.237661809071581853e+00 2.896881289661832302e-03
1.238900089917839509e+00 2.896374479689020447e-03
1.240139609664291376e+00 2.896761084843353564e-03
1.241380369550453722e+00 2.896461618381968375e-03
1.242622370817087374e+00 2.895095913945914048e-03
1.243865614706197942e+00 2.894468887276133509e-03
1.245110102461026935e+00 2.894577625734558526e-03
1.246355835326061534e+00 2.893692249087786647e-03
1.247602814547033478e+00 2.893305331108811905e-03
1.248851041370924841e+00 2.892393086856401892e-03
1.250100517045962700e+00 2.891899270006532616e-03
1.251351242821620691e+00 2.891817353744108310e-03
1.252603219948625890e+00 2.890593854803536443e-03
1.253856449678957707e+00 2.890458486597340809e-03
1.255110933265842998e+00 2.890260791686252544e-03
1.256366671963763171e+00 2.889852874945404368e-03
1.257623667028460623e+00 2.889078636582970584e-03
1.258881919716930087e+00 2.887419195037474028e-03
1.260141431287421954e+00 2.886457662518921059e-03
1.261402202999453381e+00 2.886020718151277586e-03
1.262664236113794747e+00 2.885048553354123239e-03
1.263927531892475642e+00 2.884044795065139697e-03
1.265192091598793755e+00 2.883687528053094536e-03
1.266457916497307101e+00 2.883763380221145058e-03
1.267725007853840458e+00 2.883424469595355106e-03
1.268993366935489364e+00 2.882864718114101776e-03
1.270262995010613016e+00 2.882757879915209386e-03
1.271533893348834932e+00 2.883328625661210880e-03
1.272806063221056050e+00 2.883126978979900362e-03
1.274079505899448517e+00 2.883229945956981323e-03
1.275354222657453018e+00 2.883427792629821625e-03
1.276630214769785443e+00 2.884947771880514052e-03
1.277907483512440212e+00 2.885348143766693248e-03
1.279186030162684506e+00 2.886719289573952754e-03
1.280465855999067148e+00 2.887842062209087114e-03
1.281746962301411275e+00 2.888552624099342044e-03
1.283029350350822995e+00 2.890445875497613809e-03
1.284313021429691171e+00 2.892042489529278709e-03
1.285597976821686306e+00 2.892498179836393464e-03
1.286884217811765874e+00 2.893666874851355455e-03
1.288171745686169212e+00 2.896091390736207222e-03
1.289460561732425514e+00 2.897832951594745202e-03
1.290750667239352723e+00 2.898982345091370878e-03
1.292042063497055082e+00 2.900801670979872952e-03
1.293334751796928028e+00 2.901494813894779819e-03
1.294628733431660184e+00 2.903045548413197598e-03
1.295924009695232693e+00 2.903433167533449322e-03
1.297220581882923440e+00 2.904762533307979344e-03
1.298518451291303943e+00 2.905517147233556766e-03
1.299817619218243570e+00 2.907046783964369052e-03
1.301118086962911757e+00 2.908635886730826479e-03
1.302419855825775574e+00 2.909712195927901569e-03
1.303722927108603713e+00 2.909369384211896430e-03
1.305027302114467824e+00 2.910408898907670700e-03
1.306332982147742738e+00 2.912039094651941180e-03
1.307639968514106243e+00 2.913439661917874117e-03
1.308948262520545081e+00 2.913484791962175566e-03
1.310257865475357386e+00 2.913343705932983172e-03
1.311568778688145365e+00 2.916445882258305623e-03
1.312881003469822394e+00 2.919156795941219192e-03
1.314194541132613248e+00 2.919459400262802620e-03
1.315509392990052095e+00 2.918350212191324518e-03
1.316825560356992275e+00 2.921163163592828578e-03
1.318143044549605181e+00 2.921395551920575456e-03
1.319461846885372491e+00 2.921070336533865448e-03
1.320781968683094609e+00 2.924323041312858022e-03
1.322103411262894657e+00 2.922904101150048881e-03
1.323426175946215588e+00 2.923017549325785790e-03
1.324750264055823967e+00 2.922404717517066569e-03
1.326075676915806634e+00 2.922232264586485835e-03
1.327402415851577810e+00 2.928171250483827502e-03
1.328730482189877105e+00 2.934714023539515982e-03
1.330059877258766621e+00 2.937405465192721287e-03
1.331390602387644506e+00 2.948243531586149362e-03
1.332722658907238511e+00 2.944266138107149919e-03
1.334056048149601548e+00 2.938730720037318472e-03
1.335390771448121905e+00 2.936642514254857173e-03
1.336726830137523470e+00 2.936646827902358002e-03
1.338064225553867281e+00 2.935434482706798364e-03
1.339402959034549756e+00 2.936947587380545326e-03
1.340743031918303130e+00 2.938410354599171014e-03
1.342084445545197235e+00 2.939836793286416516e-03
1.343427201256649495e+00 2.939536257013216670e-03
1.344771300395417146e+00 2.940802871737409861e-03
1.346116744305594359e+00 2.942505937010274700e-03
1.347463534332628665e+00 2.942972725032267159e-03
1.348811671823311853e+00 2.943629199571339179e-03
1.350161158125778860e+00 2.944846308652535917e-03
1.351511994589517540e+00 2.945977211800191765e-03
1.352864182565362894e+00 2.946323031169262308e-03
1.354217723405502616e+00 2.945162225767280172e-03
1.355572618463477541e+00 2.945848217753499303e-03
1.356928869094182311e+00 2.948955610126489327e-03
1.358286476653869368e+00 2.955266003474397215e-03
1.359645442500145185e+00 2.957333313312715973e-03
1.361005767991978699e+00 2.955455928115704577e-03
1.362367454489693541e+00 2.953845024836662322e-03
1.363730503354976253e+00 2.948701895319249915e-03
1.365094915950876286e+00 2.944412519733622009e-03
1.366460693641805557e+00 2.945593982099475351e-03
1.367827837793544221e+00 2.946055368668384390e-03
1.369196349773232901e+00 2.946507734666451925e-03
1.370566230949384456e+00 2.950952115523728780e-03
1.371937482691882648e+00 2.953799499929245145e-03
1.373310106371978812e+00 2.955645782593356238e-03
1.374684103362296073e+00 2.955464172845361816e-03
1.376059475036832236e+00 2.955622569095713893e-03
1.377436222770957119e+00 2.956592978056094521e-03
1.378814347941416329e+00 2.958241272123535420e-03
1.380193851926337034e+00 2.958437983087989012e-03
1.381574736105227075e+00 2.958596842944459428e-03
1.382957001858968082e+00 2.957973731528206092e-03
1.384340650569826359e+00 2.958850609926955144e-03
1.385725683621453097e+00 2.959087814886658153e-03
1.387112102398877056e+00 2.958217862997661145e-03
1.388499908288514106e+00 2.955991050743221518e-03
1.389889102678176336e+00 2.956211326466678599e-03
1.391279686957059170e+00 2.956235656910511864e-03
1.392671662515744480e+00 2.957646280872374377e-03
1.394065030746209910e+00 2.958935180995497446e-03
1.395459793041823549e+00 2.959432116478900431e-03
1.396855950797346368e+00 2.960102162222621666e-03
1.398253505408935560e+00 2.961538052869334449e-03
1.399652458274146971e+00 2.958986218127550132e-03
1.401052810791931336e+00 2.958798585760461300e-03
1.402454564362640488e+00 2.956293338606719515e-03
1.403857720388033359e+00 2.955643608190234271e-03
1.405262280271267539e+00 2.954578481667126996e-03
1.406668245416895724e+00 2.954801749079945163e-03
1.408075617230885701e+00 2.954313839311906512e-03
1.409484397120611021e+00 2.953163563620739892e-03
1.410894586494849667e+00 2.950909195279086128e-03
1.412306186763792493e+00 2.950105712009454175e-03
1.413719199339038557e+00 2.950045310795859632e-03
1.415133625633601788e+00 2.949668310080538845e-03
1.416549467061908762e+00 2.950132067037231076e-03
1.417966725039802256e+00 2.950625866934208138e-03
1.419385400984539025e+00 2.949593023816509015e-03
1.420805496314794913e+00 2.950148102754964786e-03
1.422227012450665296e+00 2.949398193529384135e-03
1.423649950813663079e+00 2.948563700805414099e-03
1.425074312826731360e+00 2.946793824369332848e-03
1.426500099914232100e+00 2.945781998489477478e-03
1.427927313501950124e+00 2.945993989669330477e-03
1.429355955017101332e+00 2.944483824566393806e-03
1.430786025888328483e+00 2.945728302627014048e-03
1.432217527545700975e+00 2.943648913423587733e-03
1.433650461420720168e+00 2.941431399325880082e-03
1.435084828946318947e+00 2.940115967436116549e-03
1.436520631556862826e+00 2.939702959497261358e-03
1.437957870688159057e+00 2.940243817798369325e-03
1.439396547777445301e+00 2.941651346825466772e-03
1.440836664263399847e+00 2.941328049580623459e-03
1.442278221586138942e+00 2.939874773278516613e-03
1.443721221187219905e+00 2.937329232124114009e-03
1.445165664509644454e+00 2.936236365285495482e-03
1.446611552997854488e+00 2.936915942518404481e-03
1.448058888097737640e+00 2.934787499543786010e-03
1.449507671256628161e+00 2.934208977392490075e-03
1.450957903923310921e+00 2.933988342430714213e-03
1.452409587548018299e+00 2.933661216621062402e-03
1.453862723582431071e+00 2.933143295821648462e-03
1.455317313479687957e+00 2.931908949479066981e-03
1.456773358694377629e+00 2.930440063645803339e-03
1.458230860682547148e+00 2.929164126712686944e-03
1.459689820901702628e+00 2.927992073377295480e-03
1.461150240810803247e+00 2.927976711951572886e-03
1.462612121870266346e+00 2.926436625529903190e-03
1.464075465541970544e+00 2.927211393973519048e-03
1.465540273289261508e+00 2.927063267248317807e-03
1.467006546576947734e+00 2.924945277287429105e-03
1.468474286871301882e+00 2.923629468015585126e-03
1.469943495640066322e+00 2.922042472855878713e-03
1.471414174352450921e+00 2.923532661236219812e-03
1.472886324479134590e+00 2.925458399787899972e-03
1.474359947492264622e+00 2.923945574618478076e-03
1.475835044865461132e+00 2.921067514802449215e-03
1.477311618073823940e+00 2.918250199531656659e-03
1.478789668593927464e+00 2.917540242455015417e-03
1.480269197903824496e+00 2.916927584195816436e-03
1.481750207483043980e+00 2.915910079623976539e-03
1.483232698812595229e+00 2.915917147080463769e-03
1.484716673374970375e+00 2.914595491988798519e-03
1.486202132654143915e+00 2.912500406297228658e-03
1.487689078135571830e+00 2.911738849907508607e-03
1.489177511306200907e+00 2.911679947771409881e-03
1.490667433654462082e+00 2.910817662095389370e-03
1.492158846670277539e+00 2.912344936776495655e-03
1.493651751845064934e+00 2.910295052455555767e-03
1.495146150671732066e+00 2.909020300717556767e-03
1.496642044644675762e+00 2.907535518445784721e-03
1.498139435259789654e+00 2.906236818713141094e-03
1.499638324014464175e+00 2.907042039827738636e-03
1.501138712407587894e+00 2.908587003849832583e-03
1.502640601939549292e+00 2.908648600965459911e-03
1.504143994112236538e+00 2.907332034205421800e-03
1.505648890429041931e+00 2.907213243583292497e-03
1.507155292394863233e+00 2.905972132703732273e-03
1.508663201516102337e+00 2.904546114805392661e-03
1.510172619300667263e+00 2.902599137423832361e-03
1.511683547257977489e+00 2.901995099618691863e-03
1.513195986898960399e+00 2.901515566003800162e-03
1.514709939736056388e+00 2.900411461010227697e-03
1.516225407283221971e+00 2.899230778714821828e-03
1.517742391055919793e+00 2.898737216222473274e-03
1.519260892571135058e+00 2.899444790132000779e-03
1.520780913347369978e+00 2.898287292867844818e-03
1.522302454904641111e+00 2.897632856092985376e-03
1.523825518764496234e+00 2.898587981299700564e-03
1.525350106449998355e+00 2.899250121484861584e-03
1.526876219485730601e+00 2.898778491269233919e-03
1.528403859397809539e+00 2.897870311890868474e-03
1.529933027713875626e+00 2.898437025926473010e-03
1.531463725963096323e+00 2.898669455119486354e-03
1.532995955676171640e+00 2.899251369201591433e-03
1.534529718385328367e+00 2.899248105848173211e-03
1.536065015624331398e+00 2.898185234855897921e-03
1.537601848928477732e+00 2.897176159203355798e-03
1.539140219834601586e+00 2.896633005140094967e-03
1.540680129881076166e+00 2.896719979489527537e-03
1.542221580607809006e+00 2.894621895044929664e-03
1.543764573556249298e+00 2.893353492355244666e-03
1.545309110269391661e+00 2.894100666174796461e-03
1.546855192291775483e+00 2.895358061373060066e-03
1.548402821169480026e+00 2.893672534450656818e-03
1.549951998450135093e+00 2.892269049059642463e-03
1.551502725682915251e+00 2.898515268521075113e-03
1.553055004418552043e+00 2.902503469529694926e-03
1.554608836209321776e+00 2.902184250574970856e-03
1.556164222609055736e+00 2.902260426722149192e-03
1.557721165173142852e+00 2.900277901353492862e-03
1.559279665458526809e+00 2.902745294090897446e-03
1.560839725023707159e+00 2.904653065144108086e-03
1.562401345428738431e+00 2.904372418799913702e-03
1.563964528235243456e+00 2.904765361195848963e-03
1.565529275006407373e+00 2.904626568928762170e-03
1.567095587306978954e+00 2.907924149410074256e-03
1.568663466703268616e+00 2.910111830341426207e-03
1.570232914763154186e+00 2.910878421147782003e-03
1.571803933056086233e+00 2.909799043063207753e-03
1.573376523153083406e+00 2.907530161907916945e-03
1.574950686626736207e+00 2.906054669668038833e-03
1.576526425051205660e+00 2.906299147481672916e-03
1.578103740002232414e+00 2.907123733474581591e-03
1.579682633057129193e+00 2.906855643387737040e-03
1.581263105794789903e+00 2.906777010061765368e-03
1.582845159795690959e+00 2.904371805960918873e-03
1.584428796641883297e+00 2.902336292867912365e-03
1.586014017917000585e+00 2.901458021800505833e-03
1.587600825206265887e+00 2.900456728224705839e-03
1.589189220096486999e+00 2.900946583136685374e-03
1.590779204176061778e+00 2.901506081257405195e-03
1.592370779034972816e+00 2.902145337398270852e-03
1.593963946264796538e+00 2.903074139870804454e-03
1.595558707458699654e+00 2.905242099532792319e-03
1.597155064211443820e+00 2.909184215211634526e-03
1.598753018119386970e+00 2.911676589564895796e-03
1.600352570780481987e+00 2.914493624378384270e-03
1.601953723794279805e+00 2.915573965302937273e-03
1.603556478761936521e+00 2.918780467981497463e-03
1.605160837286207842e+00 2.920528859665577799e-03
1.606766800971446418e+00 2.923937258528298312e-03
1.608374371423619609e+00 2.925833181160092215e-03
1.609983550250299711e+00 2.928354818855935515e-03
1.611594339060662628e+00 2.931533314464800175e-03
1.613206739465496975e+00 2.932952977356332105e-03
1.614820753077206072e+00 2.936749855040659586e-03
1.616436381509801290e+00 2.935589984440829369e-03
1.618053626378912035e+00 2.939328774643885228e-03
1.619672489301787088e+00 2.942752802078060521e-03
1.621292971897287050e+00 2.944118763499973656e-03
1.622915075785891670e+00 2.944827751724683491e-03
1.624538802589707176e+00 2.943030595009544365e-03
1.626164153932458944e+00 2.947925004144894175e-03
1.627791131439499495e+00 2.950512866312596065e-03
1.629419736737808710e+00 2.946741527935272439e-03
1.631049971455992953e+00 2.949386293387288444e-03
1.632681837224285060e+00 2.950810993132629845e-03
1.634315335674550784e+00 2.947003620079135730e-03
1.635950468440285910e+00 2.948015526456316052e-03
1.637587237156621134e+00 2.945721210113978836e-03
1.639225643460328952e+00 2.944591364476507010e-03
1.640865688989819882e+00 2.946563978329461847e-03
1.642507375385137580e+00 2.945522994761614992e-03
1.644150704287967502e+00 2.945987382968215905e-03
1.645795677341638452e+00 2.949035433456512895e-03
1.647442296191123257e+00 2.951664681435275939e-03
1.649090562483041200e+00 2.953843677398602756e-03
1.650740477865659139e+00 2.949805404067316287e-03
1.652392043988892389e+00 2.943522245073092528e-03
1.654045262504306946e+00 2.944725059404417616e-03
1.655700135065121037e+00 2.954104903248378801e-03
1.657356663326206681e+00 2.953605158445607101e-03
1.659014848944093901e+00 2.948856185921445040e-03
1.660674693576969618e+00 2.944204291109528155e-03
1.662336198884679206e+00 2.943291696136019712e-03
1.663999366528727597e+00 2.945178697054504947e-03
1.665664198172280175e+00 2.958519504879047156e-03
1.667330695480168323e+00 2.965877281776984134e-03
1.668998860118890315e+00 2.967963241724829934e-03
1.670668693756610423e+00 2.960266853006901684e-03
1.672340198063163363e+00 2.959351494492493215e-03
1.674013374710054736e+00 2.956984237041633892e-03
1.675688225370461693e+00 2.952538916992502975e-03
1.677364751719235381e+00 2.952554997724502438e-03
1.679042955432901163e+00 2.950774188317494169e-03
1.680722838189662172e+00 2.952971283735542421e-03
1.682404401669400640e+00 2.950486118090494408e-03
1.684087647553678346e+00 2.952215306834157262e-03
1.685772577525743277e+00 2.952079138558066744e-03
1.687459193270526736e+00 2.952804612520749678e-03
1.689147496474642685e+00 2.953626964491829279e-03
1.690837488826394841e+00 2.955743530947405225e-03
1.692529172015778904e+00 2.958306306476150838e-03
1.694222547734476558e+00 2.961156620421698769e-03
1.695917617675862132e+00 2.960912237560754494e-03
1.697614383535007043e+00 2.963344503894094987e-03
1.699312847008676020e+00 2.965225781386945751e-03
1.701013009795334652e+00 2.966492382211183103e-03
1.702714873595143619e+00 2.966125199116671947e-03
1.704418440109970900e+00 2.963317344560203320e-03
1.706123711043382896e+00 2.961560092505341295e-03
1.707830688100642424e+00 2.960496047013983813e-03
1.709539372988733374e+00 2.959669521676503920e-03
1.711249767416338718e+00 2.965029043111092055e-03
1.712961873093852061e+00 2.966255235842826278e-03
1.714675691733381635e+00 2.963744530732343417e-03
1.716391225048744973e+00 2.955682092522188102e-03
1.718108474755477122e+00 2.953749899476531757e-03
1.719827442570826870e+00 2.951924758768805467e-03
1.721548130213762073e+00 2.952950321613139091e-03
1.723270539404973212e+00 2.954861437658252554e-03
1.724994671866867391e+00 2.956142652599271642e-03
1.726720529323575670e+00 2.960409835095482133e-03
1.728448113500954619e+00 2.964089229483367685e-03
1.730177426126591422e+00 2.963416086788314349e-03
1.731908468929799882e+00 2.962242708658437834e-03
1.733641243641623975e+00 2.962466116547157746e-03
1.735375751994837401e+00 2.961170209153174328e-03
1.737111995723943592e+00 2.959526211997686417e-03
1.738849976565191469e+00 2.959119682741454156e-03
1.740589696256562569e+00 2.957243474040867348e-03
1.742331156537773262e+00 2.955324923971984485e-03
1.744074359150284748e+00 2.954075874461012299e-03
1.745819305837302604e+00 2.952579500064321863e-03
1.747565998343771909e+00 2.953345714601400204e-03
1.749314438416384787e+00 2.953412447958124465e-03
1.751064627803578855e+00 2.952272869576368520e-03
1.752816568255545659e+00 2.952554447082422762e-03
1.754570261524226682e+00 2.954430951284150921e-03
1.756325709363313337e+00 2.953637912203111067e-03
1.758082913528259406e+00 2.954479493728916564e-03
1.759841875776264164e+00 2.954547056797750607e-03
1.761602597866290143e+00 2.953847573104135659e-03
1.763365081559061576e+00 2.955055530186439291e-03
1.765129328617062621e+00 2.954891930912237341e-03
1.766895340804538028e+00 2.953858946219703463e-03
1.768663119887500246e+00 2.953800662957443632e-03
1.770432667633730528e+00 2.957073493010061761e-03
1.772203985812774718e+00 2.959206609056620925e-03
1.773977076195953018e+00 2.960024098993270514e-03
1.775751940556356212e+00 2.954429411348637180e-03
1.777528580668849223e+00 2.949187920645038319e-03
1.779306998310069110e+00 2.944639748528272982e-03
1.781087195258436395e+00 2.944707696801977630e-03
1.782869173294147958e+00 2.947519470671925053e-03
1.784652934199179475e+00 2.951721207460578263e-03
1.786438479757295417e+00 2.953486406939503321e-03
1.788225811754038830e+00 2.955861104834710089e-03
1.790014931976740220e+00 2.960152014145470134e-03
1.791805842214524880e+00 2.961033457615154171e-03
1.793598544258301342e+00 2.959341731927366687e-03
1.795393039900771148e+00 2.956029015761370282e-03
1.797189330936433072e+00 2.953111483160672512e-03
1.798987419161574230e+00 2.949692135422952652e-03
1.800787306374282082e+00 2.948703919803377996e-03
1.802588994374447084e+00 2.947914575178527466e-03
1.804392484963757148e+00 2.947699873320883297e-03
1.806197779945701409e+00 2.945760968038520829e-03
1.808004881125578445e+00 2.943849513829050607e-03
1.809813790310486503e+00 2.942672366845771117e-03
1.811624509309332831e+00 2.944163204224536229e-03
1.813437039932837891e+00 2.944091337366354713e-03
1.815251383993535805e+00 2.944026731776245263e-03
1.817067543305768362e+00 2.942919931976087453e-03
1.818885519685696339e+00 2.945394196405559401e-03
1.820705314951296394e+00 2.943900709255133086e-03
1.822526930922362842e+00 2.942498780585397523e-03
1.824350369420509876e+00 2.942588775500807989e-03
1.826175632269178672e+00 2.942727585367679258e-03
1.828002721293634281e+00 2.943042127368411705e-03
1.829831638320961185e+00 2.940976591182628552e-03
1.831662385180077957e+00 2.942042028797206988e-03
1.833494963701736369e+00 2.944056739114441976e-03
1.835329375718512734e+00 2.944995374411995930e-03
1.837165623064816344e+00 2.944285527516772062e-03
1.839003707576895463e+00 2.944951781041290143e-03
1.840843631092833554e+00 2.941380812309441449e-03
1.842685395452556607e+00 2.941001725065913938e-03
1.844529002497830250e+00 2.938275638134045346e-03
1.846374454072257976e+00 2.939051118395848497e-03
1.848221752021293796e+00 2.939957549275018685e-03
1.850070898192236912e+00 2.940805068380245371e-03
1.851921894434231275e+00 2.937388723423472146e-03
1.853774742598273795e+00 2.937063703151722785e-03
1.855629444537212569e+00 2.936106286902375948e-03
1.857486002105753542e+00 2.935949731625110519e-03
1.859344417160451179e+00 2.935271914226890520e-03
1.861204691559718905e+00 2.932525769742559685e-03
1.863066827163835537e+00 2.931957715764993075e-03
1.864930825834933525e+00 2.932561009765174108e-03
1.866796689437008716e+00 2.931127914979179613e-03
1.868664419835927903e+00 2.929654394109209962e-03
1.870534018899425055e+00 2.929308849996620223e-03
1.872405488497095316e+00 2.929170572923344221e-03
1.874278830500408777e+00 2.927636896574832559e-03
1.876154046782708917e+00 2.927402464918667322e-03
1.878031139219214163e+00 2.926457947714217363e-03
1.879910109687015440e+00 2.925069912084700928e-03
1.881790960065083063e+00 2.925982615324481621e-03
1.883673692234267838e+00 2.925159721421546725e-03
1.885558308077303735e+00 2.924099578224131218e-03
1.887444809478806107e+00 2.922939105118397326e-03
1.889333198325271468e+00 2.922851924174386506e-03
1.891223476505090817e+00 2.922868548193996614e-03
1.893115645908544309e+00 2.920652301565892194e-03
1.895009708427802808e+00 2.920283286472753152e-03
1.896905665956926557e+00 2.920995383197221365e-03
1.898803520391874500e+00 2.920230377584591853e-03
1.900703273630501844e+00 2.919829787056116982e-03
1.902604927572561166e+00 2.919557295902069916e-03
1.904508484119706857e+00 2.920470313575416164e-03
1.906413945175493785e+00 2.919592153038056120e-03
1.908321312645386625e+00 2.917942538719032683e-03
1.910230588436751864e+00 2.918827915761017071e-03
1.912141774458864463e+00 2.920524778543026785e-03
1.914054872622910297e+00 2.917710417228791021e-03
1.915969884841984605e+00 2.916855460334727684e-03
1.917886813031101978e+00 2.916693171750092163e-03
1.919805659107191032e+00 2.919926948907193044e-03
1.921726424989099069e+00 2.921295582784422685e-03
1.923649112597595190e+00 2.920035428219513313e-03
1.925573723855365182e+00 2.917389084967095259e-03
1.927500260687016409e+00 2.915818802111594735e-03
1.929428725019089796e+00 2.915892217885179306e-03
1.931359118780051842e+00 2.917597517071812523e-03
1.933291443900291728e+00 2.918372592837989443e-03
1.935225702312133089e+00 2.917270214312623657e-03
1.937161895949837120e+00 2.919050309163953409e-03
1.939100026749601025e+00 2.921372122610690902e-03
1.941040096649554014e+00 2.921692056577196960e-03
1.942982107589765972e+00 2.923325376634383892e-03
1.944926061512247673e+00 2.924765141699757140e-03
1.946871960360953446e+00 2.926571283319185594e-03
1.948819806081781847e+00 2.927437227004218989e-03
1.950769600622574540e+00 2.926408161390450617e-03
1.952721345933129404e+00 2.927895952724091262e-03
1.954675043965192760e+00 2.927184585864133024e-03
1.956630696672465364e+00 2.926843070195518388e-03
1.958588306010599522e+00 2.925048114922639518e-03
1.960547873937202201e+00 2.922182447295444338e-03
1.962509402411841242e+00 2.922851165258253878e-03
1.964472893396044695e+00 2.922639437723241647e-03
1.966438348853305484e+00 2.921989338972464517e-03
1.968405770749081407e+00 2.920799061834819348e-03
1.970375161050789359e+00 2.919947721562198006e-03
1.972346521727821544e+00 2.917409786762775303e-03
1.974319854751539927e+00 2.914871625792600333e-03
1.976295162095277336e+00 2.913616338088241380e-03
1.978272445734343465e+00 2.912194102864773017e-03
1.980251707646021986e+00 2.910998012215264968e-03
1.982232949809572320e+00 2.909845858965352718e-03
1.984216174206235195e+00 2.909253536474695062e-03
1.986201382819236860e+00 2.907809583666143977e-03
1.988188577633788201e+00 2.907724898697932898e-03
1.990177760637084958e+00 2.908130514801152318e-03
1.992168933818306620e+00 2.908043736926387013e-03
1.994162099168625746e+00 2.912349985610408233e-03
1.996157258681210633e+00 2.917817238605637485e-03
1.998154414351219765e+00 2.923920218807898874e-03
2.000153568175812691e+00 2.927314897676660307e-03
2.002154722154140476e+00 2.929025614682591316e-03
2.004157878287355921e+00 2.930016179811494818e-03
2.006163038578616220e+00 2.929601248259111612e-03
2.008170205033081412e+00 2.928664593809884604e-03
2.010179379657917487e+00 2.929095455609119492e-03
2.012190564462303932e+00 2.930770514169895539e-03
2.014203761457421749e+00 2.932117687002280728e-03
2.016218972656465880e+00 2.931155096612654901e-03
2.018236200074653208e+00 2.931300365681829834e-03
2.020255445729208343e+00 2.930416950307230400e-03
2.022276711639375613e+00 2.929698611251805793e-03
2.024299999826424390e+00 2.927589240398952887e-03
2.026325312313641991e+00 2.926907862955077048e-03
2.028352651126337669e+00 2.925598950567521138e-03
2.030382018291853274e+00 2.924898883052729458e-03
2.032413415839559701e+00 2.922630227423962321e-03
2.034446845800850667e+00 2.921170994927779763e-03
2.036482310209152935e+00 2.918994264091414811e-03
2.038519811099934298e+00 2.917427690914945262e-03
2.040559350510698700e+00 2.916435600120209810e-03
2.042600930480983124e+00 2.916066072326975282e-03
2.044644553052371361e+00 2.916352738501567718e-03
2.046690220268486460e+00 2.916556327926684341e-03
2.048737934174990283e+00 2.916788413637606825e-03
2.050787696819598604e+00 2.917231705571071351e-03
2.052839510252076671e+00 2.918285721164075135e-03
2.054893376524232984e+00 2.917204509534533988e-03
2.056949297689938838e+00 2.916257222006776034e-03
2.059007275805113224e+00 2.915321752577307128e-03
2.061067312927732598e+00 2.913756542884145609e-03
2.063129411117835765e+00 2.916676173795502286e-03
2.065193572437520775e+00 2.919107966771132545e-03
2.067259798950950689e+00 2.919645370876109997e-03
2.069328092724351809e+00 2.920868148529517754e-03
2.071398455826018559e+00 2.921092158398468086e-03
2.073470890326312155e+00 2.921395702570437833e-03
2.075545398297670818e+00 2.920057391591860708e-03
2.077621981814598229e+00 2.920732857342346091e-03
2.079700642953679068e+00 2.919372914917831539e-03
2.081781383793575468e+00 2.919864045045061744e-03
2.083864206415028342e+00 2.920784897918660052e-03
2.085949112900863156e+00 2.920579794791163843e-03
2.088036105335985937e+00 2.920315569020117200e-03
2.090125185807389485e+00 2.921082416581584525e-03
2.092216356404151156e+00 2.921514899441342208e-03
2.094309619217441298e+00 2.921297612582436816e-03
2.096404976340524140e+00 2.921631803975034171e-03
2.098502429868758679e+00 2.921689906407480206e-03
2.100601981899600457e+00 2.921298609063428288e-03
2.102703634532599342e+00 2.921200368761083400e-03
2.104807389869406631e+00 2.922260910237011941e-03
2.106913250013779493e+00 2.922787369581531652e-03
2.109021217071576970e+00 2.922799100184760891e-03
2.111131293150767529e+00 2.924277434110059831e-03
2.113243480361425952e+00 2.924577360171852231e-03
2.115357780815740441e+00 2.923568695382724146e-03
2.117474196628013505e+00 2.925644259157641341e-03
2.119592729914662410e+00 2.926402651301163865e-03
2.121713382794218727e+00 2.924877144979960968e-03
2.123836157387335444e+00 2.928057517873765107e-03
2.125961055816782963e+00 2.927787290703615531e-03
2.128088080207463761e+00 2.931938378492383087e-03
2.130217232686400397e+00 2.930284306295287758e-03
2.132348515382747944e+00 2.930908567153505881e-03
2.134481930427789997e+00 2.930088337582621976e-03
2.136617479954937782e+00 2.932347217188979987e-03
2.138755166099743921e+00 2.931275517127431268e-03
2.140894990999892666e+00 2.931883159522883763e-03
2.143036956795210557e+00 2.937011706929286599e-03
2.145181065627663308e+00 2.935296007478802732e-03
2.147327319641362031e+00 2.935208356479812597e-03
2.149475720982560567e+00 2.937061603874991170e-03
2.151626271799656820e+00 2.939032791063059952e-03
2.153778974243205191e+00 2.937223508715014215e-03
2.155933830465906809e+00 2.940857527792447614e-03
2.158090842622617522e+00 2.942042149759565607e-03
2.160250012870349678e+00 2.945144067629160319e-03
2.162411343368275229e+00 2.945017645297371388e-03
2.164574836277725733e+00 2.944288278862878302e-03
2.166740493762190578e+00 2.948305467882913859e-03
2.168908317987328083e+00 2.946343643176727294e-03
2.171078311120967275e+00 2.945719981484008071e-03
2.173250475333098564e+00 2.945725907181028381e-03
2.175424812795882623e+00 2.943473953030635581e-03
2.177601325683664601e+00 2.944310241051261746e-03
2.179780016172958135e+00 2.942831709031708265e-03
2.181960886442447567e+00 2.941623183713875257e-03
2.184143938673002605e+00 2.945247557747676832e-03
2.186329175047673878e+00 2.945416109581532830e-03
2.188516597751704484e+00 2.946107310264623781e-03
2.190706208972517111e+00 2.948684116904046366e-03
2.192898010899720695e+00 2.954488786714436557e-03
2.195092005725113538e+00 2.959663646686649940e-03
2.197288195642695285e+00 2.969334831503059238e-03
2.199486582848655836e+00 2.978962538082526382e-03
2.201687169541381994e+00 2.981988190892034471e-03
2.203889957921462806e+00 2.977697583463907900e-03
2.206094950191685111e+00 2.975882834395295051e-03
2.208302148557042432e+00 2.968145863558291006e-03
2.210511555224734526e+00 2.963184125672224580e-03
2.212723172404166938e+00 2.962136175382120047e-03
2.214937002306953673e+00 2.957375777089156846e-03
2.217153047146927847e+00 2.959667840227764996e-03
2.219371309140135029e+00 2.957181701535629634e-03
2.221591790504835906e+00 2.961451260157969313e-03
2.223814493461512498e+00 2.961051559672777875e-03
2.226039420232865051e+00 2.963765806466502235e-03
2.228266573043822252e+00 2.965521056401411795e-03
2.230495954121538116e+00 2.964958388576812397e-03
2.232727565695393768e+00 2.967511592662033966e-03
2.234961409997000992e+00 2.968825755170155165e-03
2.237197489260204897e+00 2.972475283336316679e-03
2.239435805721083028e+00 2.972329921205654410e-03
2.241676361617952473e+00 2.975026165045174115e-03
2.243919159191369861e+00 2.975496592460060395e-03
2.246164200684134915e+00 2.981027015265340016e-03
2.248411488341286901e+00 2.978189908618953524e-03
2.250661024410114397e+00 2.979156786628738875e-03
2.252912811140153959e+00 2.979708992451183050e-03
2.255166850783189680e+00 2.980649763936745605e-03
2.257423145593265623e+00 2.979319975852872705e-03
2.259681697826675162e+00 2.977294346593168349e-03
2.261942509741970753e+00 2.979280510686718123e-03
2.264205583599968374e+00 2.979260258504758466e-03
2.266470921663737315e+00 2.977013294886404066e-03
2.268738526198614380e+00 2.979089596578229394e-03
2.271008399472205674e+00 2.976029361990564955e-03
2.273280543754384819e+00 2.977512498084882234e-03
2.275554961317296954e+00 2.977648414726105294e-03
2.277831654435360065e+00 2.977611263760305497e-03
2.280110625385271206e+00 2.976520689361922874e-03
2.282391876445996282e+00 2.979261063981687545e-03
2.284675409898784704e+00 2.981263266294413225e-03
2.286961228027174720e+00 2.980711929780215964e-03
2.289249333116983198e+00 2.985017820380772395e-03
2.291539727456316289e+00 2.986954899989705155e-03
2.293832413335568976e+00 2.985983940002647115e-03
2.296127393047421972e+00 2.986964000018466070e-03
2.298424668886857702e+00 2.983849705418301253e-03
2.300724243151156312e+00 2.981380937843329526e-03
2.303026118139892109e+00 2.981328201813157001e-03
2.305330296154935787e+00 2.977241917121809314e-03
2.307636779500468638e+00 2.971882213864390516e-03
2.309945570482975441e+00 2.966815117375454659e-03
2.312256671411244913e+00 2.963415312693102807e-03
2.314570084596378141e+00 2.968170410919578756e-03
2.316885812351787255e+00 2.991192471328008029e-03
2.319203856993203861e+00 2.994156911952367342e-03
2.321524220838667496e+00 2.986990130124134255e-03
2.323846906208542507e+00 2.982339149853518133e-03
2.326171915425521153e+00 2.982947496096202862e-03
2.328499250814608956e+00 2.983137755899233252e-03
2.330828914703140686e+00 2.982041511989551828e-03
2.333160909420783025e+00 2.982229809867491081e-03
2.335495237299529681e+00 2.984421180694252218e-03
2.337831900673706720e+00 2.983485011275723540e-03
2.340170901879977006e+00 2.984106976560536688e-03
2.342512243257343751e+00 2.982917295097168350e-03
2.344855927147150965e+00 2.986156643446765714e-03
2.347201955893081671e+00 2.985110149608126255e-03
2.349550331841163242e+00 2.983894992113845460e-03
2.351901057339769618e+00 2.982835329410671137e-03
2.354254134739628412e+00 2.980700993165645834e-03
2.356609566393821797e+00 2.980620243143399309e-03
2.358967354657777626e+00 2.981391926878983623e-03
2.361327501889283642e+00 2.975989842549615211e-03
2.363690010448485701e+00 2.975268953562094833e-03
2.366054882697895767e+00 2.975773216726658888e-03
2.368422121002386582e+00 2.979422472930716957e-03
2.370791727729192999e+00 2.992245930800286387e-03
2.373163705247925304e+00 2.987490003107290230e-03
2.375538055930560777e+00 2.983793224983220631e-03
2.377914782151449469e+00 2.982609578438213775e-03
2.380293886287319527e+00 2.983143830943028527e-03
2.382675370717276309e+00 2.979548552520353520e-03
2.385059237822801048e+00 2.978433050725615497e-03
2.387445489987759739e+00 2.976504754335342062e-03
2.389834129598410239e+00 2.973822614277590697e-03
2.392225159043389393e+00 2.972134971598018593e-03
2.394618580713724132e+00 2.972953218808837769e-03
2.397014397002838582e+00 2.971450771083679158e-03
2.399412610306550508e+00 2.971346245051126669e-03
2.401813223023073984e+00 2.969270109398700584e-03
2.404216237553020274e+00 2.967609256408498559e-03
2.406621656299405387e+00 2.965480496633968698e-03
2.409029481667643413e+00 2.966221948937851263e-03
2.411439716065562955e+00 2.964650566337168665e-03
2.413852361903402688e+00 2.965005058247066616e-03
2.416267421593802922e+00 2.966748459664057640e-03
2.418684897551825586e+00 2.969071472483848263e-03
2.421104792194948896e+00 2.968779174737370789e-03
2.423527107943065584e+00 2.977042956972250631e-03
2.425951847218492219e+00 2.972789314567403363e-03
2.428379012445967433e+00 2.970724535639885852e-03
2.430808606052657250e+00 2.966044002314064017e-03
2.433240630468156418e+00 2.967617226926573537e-03
2.435675088124486631e+00 2.970243557049909687e-03
2.438111981456106747e+00 2.967329428818621558e-03
2.440551312899912340e+00 2.963224385538924983e-03
2.442993084895234812e+00 2.960927833487655546e-03
2.445437299883853832e+00 2.959851355878263379e-03
2.447883960309978679e+00 2.962661205934930680e-03
2.450333068620265564e+00 2.957436557060165276e-03
2.452784627263817629e+00 2.959046456686394329e-03
2.455238638692204489e+00 2.959438356561523362e-03
2.457695105359435583e+00 2.959668603523514518e-03
2.460154029721969948e+00 2.955898600641599164e-03
2.462615414238743750e+00 2.956204021315102064e-03
2.465079261371134756e+00 2.954572430202265232e-03
2.467545573582992535e+00 2.954966951829761553e-03
2.470014353340631796e+00 2.955579342412914708e-03
2.472485603112830166e+00 2.953392050106597253e-03
2.474959325370837071e+00 2.950333422342072201e-03
2.477435522588375516e+00 2.950968902468320988e-03
2.479914197241639418e+00 2.950732862211168962e-03
2.482395351809302930e+00 2.948635812025532550e-03
2.484878988772528885e+00 2.949046926121319263e-03
2.487365110614955910e+00 2.948785819870955623e-03
2.489853719822701983e+00 2.948890630666039375e-03
2.492344818884375535e+00 2.946740964892139488e-03
2.494838410291070119e+00 2.944386841797551162e-03
2.497334496536383064e+00 2.944011843480800680e-03
2.499833080116400819e+00 2.945151084840337465e-03
2.502334163529706945e+00 2.943596834637379756e-03
2.504837749277384784e+00 2.943207102236983404e-03
2.507343839863014345e+00 2.941099488290855636e-03
2.509852437792693625e+00 2.941359733472298683e-03
2.512363545575026169e+00 2.942546724202031554e-03
2.514877165721113972e+00 2.940726427070584036e-03
2.517393300744581008e+00 2.939889409992548809e-03
2.519911953161556806e+00 2.940516157985378042e-03
2.522433125490685768e+00 2.939474798480991476e-03
2.524956820253147161e+00 2.938310615360616163e-03
2.527483039972646228e+00 2.938318955385999139e-03
2.530011787175398652e+00 2.937113459778433952e-03
2.532543064390146537e+00 2.936605891656932435e-03
2.535076874148167292e+00 2.936680997307590350e-03
2.537613218983271413e+00 2.936452285802879612e-03
2.540152101431809584e+00 2.934400030629088010e-03
2.542693524032659802e+00 2.936054929799066741e-03
2.545237489327245139e+00 2.939196407622448638e-03
2.547783999859532411e+00 2.943650174202147411e-03
2.550333058176029954e+00 2.943100961063535755e-03
2.552884666825803173e+00 2.941469939836541432e-03
2.555438828360458547e+00 2.941975445687570502e-03
2.557995545334152077e+00 2.949651872690404499e-03
2.560554820303596824e+00 2.947502499651971121e-03
2.563116655828076684e+00 2.943638380993865086e-03
2.565681054469429956e+00 2.944477203062743301e-03
2.568248018792045784e+00 2.942709636798174037e-03
2.570817551362897468e+00 2.945589819384248145e-03
2.573389654751518485e+00 2.944614701594027144e-03
2.575964331530008256e+00 2.945486646759863311e-03
2.578541584273044585e+00 2.945402006369082087e-03
2.581121415557876553e+00 2.945131673080512470e-03
2.583703827964337840e+00 2.945273025290243846e-03
2.586288824074843617e+00 2.950779170333602420e-03
2.588876406474390546e+00 2.953500494140805926e-03
2.591466577750558553e+00 2.951369517978957163e-03
2.594059340493518384e+00 2.949010236962710044e-03
2.596654697296031600e+00 2.945883198638668283e-03
2.599252650753462568e+00 2.944221320728407278e-03
2.601853203463758923e+00 2.945380559477908493e-03
2.604456358027470220e+00 2.944466571285209860e-03
2.607062117047760808e+00 2.944966934300393812e-03
2.609670483130389851e+00 2.945364297753911599e-03
2.612281458883716656e+00 2.946255976566276684e-03
2.614895046918714883e+00 2.946083826309655630e-03
2.617511249848980981e+00 2.942491603735042198e-03
2.620130070290716873e+00 2.940519488320676375e-03
2.622751510862746382e+00 2.941721097495993489e-03
2.625375574186502803e+00 2.938994758161971900e-03
2.628002262886047546e+00 2.938836532617301184e-03
2.630631579588075031e+00 2.938832169504050715e-03
2.633263526921897135e+00 2.937431327284889624e-03
2.635898107519465849e+00 2.933482658684907676e-03
2.638535324015363503e+00 2.933433936834633354e-03
2.641175179046807653e+00 2.933489162879340285e-03
2.643817675253651078e+00 2.930844831826264277e-03
2.646462815278393332e+00 2.930228942758348817e-03
2.649110601766170969e+00 2.928849128962545800e-03
2.651761037364768647e+00 2.931657165240689027e-03
2.654414124724629342e+00 2.936328926660930917e-03
2.657069866498836586e+00 2.940217093336831931e-03
2.659728265343126452e+00 2.943271219258131958e-03
2.662389323915903550e+00 2.950951210248588773e-03
2.665053044878226807e+00 2.956494226061623029e-03
2.667719430893810806e+00 2.959249109045287290e-03
2.670388484629045323e+00 2.963226714131936973e-03
2.673060208752994438e+00 2.964711256773644096e-03
2.675734605937373445e+00 2.965168992743561632e-03
2.678411678856579048e+00 2.964415794422783391e-03
2.681091430187691138e+00 2.964304539834199115e-03
2.683773862610453698e+00 2.966776392241894308e-03
2.686458978807302778e+00 2.966061719524521866e-03
2.689146781463357616e+00 2.962521307448901051e-03
2.691837273266414865e+00 2.960497350739837649e-03
2.694530456906965021e+00 2.960535846217234122e-03
2.697226335078197312e+00 2.960340495036013157e-03
2.699924910475991258e+00 2.961445194637597755e-03
2.702626185798916225e+00 2.962485556874055494e-03
2.705330163748253192e+00 2.961290776966548060e-03
2.708036847027985861e+00 2.960550529871821927e-03
2.710746238344789560e+00 2.959260652771175670e-03
2.713458340408054781e+00 2.956361006637217917e-03
2.716173155929883176e+00 2.954875628433144968e-03
2.718890687625096891e+00 2.953713952496014525e-03
2.721610938211223907e+00 2.950190082148456544e-03
2.724333910408513137e+00 2.945474012974704653e-03
2.727059606939940650e+00 2.944880243669929266e-03
2.729788030531202114e+00 2.942167401776935379e-03
2.732519183910722571e+00 2.940848836233811610e-03
2.735253069809658211e+00 2.942092867817925044e-03
2.737989690961888822e+00 2.941597736610278638e-03
2.740729050104034226e+00 2.942441441363742062e-03
2.743471149975461376e+00 2.943663768738069304e-03
2.746215993318269266e+00 2.944528592918243658e-03
2.748963582877296030e+00 2.945337946655536207e-03
2.751713921400137153e+00 2.946230395183351090e-03
2.754467011637128149e+00 2.946865759882005310e-03
2.757222856341353445e+00 2.947142250458299750e-03
2.759981458268668142e+00 2.946309800308884955e-03
2.762742820177677583e+00 2.947100292567593656e-03
2.765506944829736025e+00 2.944753505149851243e-03
2.768273834988963955e+00 2.944029574897246912e-03
2.771043493422256532e+00 2.946786241386613672e-03
2.773815922899276032e+00 2.950621104333543167e-03
2.776591126192445191e+00 2.952349403127063794e-03
2.779369106076971185e+00 2.952980406296476512e-03
2.782149865330835858e+00 2.952636581726706972e-03
2.784933406734796613e+00 2.951515049820155855e-03
2.787719733072396178e+00 2.952813846857883610e-03
2.790508847129963499e+00 2.952903246841035671e-03
2.793300751696610629e+00 2.954830972287068001e-03
2.796095449564240720e+00 2.955042135053892721e-03
2.798892943527549360e+00 2.952947898878811699e-03
2.801693236384038332e+00 2.951333876033219485e-03
2.804496330933999637e+00 2.953056407783047690e-03
2.807302229980519481e+00 2.952348825569705952e-03
2.810110936329506703e+00 2.950489457517114188e-03
2.812922452789668348e+00 2.950181513231306916e-03
2.815736782172511887e+00 2.950795494958980466e-03
2.818553927292374528e+00 2.950166568871585848e-03
2.821373890966397902e+00 2.949177616931668820e-03
2.824196676014550711e+00 2.948058708773195445e-03
2.827022285259616297e+00 2.944678208210409903e-03
2.829850721527202406e+00 2.944210842422416603e-03
2.832681987645746524e+00 2.944152097562942327e-03
2.835516086446511874e+00 2.944471366742374471e-03
2.838353020763594525e+00 2.942178709962131773e-03
2.841192793433933605e+00 2.939757660298967287e-03
2.844035407297307749e+00 2.937965102438858458e-03
2.846880865196327104e+00 2.936553915821574125e-03
2.849729169976447540e+00 2.935452871456693986e-03
2.852580324485975538e+00 2.934604781575230262e-03
2.855434331576065077e+00 2.932131571543233894e-03
2.858291194100722521e+00 2.930504744897777583e-03
2.861150914916811061e+00 2.929597782632033763e-03
2.864013496884051602e+00 2.926710622374675136e-03
2.866878942865026314e+00 2.924833300279414995e-03
2.869747255725183521e+00 2.923609132749759726e-03
2.872618438332836366e+00 2.922033457126509918e-03
2.875492493559169027e+00 2.919741310293894748e-03
2.878369424278236277e+00 2.918228043510737255e-03
2.881249233366968809e+00 2.916881713316797631e-03
2.884131923705171907e+00 2.914688357041859100e-03
2.887017498175541874e+00 2.913436011690930492e-03
2.889905959663658042e+00 2.912026306510324784e-03
2.892797311057972998e+00 2.910955772121897028e-03
2.895691555249836124e+00 2.910650952759372568e-03
2.898588695133490045e+00 2.908495271816820445e-03
2.901488733606079062e+00 2.907814116644538097e-03
2.904391673567642052e+00 2.907471236236508234e-03
2.907297517921122676e+00 2.905692559276375729e-03
2.910206269572368054e+00 2.905589289195669670e-03
2.913117931430124763e+00 2.905730663108129636e-03
2.916032506406053049e+00 2.905171518928519308e-03
2.918949997414726827e+00 2.903822164394639742e-03
2.921870407373641676e+00 2.904175003197517931e-03
2.924793739203208620e+00 2.902831334342187430e-03
2.927719995826757238e+00 2.903996837418243090e-03
2.930649180170546320e+00 2.905205508171637262e-03
2.933581295163762093e+00 2.906052481903523711e-03
2.936516343738513779e+00 2.905249996390696018e-03
2.939454328829848251e+00 2.906035733514030720e-03
2.942395253375765130e+00 2.904992903272088107e-03
2.945339120317177706e+00 2.907665355036961885e-03
2.948285932597951575e+00 2.907415408841012693e-03
2.951235693164907747e+00 2.909143484176771911e-03
2.954188404967802217e+00 2.910144113516938830e-03
2.957144070959347282e+00 2.910392314669270602e-03
2.960102694095215980e+00 2.910239084937738495e-03
2.963064277334023888e+00 2.911551783682594149e-03
2.966028823637354872e+00 2.911904245400446373e-03
