8.099554455959743215e-01 2.750067200420603427e-03
8.107658061542900585e-01 2.749914568859507680e-03
8.115769774784792334e-01 2.749654213773104067e-03
8.123889603797121994e-01 2.749469373592561879e-03
8.132017556699727701e-01 2.749273457527450382e-03
8.140153641620563318e-01 2.749009585357586362e-03
8.148297866695717317e-01 2.748719223683093911e-03
8.156450240069411661e-01 2.748429262294783265e-03
8.164610769894029563e-01 2.748131414688901285e-03
8.172779464330105492e-01 2.747803148736644146e-03
8.180956331546322957e-01 2.747436418459644342e-03
8.189141379719558911e-01 2.747040633053638228e-03
8.197334617034857107e-01 2.746694248168819741e-03
8.205536051685444754e-01 2.746280922681835698e-03
8.213745691872769150e-01 2.745831522457002800e-03
8.221963545806487694e-01 2.745474906160474265e-03
8.230189621704429026e-01 2.745220557382418471e-03
8.238423927792670742e-01 2.744630137898375517e-03
8.246666472305524964e-01 2.744088930874638219e-03
8.254917263485536116e-01 2.743608796954549473e-03
8.263176309583500911e-01 2.743149953741689205e-03
8.271443618858455027e-01 2.742682642367432876e-03
8.279719199577725286e-01 2.742250111478257077e-03
8.288003060016881918e-01 2.741846076994325452e-03
8.296295208459781856e-01 2.741398760948310365e-03
8.304595653198585392e-01 2.740931944958184454e-03
8.312904402533747295e-01 2.740991051368112368e-03
8.321221464773999044e-01 2.769622765729705567e-03
8.329546848236402123e-01 2.882924410278406117e-03
8.337880561246344691e-01 2.915617565724315172e-03
8.346222612137542685e-01 2.917925257302962389e-03
8.354573009252049820e-01 2.918371980966091243e-03
8.362931760940265358e-01 2.920425531340101188e-03
8.371298875560944097e-01 2.923073855320944270e-03
8.379674361481189715e-01 2.924882797610869889e-03
8.388058227076495843e-01 2.925249802106502303e-03
8.396450480730722754e-01 2.925789891233476596e-03
8.404851130836130668e-01 2.925996121961008719e-03
8.413260185793379753e-01 2.928275132948176922e-03
8.421677654011512359e-01 2.929991924871151732e-03
8.430103543908002983e-01 2.931131018101362437e-03
8.438537863908742720e-01 2.931538600222533160e-03
8.446980622448042597e-01 2.929601278175645706e-03
8.455431827968671321e-01 2.927450425822785730e-03
8.463891488921824191e-01 2.927657033365301149e-03
8.472359613767166397e-01 2.928879482341458992e-03
8.480836210972833022e-01 2.929053737441678074e-03
8.489321289015407945e-01 2.928473775523085867e-03
8.497814856379983794e-01 2.928172158161351790e-03
8.506316921560135302e-01 2.928386707921211939e-03
8.514827493057913754e-01 2.928474231846439103e-03
8.523346579383890287e-01 2.928835487449214098e-03
8.531874189057161439e-01 2.929314941305252197e-03
8.540410330605319178e-01 2.929731870281991092e-03
8.548955012564523059e-01 2.930490588682993849e-03
8.557508243479458043e-01 2.931370516800859034e-03
8.566070031903338933e-01 2.931487780096888977e-03
8.574640386397960334e-01 2.931358432541703203e-03
8.583219315533672233e-01 2.930324944490655167e-03
8.591806827889413301e-01 2.929707651596548997e-03
8.600402932052715332e-01 2.929722719807669688e-03
8.609007636619676607e-01 2.929541181271407089e-03
8.617620950194990748e-01 2.927127063262021343e-03
8.626242881391973372e-01 2.926041719270357569e-03
8.634873438832556536e-01 2.924813257788240039e-03
8.643512631147296510e-01 2.923752526993626637e-03
8.652160466975378217e-01 2.924015438494027841e-03
8.660816954964636327e-01 2.924585299832658213e-03
8.669482103771571913e-01 2.926292139623636046e-03
8.678155922061336902e-01 2.928070258863295881e-03
8.686838418507756288e-01 2.928905267655271087e-03
8.695529601793322572e-01 2.929871096053352896e-03
8.704229480609205760e-01 2.931204864007532808e-03
8.712938063655277787e-01 2.932238080196341093e-03
8.721655359640141381e-01 2.932436918305854172e-03
8.730381377281095645e-01 2.933122346170348275e-03
8.739116125304161597e-01 2.933951824054530522e-03
8.747859612444087718e-01 2.934003534657264774e-03
8.756611847444361052e-01 2.931877422729554754e-03
8.765372839057208321e-01 2.930282491793935636e-03
8.774142596043608133e-01 2.931013082908198210e-03
8.782921127173328735e-01 2.932895322094349923e-03
8.791708441224919124e-01 2.933878750180799432e-03
8.800504546985693510e-01 2.932906867232951565e-03
8.809309453251749078e-01 2.931152655837761939e-03
8.818123168827982639e-01 2.929684520340969205e-03
8.826945702528108395e-01 2.929066539309292672e-03
8.835777063174676815e-01 2.929322322127890163e-03
8.844617259599056869e-01 2.930370649788807680e-03
8.853466300641437137e-01 2.931520815693120646e-03
8.862324195150838024e-01 2.932448625348854990e-03
8.871190951985163942e-01 2.934139252754109847e-03
8.880066580011191091e-01 2.935794878628033427e-03
8.888951088104538600e-01 2.936848280752830422e-03
8.897844485149719596e-01 2.938498193787272145e-03
8.906746780040118994e-01 2.941475177228690743e-03
8.915657981678065669e-01 2.944601953563284139e-03
8.924578098974739193e-01 2.947591917852930218e-03
8.933507140850214245e-01 2.949410730631399531e-03
8.942445116233572744e-01 2.948912564590235388e-03
8.951392034062801706e-01 2.948227862635598683e-03
8.960347903284814342e-01 2.946049596175156181e-03
8.969312732855473369e-01 2.944270819819957714e-03
8.978286531739603227e-01 2.946303334167187354e-03
8.987269308911014498e-01 2.953283967974501024e-03
8.996261073352495030e-01 2.951522812226047530e-03
9.005261834055795500e-01 2.948359731388500334e-03
9.014271600021682707e-01 2.946243223221233030e-03
9.023290380259918475e-01 2.944435320150692002e-03
9.032318183789278532e-01 2.943809414556687078e-03
9.041355019637584700e-01 2.943833944823897372e-03
9.050400896841658271e-01 2.942632900204060313e-03
9.059455824447376626e-01 2.941525306919085155e-03
9.068519811509679895e-01 2.939904948348884793e-03
9.077592867092548756e-01 2.938083628160857719e-03
9.086675000269045510e-01 2.935932407250412685e-03
9.095766220121302981e-01 2.932977864734932771e-03
9.104866535740545608e-01 2.930398029842774810e-03
9.113975956227070574e-01 2.928158712476820746e-03
9.123094490690316638e-01 2.925382289475708403e-03
9.132222148248820837e-01 2.922217271801932480e-03
9.141358938030226255e-01 2.919923718211810820e-03
9.150504869171317557e-01 2.917124081314059758e-03
9.159659950818033192e-01 2.913690214179222131e-03
9.168824192125480943e-01 2.910515973928920822e-03
9.177997602257875753e-01 2.907354446927564416e-03
9.187180190388626322e-01 2.904046867501333326e-03
9.196371965700328444e-01 2.901340728825011275e-03
9.205572937384781662e-01 2.898338720860218175e-03
9.214783114642939310e-01 2.895199042004951810e-03
9.224002506684964020e-01 2.891422282869201416e-03
9.233231122730257701e-01 2.889465692201116220e-03
9.242468972007444883e-01 2.888496977884113040e-03
9.251716063754391595e-01 2.887421938201753524e-03
9.260972407218166502e-01 2.886059311950345176e-03
9.270238011655114185e-01 2.884811293765745816e-03
9.279512886330849586e-01 2.884166360667082644e-03
9.288797040520245796e-01 2.883528153099456075e-03
9.298090483507445159e-01 2.882867562354974114e-03
9.307393224585915892e-01 2.882526703598523466e-03
9.316705273058381032e-01 2.882459352544991874e-03
9.326026638236895039e-01 2.882049628300538575e-03
9.335357329442838248e-01 2.881943604657955307e-03
9.344697356006889111e-01 2.882180908563289953e-03
9.354046727269068606e-01 2.882377296247905316e-03
9.363405452578753563e-01 2.882276686608525266e-03
9.372773541294663335e-01 2.882755922391563169e-03
9.382151002784899774e-01 2.884053638851423722e-03
9.391537846426917246e-01 2.886225926588341286e-03
9.400934081607547066e-01 2.887094068659498431e-03
9.410339717723049668e-01 2.886561266560051537e-03
9.419754764179059103e-01 2.886816241847777863e-03
9.429179230390614119e-01 2.888703691188357695e-03
9.438613125782181479e-01 2.889483598373756342e-03
9.448056459787667061e-01 2.891132145028250510e-03
9.457509241850403647e-01 2.893136049039019518e-03
9.466971481423157586e-01 2.895412244480783260e-03
9.476443187968174309e-01 2.898456206686815875e-03
9.485924370957175000e-01 2.900030529989374491e-03
9.495415039871341056e-01 2.898385247852941146e-03
9.504915204201344059e-01 2.902984201830357928e-03
9.514424873447341335e-01 2.903556245745706615e-03
9.523944057118994833e-01 2.905165524743984727e-03
9.533472764735499982e-01 2.906800393424213529e-03
9.543011005825563497e-01 2.907550388590464559e-03
9.552558789927436678e-01 2.908688363500545188e-03
9.562116126588898757e-01 2.911412253867988638e-03
9.571683025367276887e-01 2.914632098694454852e-03
9.581259495829482775e-01 2.913830778372148919e-03
9.590845547552002692e-01 2.915009515681558742e-03
9.600441190120854174e-01 2.917703165498267224e-03
9.610046433131675947e-01 2.920105802128657429e-03
9.619661286189739036e-01 2.920452737779487273e-03
9.629285758909905679e-01 2.922702801773468476e-03
9.638919860916628224e-01 2.924273404576719151e-03
9.648563601844011295e-01 2.924027731546996207e-03
9.658216991335795143e-01 2.925283595846748554e-03
9.667880039045362306e-01 2.926431153452379447e-03
9.677552754635757593e-01 2.926114015593494870e-03
9.687235147779708067e-01 2.928250075822531710e-03
9.696927228159630818e-01 2.932980296212972949e-03
9.706629005467596327e-01 2.932223792730007800e-03
9.716340489405361769e-01 2.929720586243891780e-03
9.726061689684449840e-01 2.928836038480091275e-03
9.735792616026035518e-01 2.928964795891232306e-03
9.745533278161038204e-01 2.930854253525348816e-03
9.755283685830130613e-01 2.930903504431558917e-03
9.765043848783711011e-01 2.930793453263880535e-03
9.774813776781959840e-01 2.931837151262473972e-03
9.784593479594798637e-01 2.932295948826386944e-03
9.794382967001936668e-01 2.933153331825801187e-03
9.804182248792859822e-01 2.934158619362903925e-03
9.813991334766843933e-01 2.934252618485396619e-03
9.823810234732978097e-01 2.934937440174073715e-03
9.833638958510170225e-01 2.935806750721462431e-03
9.843477515927149257e-01 2.936571705486464619e-03
9.853325916822468500e-01 2.937828237754095892e-03
9.863184171044501181e-01 2.939252497844721014e-03
9.873052288451531489e-01 2.940565574993904939e-03
9.882930278911683519e-01 2.940669939174604328e-03
9.892818152302930157e-01 2.940602923096477354e-03
9.902715918513149695e-01 2.939440597044302213e-03
9.912623587440111406e-01 2.938176987593168511e-03
9.922541168991476646e-01 2.938614560087248265e-03
9.932468673084843269e-01 2.939825778696399539e-03
9.942406109647716761e-01 2.941853404397048316e-03
9.952353488617531330e-01 2.944886356100575101e-03
9.962310819941662121e-01 2.943190348251144110e-03
9.972278113577441871e-01 2.939839100982864946e-03
9.982255379492167569e-01 2.939061988587371443e-03
9.992242627663093790e-01 2.939748767649946054e-03
1.000223986807747600e+00 2.939797313840487088e-03
1.001224711073256834e+00 2.939292277905798667e-03
1.002226436563560474e+00 2.939236261534680650e-03
1.003229164280384333e+00 2.939133701345409289e-03
1.004232895226455646e+00 2.939027502113139134e-03
1.005237630405505511e+00 2.939339907694576634e-03
1.006243370822270000e+00 2.940241408764221812e-03
1.007250117482488161e+00 2.941210178234091206e-03
1.008257871392907346e+00 2.941533126582649826e-03
1.009266633561284321e+00 2.940788006607636049e-03
1.010276404996379940e+00 2.939340298069833060e-03
1.011287186707962471e+00 2.938922681788016297e-03
1.012298979706815372e+00 2.938709070581186147e-03
1.013311785004731513e+00 2.940282017409705847e-03
1.014325603614517401e+00 2.942655145813843822e-03
1.015340436549991621e+00 2.942117338416498987e-03
1.016356284825987721e+00 2.940637671970321686e-03
1.017373149458352000e+00 2.940011622326075841e-03
1.018391031463949936e+00 2.940478576499845967e-03
1.019409931860664198e+00 2.941111406986042683e-03
1.020429851667395971e+00 2.940528115030928771e-03
1.021450791904064959e+00 2.940531057184040190e-03
1.022472753591610495e+00 2.940737521499843868e-03
1.023495737751995538e+00 2.940733324768259657e-03
1.024519745408203342e+00 2.941221617149178055e-03
1.025544777584241007e+00 2.942003880983491346e-03
1.026570835305141705e+00 2.941836353457444927e-03
1.027597919596963782e+00 2.941336374084343921e-03
1.028626031486790104e+00 2.940733812995071934e-03
1.029655172002734043e+00 2.939827060202344737e-03
1.030685342173935926e+00 2.938607102412385194e-03
1.031716543030566147e+00 2.937394863295066799e-03
1.032748775603824720e+00 2.935491866040658600e-03
1.033782040925944834e+00 2.934677713656469109e-03
1.034816340030192627e+00 2.933233152841265186e-03
1.035851673950866303e+00 2.931271367224420627e-03
1.036888043723299679e+00 2.929683006194982661e-03
1.037925450383862858e+00 2.927596614988216793e-03
1.038963894969963331e+00 2.926352545066832067e-03
1.040003378520046207e+00 2.924986653282204887e-03
1.041043902073592431e+00 2.922852298214306636e-03
1.042085466671125449e+00 2.920798074790022757e-03
1.043128073354212981e+00 2.919575672308368473e-03
1.044171723165462140e+00 2.917662650497136745e-03
1.045216417148520982e+00 2.916464376007434078e-03
1.046262156348083616e+00 2.914649655659759184e-03
1.047308941809890870e+00 2.913208434131181555e-03
1.048356774580727402e+00 2.911431251223555762e-03
1.049405655708424367e+00 2.910816106576616553e-03
1.050455586241864525e+00 2.908675859190024138e-03
1.051506567230979794e+00 2.906949188865452609e-03
1.052558599726749256e+00 2.905162484981002602e-03
1.053611684781205371e+00 2.904359180158373917e-03
1.054665823447434869e+00 2.902697581011385794e-03
1.055721016779575638e+00 2.901242150526972454e-03
1.056777265832821389e+00 2.900242719575845882e-03
1.057834571663421430e+00 2.900142615392372995e-03
1.058892935328680673e+00 2.898504448963429465e-03
1.059952357886963181e+00 2.897756302287447273e-03
1.061012840397692836e+00 2.896791767643253340e-03
1.062074383921351339e+00 2.896999118278945594e-03
1.063136989519481546e+00 2.898563522040486628e-03
1.064200658254688792e+00 2.899909894182280297e-03
1.065265391190642452e+00 2.899989239240027914e-03
1.066331189392076162e+00 2.899623603431680102e-03
1.067398053924788259e+00 2.897288428491570818e-03
1.068465985855643563e+00 2.895204998037296217e-03
1.069534986252574260e+00 2.892663104784190618e-03
1.070605056184579462e+00 2.890421397302513594e-03
1.071676196721730756e+00 2.888942610990452055e-03
1.072748408935168429e+00 2.886835241073878663e-03
1.073821693897103469e+00 2.886044992431407823e-03
1.074896052680821112e+00 2.885373854691658697e-03
1.075971486360680407e+00 2.886191550714925676e-03
1.077047996012116871e+00 2.885684701582280891e-03
1.078125582711639385e+00 2.885586798778757428e-03
1.079204247536833972e+00 2.885128400370447124e-03
1.080283991566367119e+00 2.885335674968010893e-03
1.081364815879982011e+00 2.887041254100101983e-03
1.082446721558502079e+00 2.889553230307295370e-03
1.083529709683832998e+00 2.891132647147010709e-03
1.084613781338964023e+00 2.893371498570112763e-03
1.085698937607967762e+00 2.896962270649379965e-03
1.086785179575999072e+00 2.899556588476474763e-03
1.087872508329299936e+00 2.902471822920585191e-03
1.088960924955200360e+00 2.906328077954328445e-03
1.090050430542115478e+00 2.909160486777895814e-03
1.091141026179552442e+00 2.911647888825036855e-03
1.092232712958106200e+00 2.913462226083654311e-03
1.093325491969463270e+00 2.915602071629875419e-03
1.094419364306403519e+00 2.916326314993737158e-03
1.095514331062799718e+00 2.916309556527199934e-03
1.096610393333617983e+00 2.915923969268397701e-03
1.097707552214920890e+00 2.916629139054852278e-03
1.098805808803868134e+00 2.916964823869810670e-03
1.099905164198715202e+00 2.914665499915836469e-03
1.101005619498818477e+00 2.911487790438674079e-03
1.102107175804632577e+00 2.913195799091385443e-03
1.103209834217713237e+00 2.915542520539072049e-03
1.104313595840720197e+00 2.917949827229160582e-03
1.105418461777413652e+00 2.920927785754012448e-03
1.106524433132661356e+00 2.924988794182683486e-03
1.107631511012435288e+00 2.922007663370073186e-03
1.108739696523812546e+00 2.925808108696202874e-03
1.109848990774979782e+00 2.926387345870721732e-03
1.110959394875229211e+00 2.925271757265758034e-03
1.112070909934964602e+00 2.926468445810145088e-03
1.113183537065703277e+00 2.929326884046650446e-03
1.114297277380072559e+00 2.931576957089076368e-03
1.115412131991812217e+00 2.933634859907319897e-03
1.116528102015776458e+00 2.934921286109352413e-03
1.117645188567933490e+00 2.936291876431275372e-03
1.118763392765371512e+00 2.937109811695953320e-03
1.119882715726297162e+00 2.938479479424352132e-03
1.121003158570033076e+00 2.939471074906850178e-03
1.122124722417020326e+00 2.941375124314492707e-03
1.123247408388822866e+00 2.943274872506749205e-03
1.124371217608127527e+00 2.943222003949780719e-03
1.125496151198744688e+00 2.944502532662328625e-03
1.126622210285607384e+00 2.946566282371616829e-03
1.127749395994771975e+00 2.947066629373018901e-03
1.128877709453426359e+00 2.943555991553167741e-03
1.130007151789885311e+00 2.943304409973924052e-03
1.131137724133588929e+00 2.942076014798380469e-03
1.132269427615111068e+00 2.939776117936147241e-03
1.133402263366155127e+00 2.939176251538125340e-03
1.134536232519556265e+00 2.943517836191017999e-03
1.135671336209286064e+00 2.947015138546544774e-03
1.136807575570448314e+00 2.949035183283842121e-03
1.137944951739279231e+00 2.944971898636533462e-03
1.139083465853155674e+00 2.941589972846677878e-03
1.140223119050594480e+00 2.940542922462127933e-03
1.141363912471246245e+00 2.941607376496519453e-03
1.142505847255904872e+00 2.941985951300321762e-03
1.143648924546506684e+00 2.942250053539260685e-03
1.144793145486128871e+00 2.942800083828580118e-03
1.145938511218992373e+00 2.942080910848072009e-03
1.147085022890461214e+00 2.941355483911475659e-03
1.148232681647048281e+00 2.941915585883561092e-03
1.149381488636412874e+00 2.941928667279419124e-03
1.150531445007361153e+00 2.942898673372154692e-03
1.151682551909849916e+00 2.944156647475150608e-03
1.152834810494985263e+00 2.944804403545342626e-03
1.153988221915028811e+00 2.945301790843576385e-03
1.155142787323389930e+00 2.946740906976874456e-03
1.156298507874635062e+00 2.948618313957622125e-03
1.157455384724486835e+00 2.950155103279726229e-03
1.158613419029816960e+00 2.952273760450448321e-03
1.159772611948661325e+00 2.953975713163900941e-03
1.160932964640214893e+00 2.954461071620788533e-03
1.162094478264829478e+00 2.954228271176338044e-03
1.163257153984020631e+00 2.952868587853546209e-03
1.164420992960464529e+00 2.950687263421901060e-03
1.165585996357997089e+00 2.950310065738711608e-03
1.166752165341621739e+00 2.948832822406683742e-03
1.167919501077509192e+00 2.947934480234433961e-03
1.169088004732994568e+00 2.949406215043847215e-03
1.170257677476581604e+00 2.951599787342370183e-03
1.171428520477943325e+00 2.958325574757367932e-03
1.172600534907923375e+00 2.965664461075467103e-03
1.173773721938536241e+00 2.963237579540171571e-03
1.174948082742969024e+00 2.955470251540298111e-03
1.176123618495583001e+00 2.950742407994626053e-03
1.177300330371911397e+00 2.948853735559344314e-03
1.178478219548668493e+00 2.949523854362600533e-03
1.179657287203744964e+00 2.949384701489682521e-03
1.180837534516205212e+00 2.949444239955753902e-03
1.182018962666298245e+00 2.949345281681608946e-03
1.183201572835452797e+00 2.950174452579363595e-03
1.184385366206279766e+00 2.949426618141714682e-03
1.185570343962571549e+00 2.948459917873532017e-03
1.186756507289305596e+00 2.948852049153559331e-03
1.187943857372644185e+00 2.947276340834376757e-03
1.189132395399938202e+00 2.945927668663023483e-03
1.190322122559727358e+00 2.944824695690195088e-03
1.191513040041739746e+00 2.943154388355888589e-03
1.192705149036892065e+00 2.942200438684413298e-03
1.193898450737292283e+00 2.941566673185257164e-03
1.195092946336242523e+00 2.941181506651828308e-03
1.196288637028239288e+00 2.940563195992462481e-03
1.197485524008971902e+00 2.939113278973908353e-03
1.198683608475328288e+00 2.937917299213914455e-03
1.199882891625392523e+00 2.936457030036788551e-03
1.201083374658448388e+00 2.935819969479242213e-03
1.202285058774978488e+00 2.936069994275318680e-03
1.203487945176667351e+00 2.935796381956768362e-03
1.204692035066401878e+00 2.935047228805601725e-03
1.205897329648271787e+00 2.934586712158215090e-03
1.207103830127570721e+00 2.933372861515133167e-03
1.208311537710799799e+00 2.931824284735303453e-03
1.209520453605668511e+00 2.930461749367155224e-03
1.210730579021092268e+00 2.929357797124652364e-03
1.211941915167195072e+00 2.927276424578811702e-03
1.213154463255313065e+00 2.926795328144159679e-03
1.214368224497995641e+00 2.926713739391020690e-03
1.215583200109004336e+00 2.925674870827834392e-03
1.216799391303313715e+00 2.926390851271700767e-03
1.218016799297116037e+00 2.925530666040376468e-03
1.219235425307820142e+00 2.924603992110401656e-03
1.220455270554050786e+00 2.923331332139721475e-03
1.221676336255654416e+00 2.923010792744229393e-03
1.222898623633697612e+00 2.923299692611474980e-03
1.224122133910464649e+00 2.923766144615303625e-03
1.225346868309468595e+00 2.923090017000515729e-03
1.226572828055445985e+00 2.922182490433211134e-03
1.227800014374351933e+00 2.920456630576570220e-03
1.229028428493374347e+00 2.919542144762477410e-03
1.230258071640927708e+00 2.920018180725026009e-03
1.231488945046652184e+00 2.917381645364668097e-03
1.232721049941425173e+00 2.914721791427433897e-03
1.233954387557350874e+00 2.914266392776298890e-03
1.235188959127763386e+00 2.913928938078942741e-03
1.236424765887237598e+00 2.911913189744675182e-03
1.237661809071581853e+00 2.909567470423560405e-03
1.238900089917839509e+00 2.908657780136973507e-03
1.240139609664291376e+00 2.909607131790256911e-03
1.241380369550453722e+00 2.908688907286130759e-03
1.242622370817087374e+00 2.906204529940966015e-03
1.243865614706197942e+00 2.905351948104474731e-03
1.245110102461026935e+00 2.905037465207399583e-03
1.246355835326061534e+00 2.903179860944860198e-03
1.247602814547033478e+00 2.902318235456789568e-03
1.248851041370924841e+00 2.901105426743546059e-03
1.250100517045962700e+00 2.900192826286306091e-03
1.251351242821620691e+00 2.900437928503515894e-03
1.252603219948625890e+00 2.898478406002194877e-03
1.253856449678957707e+00 2.898542261430396040e-03
1.255110933265842998e+00 2.898282107733234948e-03
1.256366671963763171e+00 2.896519605434828316e-03
1.257623667028460623e+00 2.894790531877074885e-03
1.258881919716930087e+00 2.890611846600657595e-03
1.260141431287421954e+00 2.888364122456044038e-03
1.261402202999453381e+00 2.887178523126000644e-03
1.262664236113794747e+00 2.885256719390333000e-03
1.263927531892475642e+00 2.883432527761242269e-03
1.265192091598793755e+00 2.882212807833027350e-03
1.266457916497307101e+00 2.882367189767507960e-03
1.267725007853840458e+00 2.881705745033653291e-03
1.268993366935489364e+00 2.880657830658994289e-03
1.270262995010613016e+00 2.880418259522124751e-03
1.271533893348834932e+00 2.881994138018018157e-03
1.272806063221056050e+00 2.881585419967637798e-03
1.274079505899448517e+00 2.881871916766355363e-03
1.275354222657453018e+00 2.882652034478525374e-03
1.276630214769785443e+00 2.885928113787405557e-03
1.277907483512440212e+00 2.886874212860913568e-03
1.279186030162684506e+00 2.889676591653365066e-03
1.280465855999067148e+00 2.891681401664502986e-03
1.281746962301411275e+00 2.892843959312894724e-03
1.283029350350822995e+00 2.895886038259526483e-03
1.284313021429691171e+00 2.899014493553096934e-03
1.285597976821686306e+00 2.900098875062681429e-03
1.286884217811765874e+00 2.902030980109977440e-03
1.288171745686169212e+00 2.906026989603007968e-03
1.289460561732425514e+00 2.908142992672264979e-03
1.290750667239352723e+00 2.910519847736928265e-03
1.292042063497055082e+00 2.912949062066700050e-03
1.293334751796928028e+00 2.913956788627351021e-03
1.294628733431660184e+00 2.915191950179803898e-03
1.295924009695232693e+00 2.914442671742270910e-03
1.297220581882923440e+00 2.915615234565563027e-03
1.298518451291303943e+00 2.916458085520317201e-03
1.299817619218243570e+00 2.917867103566965103e-03
1.301118086962911757e+00 2.918475143931147618e-03
1.302419855825775574e+00 2.919087207257424661e-03
1.303722927108603713e+00 2.918442426041279771e-03
1.305027302114467824e+00 2.918133716128742082e-03
1.306332982147742738e+00 2.919312984041404647e-03
1.307639968514106243e+00 2.919900902516640862e-03
1.308948262520545081e+00 2.920687750689608501e-03
1.310257865475357386e+00 2.920576957275509977e-03
1.311568778688145365e+00 2.922536365684159920e-03
1.312881003469822394e+00 2.925628534959955236e-03
1.314194541132613248e+00 2.926698258961375060e-03
1.315509392990052095e+00 2.927210262890343577e-03
1.316825560356992275e+00 2.930922721582190568e-03
1.318143044549605181e+00 2.930170412161388523e-03
1.319461846885372491e+00 2.927079344435219461e-03
1.320781968683094609e+00 2.928675737218747362e-03
1.322103411262894657e+00 2.928536728934702342e-03
1.323426175946215588e+00 2.927597053808502457e-03
1.324750264055823967e+00 2.926287918696935872e-03
1.326075676915806634e+00 2.926484810357268297e-03
1.327402415851577810e+00 2.929579430765156048e-03
1.328730482189877105e+00 2.935373421158045740e-03
1.330059877258766621e+00 2.936715951112655112e-03
1.331390602387644506e+00 2.945222443201677559e-03
1.332722658907238511e+00 2.939881775659836799e-03
1.334056048149601548e+00 2.936675044941972589e-03
1.335390771448121905e+00 2.937310221599984724e-03
1.336726830137523470e+00 2.938655108203818388e-03
1.338064225553867281e+00 2.937929118715637295e-03
1.339402959034549756e+00 2.939323243053328961e-03
1.340743031918303130e+00 2.941293335498617375e-03
1.342084445545197235e+00 2.943062941456073018e-03
1.343427201256649495e+00 2.942326979497206750e-03
1.344771300395417146e+00 2.943702581699735553e-03
1.346116744305594359e+00 2.944415316412991868e-03
1.347463534332628665e+00 2.944119822469467348e-03
1.348811671823311853e+00 2.944858865917331613e-03
1.350161158125778860e+00 2.945093082446471715e-03
1.351511994589517540e+00 2.946126941079987675e-03
1.352864182565362894e+00 2.947063933716553494e-03
1.354217723405502616e+00 2.945909107335077052e-03
1.355572618463477541e+00 2.946575598949150582e-03
1.356928869094182311e+00 2.949685771821661771e-03
1.358286476653869368e+00 2.953366583293073368e-03
1.359645442500145185e+00 2.953685291816747147e-03
1.361005767991978699e+00 2.952921632517925901e-03
1.362367454489693541e+00 2.952323804557847181e-03
1.363730503354976253e+00 2.947627577337713634e-03
1.365094915950876286e+00 2.945505526612730157e-03
1.366460693641805557e+00 2.947688004323400536e-03
1.367827837793544221e+00 2.947982900270320564e-03
1.369196349773232901e+00 2.947083844666479636e-03
1.370566230949384456e+00 2.950262141084759263e-03
1.371937482691882648e+00 2.951130039516758514e-03
1.373310106371978812e+00 2.951684206972765307e-03
1.374684103362296073e+00 2.951091896849005521e-03
1.376059475036832236e+00 2.951363325556533804e-03
1.377436222770957119e+00 2.952243727554939266e-03
1.378814347941416329e+00 2.954030652507685321e-03
1.380193851926337034e+00 2.954302045951627716e-03
1.381574736105227075e+00 2.954464901517850350e-03
1.382957001858968082e+00 2.953674513201697167e-03
1.384340650569826359e+00 2.954642936925444725e-03
1.385725683621453097e+00 2.955533180524098913e-03
1.387112102398877056e+00 2.955140053209563689e-03
1.388499908288514106e+00 2.953460896017300052e-03
1.389889102678176336e+00 2.953681542065628163e-03
1.391279686957059170e+00 2.953692088566859091e-03
1.392671662515744480e+00 2.954639066037293912e-03
1.394065030746209910e+00 2.954771553702733103e-03
1.395459793041823549e+00 2.955495755053245445e-03
1.396855950797346368e+00 2.957503653768305332e-03
1.398253505408935560e+00 2.959204681127714127e-03
1.399652458274146971e+00 2.956443730525082272e-03
1.401052810791931336e+00 2.955430844597231339e-03
1.402454564362640488e+00 2.952681390277779247e-03
1.403857720388033359e+00 2.952875311199381139e-03
1.405262280271267539e+00 2.952677905819307488e-03
1.406668245416895724e+00 2.953231294895345728e-03
1.408075617230885701e+00 2.952440625081200094e-03
1.409484397120611021e+00 2.951719508067331913e-03
1.410894586494849667e+00 2.949772625225222100e-03
1.412306186763792493e+00 2.949325181918496797e-03
1.413719199339038557e+00 2.949369066599361738e-03
1.415133625633601788e+00 2.949174471441579071e-03
1.416549467061908762e+00 2.948816690934187405e-03
1.417966725039802256e+00 2.948863533219586459e-03
1.419385400984539025e+00 2.947765174551573043e-03
1.420805496314794913e+00 2.948429002094364853e-03
1.422227012450665296e+00 2.947820325221060453e-03
1.423649950813663079e+00 2.946876579271742302e-03
1.425074312826731360e+00 2.945530713441447870e-03
1.426500099914232100e+00 2.944882553774496974e-03
1.427927313501950124e+00 2.944996603046295264e-03
1.429355955017101332e+00 2.943975383527453436e-03
1.430786025888328483e+00 2.944474427328416452e-03
1.432217527545700975e+00 2.943904426701015892e-03
1.433650461420720168e+00 2.942202097051484569e-03
1.435084828946318947e+00 2.941414671101335362e-03
1.436520631556862826e+00 2.941831509156693156e-03
1.437957870688159057e+00 2.941871358766137007e-03
1.439396547777445301e+00 2.942307075625901283e-03
1.440836664263399847e+00 2.942326041875581877e-03
1.442278221586138942e+00 2.940924611478362011e-03
1.443721221187219905e+00 2.939667170301580538e-03
1.445165664509644454e+00 2.939243822364467559e-03
1.446611552997854488e+00 2.939209479090550570e-03
1.448058888097737640e+00 2.938486635965606268e-03
1.449507671256628161e+00 2.938484217861111417e-03
1.450957903923310921e+00 2.938378068040869984e-03
1.452409587548018299e+00 2.939027265207784859e-03
1.453862723582431071e+00 2.937921156261092195e-03
1.455317313479687957e+00 2.936887840733841057e-03
1.456773358694377629e+00 2.935526226471416641e-03
1.458230860682547148e+00 2.934766559364395191e-03
1.459689820901702628e+00 2.933668753361751841e-03
1.461150240810803247e+00 2.933858826159862002e-03
1.462612121870266346e+00 2.932673333681747388e-03
1.464075465541970544e+00 2.933654221495672447e-03
1.465540273289261508e+00 2.934163361914593829e-03
1.467006546576947734e+00 2.933431517794017097e-03
1.468474286871301882e+00 2.933074470277146142e-03
1.469943495640066322e+00 2.931488671800748166e-03
1.471414174352450921e+00 2.932912893967227260e-03
1.472886324479134590e+00 2.934315422148215963e-03
1.474359947492264622e+00 2.932026259622850031e-03
1.475835044865461132e+00 2.929508655313877753e-03
1.477311618073823940e+00 2.926639053245590639e-03
1.478789668593927464e+00 2.926200051182735462e-03
1.480269197903824496e+00 2.925399669282931561e-03
1.481750207483043980e+00 2.924342929353863745e-03
1.483232698812595229e+00 2.925087752886345108e-03
1.484716673374970375e+00 2.924635230347926145e-03
1.486202132654143915e+00 2.922365311715416185e-03
1.487689078135571830e+00 2.921582457119659658e-03
1.489177511306200907e+00 2.921446772855607055e-03
1.490667433654462082e+00 2.921130376023955109e-03
1.492158846670277539e+00 2.923900700199221631e-03
1.493651751845064934e+00 2.922026066169352426e-03
1.495146150671732066e+00 2.920437272822476102e-03
1.496642044644675762e+00 2.919979069600493402e-03
1.498139435259789654e+00 2.918370012421115343e-03
1.499638324014464175e+00 2.919632317691634414e-03
1.501138712407587894e+00 2.921516948343041986e-03
1.502640601939549292e+00 2.920573286609747313e-03
1.504143994112236538e+00 2.918453436213380194e-03
1.505648890429041931e+00 2.918022338564756242e-03
1.507155292394863233e+00 2.916686391883264052e-03
1.508663201516102337e+00 2.915091825357196947e-03
1.510172619300667263e+00 2.912988633018215139e-03
1.511683547257977489e+00 2.912784116777191075e-03
1.513195986898960399e+00 2.911910730899707703e-03
1.514709939736056388e+00 2.910288399127857091e-03
1.516225407283221971e+00 2.909639134154632170e-03
1.517742391055919793e+00 2.908643398102568091e-03
1.519260892571135058e+00 2.908675125570800175e-03
1.520780913347369978e+00 2.906836368650211368e-03
1.522302454904641111e+00 2.906235609235704054e-03
1.523825518764496234e+00 2.906975947911989364e-03
1.525350106449998355e+00 2.907669336779205964e-03
1.526876219485730601e+00 2.907211169929223293e-03
1.528403859397809539e+00 2.906607490641493867e-03
1.529933027713875626e+00 2.907541786224396817e-03
1.531463725963096323e+00 2.906957797166377123e-03
1.532995955676171640e+00 2.908049916630115351e-03
1.534529718385328367e+00 2.907987193968622746e-03
1.536065015624331398e+00 2.906468161654939594e-03
1.537601848928477732e+00 2.906268408436451373e-03
1.539140219834601586e+00 2.906758497455490600e-03
1.540680129881076166e+00 2.906320239876089041e-03
1.542221580607809006e+00 2.901804365571990663e-03
1.543764573556249298e+00 2.899118841136490328e-03
1.545309110269391661e+00 2.900811981209652692e-03
1.546855192291775483e+00 2.903303558230150780e-03
1.548402821169480026e+00 2.900581392667130748e-03
1.549951998450135093e+00 2.897963324321192226e-03
1.551502725682915251e+00 2.904954784037668946e-03
1.553055004418552043e+00 2.909711835760610613e-03
1.554608836209321776e+00 2.910396495039995098e-03
1.556164222609055736e+00 2.911420482475879194e-03
1.557721165173142852e+00 2.907888125799430734e-03
1.559279665458526809e+00 2.910913888693033441e-03
1.560839725023707159e+00 2.914071587129333715e-03
1.562401345428738431e+00 2.912577516636511744e-03
1.563964528235243456e+00 2.911844568118447489e-03
1.565529275006407373e+00 2.909643493771216574e-03
1.567095587306978954e+00 2.912603852115782169e-03
1.568663466703268616e+00 2.913992148340007610e-03
1.570232914763154186e+00 2.916322549242319866e-03
1.571803933056086233e+00 2.917732996575064797e-03
1.573376523153083406e+00 2.916492714908553927e-03
1.574950686626736207e+00 2.913381472155578567e-03
1.576526425051205660e+00 2.912813856695505976e-03
1.578103740002232414e+00 2.913179997502671290e-03
1.579682633057129193e+00 2.911135884704887933e-03
1.581263105794789903e+00 2.910239298305107407e-03
1.582845159795690959e+00 2.906299025274694005e-03
1.584428796641883297e+00 2.903667769978084297e-03
1.586014017917000585e+00 2.903288840425227203e-03
1.587600825206265887e+00 2.901929466319496179e-03
1.589189220096486999e+00 2.902081636376191258e-03
1.590779204176061778e+00 2.903143076880681031e-03
1.592370779034972816e+00 2.903179649762243665e-03
1.593963946264796538e+00 2.903925566521374426e-03
1.595558707458699654e+00 2.905641999417449446e-03
1.597155064211443820e+00 2.908365855714517469e-03
1.598753018119386970e+00 2.911452137328299477e-03
1.600352570780481987e+00 2.915450809371197220e-03
1.601953723794279805e+00 2.917771080671932235e-03
1.603556478761936521e+00 2.920299951988080712e-03
1.605160837286207842e+00 2.919053800422735483e-03
1.606766800971446418e+00 2.921466291429969733e-03
1.608374371423619609e+00 2.922924009695305678e-03
1.609983550250299711e+00 2.923945768139462904e-03
1.611594339060662628e+00 2.925395791665558534e-03
1.613206739465496975e+00 2.925446612173679319e-03
1.614820753077206072e+00 2.928107942695823418e-03
1.616436381509801290e+00 2.928168960855167657e-03
1.618053626378912035e+00 2.930677407404929258e-03
1.619672489301787088e+00 2.933593922370636431e-03
1.621292971897287050e+00 2.935698021087495072e-03
1.622915075785891670e+00 2.936615090130344219e-03
1.624538802589707176e+00 2.936435112343919150e-03
1.626164153932458944e+00 2.941104553395639584e-03
1.627791131439499495e+00 2.944116771778132816e-03
1.629419736737808710e+00 2.940354160725410036e-03
1.631049971455992953e+00 2.944785654862658135e-03
1.632681837224285060e+00 2.946111589340405425e-03
1.634315335674550784e+00 2.942060439821766495e-03
1.635950468440285910e+00 2.943790721862697170e-03
1.637587237156621134e+00 2.941238489294402403e-03
1.639225643460328952e+00 2.939928498525292734e-03
1.640865688989819882e+00 2.942223218912105778e-03
1.642507375385137580e+00 2.941382361689823255e-03
1.644150704287967502e+00 2.941013571725128312e-03
1.645795677341638452e+00 2.945532578205053986e-03
1.647442296191123257e+00 2.947537356779684429e-03
1.649090562483041200e+00 2.951168302048521284e-03
1.650740477865659139e+00 2.948599097039436047e-03
1.652392043988892389e+00 2.939640755449553049e-03
1.654045262504306946e+00 2.943595301702346505e-03
1.655700135065121037e+00 2.949678383712300497e-03
1.657356663326206681e+00 2.945062727459524937e-03
1.659014848944093901e+00 2.941200626585512359e-03
1.660674693576969618e+00 2.937372472243235996e-03
1.662336198884679206e+00 2.939058548804876145e-03
1.663999366528727597e+00 2.941658567902841713e-03
1.665664198172280175e+00 2.958405912610061195e-03
1.667330695480168323e+00 2.961605543041977671e-03
1.668998860118890315e+00 2.958381723631822377e-03
1.670668693756610423e+00 2.948782433185302351e-03
1.672340198063163363e+00 2.948031074256601998e-03
1.674013374710054736e+00 2.947452063627948107e-03
1.675688225370461693e+00 2.944576434195552740e-03
1.677364751719235381e+00 2.946342688136648590e-03
1.679042955432901163e+00 2.944359224031696965e-03
1.680722838189662172e+00 2.947239511588163260e-03
1.682404401669400640e+00 2.944447388768944764e-03
1.684087647553678346e+00 2.947954966709776924e-03
1.685772577525743277e+00 2.947652634600558992e-03
1.687459193270526736e+00 2.948456707148645536e-03
1.689147496474642685e+00 2.948790501497432735e-03
1.690837488826394841e+00 2.949921824797975024e-03
1.692529172015778904e+00 2.951342356626522178e-03
1.694222547734476558e+00 2.953981139608105079e-03
1.695917617675862132e+00 2.953522113558031993e-03
1.697614383535007043e+00 2.956826563892522158e-03
1.699312847008676020e+00 2.958973907885131382e-03
1.701013009795334652e+00 2.961658293602564395e-03
1.702714873595143619e+00 2.963486327411175847e-03
1.704418440109970900e+00 2.961392842740684719e-03
1.706123711043382896e+00 2.959568977162837719e-03
1.707830688100642424e+00 2.957405573334093499e-03
1.709539372988733374e+00 2.956896804789649509e-03
1.711249767416338718e+00 2.960526465600952541e-03
1.712961873093852061e+00 2.960475366586517824e-03
1.714675691733381635e+00 2.957910789984648237e-03
1.716391225048744973e+00 2.949944498172455028e-03
1.718108474755477122e+00 2.949522316841639291e-03
1.719827442570826870e+00 2.950076560455852995e-03
1.721548130213762073e+00 2.952559979624295311e-03
1.723270539404973212e+00 2.955370654894476454e-03
1.724994671866867391e+00 2.955634657311299526e-03
1.726720529323575670e+00 2.958155879859434515e-03
1.728448113500954619e+00 2.960724611020362860e-03
1.730177426126591422e+00 2.958147485991310076e-03
1.731908468929799882e+00 2.956469584804281153e-03
1.733641243641623975e+00 2.955385660601337998e-03
1.735375751994837401e+00 2.953679874167247990e-03
1.737111995723943592e+00 2.952161377816289126e-03
1.738849976565191469e+00 2.951828017455414808e-03
1.740589696256562569e+00 2.950340145966318973e-03
1.742331156537773262e+00 2.949035988687566303e-03
1.744074359150284748e+00 2.948051693029247848e-03
1.745819305837302604e+00 2.946778404833633354e-03
1.747565998343771909e+00 2.947660984497929744e-03
1.749314438416384787e+00 2.947450951463217138e-03
1.751064627803578855e+00 2.945201965178827642e-03
1.752816568255545659e+00 2.945778697944596673e-03
1.754570261524226682e+00 2.948920507255454061e-03
1.756325709363313337e+00 2.946467939737943201e-03
1.758082913528259406e+00 2.947924133410358485e-03
1.759841875776264164e+00 2.948680878939597717e-03
1.761602597866290143e+00 2.947776560367177182e-03
1.763365081559061576e+00 2.948882734278172012e-03
1.765129328617062621e+00 2.950589005376066769e-03
1.766895340804538028e+00 2.950318921249149833e-03
1.768663119887500246e+00 2.950411288492449120e-03
1.770432667633730528e+00 2.952593131555050592e-03
1.772203985812774718e+00 2.954748411823138621e-03
1.773977076195953018e+00 2.957066090243326215e-03
1.775751940556356212e+00 2.953213652247131844e-03
1.777528580668849223e+00 2.949615138995380359e-03
1.779306998310069110e+00 2.946599081296847993e-03
1.781087195258436395e+00 2.946613722049164219e-03
1.782869173294147958e+00 2.948444825224293998e-03
1.784652934199179475e+00 2.952260368512867311e-03
1.786438479757295417e+00 2.951754877759193898e-03
1.788225811754038830e+00 2.952512722058071339e-03
1.790014931976740220e+00 2.957648680253536881e-03
1.791805842214524880e+00 2.957494767441997286e-03
1.793598544258301342e+00 2.954373877228721676e-03
1.795393039900771148e+00 2.950718683801939728e-03
1.797189330936433072e+00 2.948109222705272165e-03
1.798987419161574230e+00 2.945786165970135789e-03
1.800787306374282082e+00 2.945122508918454791e-03
1.802588994374447084e+00 2.945038471429340960e-03
1.804392484963757148e+00 2.945664078221589977e-03
1.806197779945701409e+00 2.944484999853279848e-03
1.808004881125578445e+00 2.942323989946568023e-03
1.809813790310486503e+00 2.940661080903386217e-03
1.811624509309332831e+00 2.942007892331059693e-03
1.813437039932837891e+00 2.943331076919832902e-03
1.815251383993535805e+00 2.942280589351339674e-03
1.817067543305768362e+00 2.940259982652989115e-03
1.818885519685696339e+00 2.942477881569623491e-03
1.820705314951296394e+00 2.941876440322555714e-03
1.822526930922362842e+00 2.940260003815497059e-03
1.824350369420509876e+00 2.940056806234756827e-03
1.826175632269178672e+00 2.939955182080972000e-03
1.828002721293634281e+00 2.940472050858501836e-03
1.829831638320961185e+00 2.938837623413831975e-03
1.831662385180077957e+00 2.938898218212532363e-03
1.833494963701736369e+00 2.940677916141898069e-03
1.835329375718512734e+00 2.941942217097008247e-03
1.837165623064816344e+00 2.941687755689966453e-03
1.839003707576895463e+00 2.942277864732966743e-03
1.840843631092833554e+00 2.940309051555955143e-03
1.842685395452556607e+00 2.939254777822984926e-03
1.844529002497830250e+00 2.936249389911867701e-03
1.846374454072257976e+00 2.938330012577747286e-03
1.848221752021293796e+00 2.939136901164788804e-03
1.850070898192236912e+00 2.938852428576388398e-03
1.851921894434231275e+00 2.936596144016622063e-03
1.853774742598273795e+00 2.935608893785279436e-03
1.855629444537212569e+00 2.934784380003364022e-03
1.857486002105753542e+00 2.934715226072416930e-03
1.859344417160451179e+00 2.934239418267096250e-03
1.861204691559718905e+00 2.932417788423266440e-03
1.863066827163835537e+00 2.930609424695234961e-03
1.864930825834933525e+00 2.931724592562776760e-03
1.866796689437008716e+00 2.930759400379255152e-03
1.868664419835927903e+00 2.929074070612990542e-03
1.870534018899425055e+00 2.927881630717182708e-03
1.872405488497095316e+00 2.927501037505772247e-03
1.874278830500408777e+00 2.926835390153374912e-03
1.876154046782708917e+00 2.927115275850209961e-03
1.878031139219214163e+00 2.926574566687720549e-03
1.879910109687015440e+00 2.925854024506542930e-03
1.881790960065083063e+00 2.928160320007787594e-03
1.883673692234267838e+00 2.925514913316423077e-03
1.885558308077303735e+00 2.924383735581220084e-03
1.887444809478806107e+00 2.923385451959588377e-03
1.889333198325271468e+00 2.923364252819690874e-03
1.891223476505090817e+00 2.924040154127172109e-03
1.893115645908544309e+00 2.921686967388750431e-03
1.895009708427802808e+00 2.920688838207334548e-03
1.896905665956926557e+00 2.922284635110267582e-03
1.898803520391874500e+00 2.921746802703660290e-03
1.900703273630501844e+00 2.921360283039283433e-03
1.902604927572561166e+00 2.921693560944090603e-03
1.904508484119706857e+00 2.922481644411605017e-03
1.906413945175493785e+00 2.921919369692545926e-03
1.908321312645386625e+00 2.920750762596025993e-03
1.910230588436751864e+00 2.921685019450799732e-03
1.912141774458864463e+00 2.924521229462485709e-03
1.914054872622910297e+00 2.920313515653538868e-03
1.915969884841984605e+00 2.919938574207729502e-03
1.917886813031101978e+00 2.920251908025081784e-03
1.919805659107191032e+00 2.924137355868106081e-03
1.921726424989099069e+00 2.926152540400501698e-03
1.923649112597595190e+00 2.925664166913725592e-03
1.925573723855365182e+00 2.922303057438863788e-03
1.927500260687016409e+00 2.918605388437089249e-03
1.929428725019089796e+00 2.917764996324974554e-03
1.931359118780051842e+00 2.920968153080382053e-03
1.933291443900291728e+00 2.920805323107983353e-03
1.935225702312133089e+00 2.918391181120753158e-03
1.937161895949837120e+00 2.918705515490094791e-03
1.939100026749601025e+00 2.919741287717395918e-03
1.941040096649554014e+00 2.919372834713706948e-03
1.942982107589765972e+00 2.922729857078770147e-03
1.944926061512247673e+00 2.924173692498575373e-03
1.946871960360953446e+00 2.927708139760656827e-03
1.948819806081781847e+00 2.929928415463022538e-03
1.950769600622574540e+00 2.929706446638213196e-03
1.952721345933129404e+00 2.933010167671751267e-03
1.954675043965192760e+00 2.936560571281473034e-03
1.956630696672465364e+00 2.938719470034275184e-03
1.958588306010599522e+00 2.937939920424148012e-03
1.960547873937202201e+00 2.932482987522465421e-03
1.962509402411841242e+00 2.935199380822329715e-03
1.964472893396044695e+00 2.936090713715353885e-03
1.966438348853305484e+00 2.933887490365734169e-03
1.968405770749081407e+00 2.929541940369739458e-03
1.970375161050789359e+00 2.926818439671324823e-03
1.972346521727821544e+00 2.921973392128865421e-03
1.974319854751539927e+00 2.918138571057867035e-03
1.976295162095277336e+00 2.915081516614478549e-03
1.978272445734343465e+00 2.912880276987234434e-03
1.980251707646021986e+00 2.910779710664368122e-03
1.982232949809572320e+00 2.908905518046938071e-03
1.984216174206235195e+00 2.907799394270469979e-03
1.986201382819236860e+00 2.905786463688898522e-03
1.988188577633788201e+00 2.905322998527566300e-03
1.990177760637084958e+00 2.907229084928034113e-03
1.992168933818306620e+00 2.905170925645856293e-03
1.994162099168625746e+00 2.910309249953087554e-03
1.996157258681210633e+00 2.918185008546464107e-03
1.998154414351219765e+00 2.928181120644610808e-03
2.000153568175812691e+00 2.934559891515272408e-03
2.002154722154140476e+00 2.940103395541124060e-03
2.004157878287355921e+00 2.943924537021234879e-03
2.006163038578616220e+00 2.944023418102427285e-03
2.008170205033081412e+00 2.941097648171490594e-03
2.010179379657917487e+00 2.941580268356888857e-03
2.012190564462303932e+00 2.942842150224404298e-03
2.014203761457421749e+00 2.941381682956449931e-03
2.016218972656465880e+00 2.938065193861432237e-03
2.018236200074653208e+00 2.935704872429617616e-03
2.020255445729208343e+00 2.931851924209632077e-03
2.022276711639375613e+00 2.929045150494135295e-03
2.024299999826424390e+00 2.925367840321145899e-03
2.026325312313641991e+00 2.923002279231002969e-03
2.028352651126337669e+00 2.920052360195476114e-03
2.030382018291853274e+00 2.918018783935240161e-03
2.032413415839559701e+00 2.915323951775890786e-03
2.034446845800850667e+00 2.913718612117134794e-03
2.036482310209152935e+00 2.911285392210169291e-03
2.038519811099934298e+00 2.909332708876613376e-03
2.040559350510698700e+00 2.908505535758092869e-03
2.042600930480983124e+00 2.908623536013838287e-03
2.044644553052371361e+00 2.910832477873484189e-03
2.046690220268486460e+00 2.913913474146815306e-03
2.048737934174990283e+00 2.918634978747826954e-03
2.050787696819598604e+00 2.924083995456877583e-03
2.052839510252076671e+00 2.929197563139844356e-03
2.054893376524232984e+00 2.931906029424271361e-03
2.056949297689938838e+00 2.932166033621772840e-03
2.059007275805113224e+00 2.927773372679474788e-03
2.061067312927732598e+00 2.923421162889123896e-03
2.063129411117835765e+00 2.929295082908433320e-03
2.065193572437520775e+00 2.930964821426237238e-03
2.067259798950950689e+00 2.929020754910134465e-03
2.069328092724351809e+00 2.926307711800832639e-03
2.071398455826018559e+00 2.923492945190897530e-03
2.073470890326312155e+00 2.922820742517572186e-03
2.075545398297670818e+00 2.920505350932099675e-03
2.077621981814598229e+00 2.919489124444477231e-03
2.079700642953679068e+00 2.917014730321314600e-03
2.081781383793575468e+00 2.917351553812830983e-03
2.083864206415028342e+00 2.918351501129823854e-03
2.085949112900863156e+00 2.918099339716861799e-03
2.088036105335985937e+00 2.917592128572257977e-03
2.090125185807389485e+00 2.917697450837165689e-03
2.092216356404151156e+00 2.917500561734517363e-03
2.094309619217441298e+00 2.916913111059483369e-03
2.096404976340524140e+00 2.916866594045539052e-03
2.098502429868758679e+00 2.916713153421725876e-03
2.100601981899600457e+00 2.916549105997735380e-03
2.102703634532599342e+00 2.916599355848780752e-03
2.104807389869406631e+00 2.916959669653041570e-03
2.106913250013779493e+00 2.917551243984430748e-03
2.109021217071576970e+00 2.917436709163229690e-03
2.111131293150767529e+00 2.918688548910345140e-03
2.113243480361425952e+00 2.919450996739676556e-03
2.115357780815740441e+00 2.918703510658622949e-03
2.117474196628013505e+00 2.920071183884143801e-03
2.119592729914662410e+00 2.920936519214771716e-03
2.121713382794218727e+00 2.920273683577735355e-03
2.123836157387335444e+00 2.922386443306809571e-03
2.125961055816782963e+00 2.922614328915102214e-03
2.128088080207463761e+00 2.925756138486506827e-03
2.130217232686400397e+00 2.925066701961830714e-03
2.132348515382747944e+00 2.925949686903267077e-03
2.134481930427789997e+00 2.925695523275572470e-03
2.136617479954937782e+00 2.928132602147656780e-03
2.138755166099743921e+00 2.926541613654837400e-03
2.140894990999892666e+00 2.927191726359110874e-03
2.143036956795210557e+00 2.933221204553207451e-03
2.145181065627663308e+00 2.929604048453460143e-03
2.147327319641362031e+00 2.930843991226086270e-03
2.149475720982560567e+00 2.934327473399096862e-03
2.151626271799656820e+00 2.934624594198286321e-03
2.153778974243205191e+00 2.930830185998006647e-03
2.155933830465906809e+00 2.937300480192130744e-03
2.158090842622617522e+00 2.935859925072541871e-03
2.160250012870349678e+00 2.940174955302242085e-03
2.162411343368275229e+00 2.940601652716813910e-03
2.164574836277725733e+00 2.939572344421986262e-03
2.166740493762190578e+00 2.946268504873113953e-03
2.168908317987328083e+00 2.944576737761145108e-03
2.171078311120967275e+00 2.945417000585760694e-03
2.173250475333098564e+00 2.946217400873817754e-03
2.175424812795882623e+00 2.943290854881473653e-03
2.177601325683664601e+00 2.942946623880144698e-03
2.179780016172958135e+00 2.939203543217086805e-03
2.181960886442447567e+00 2.934894535845763552e-03
2.184143938673002605e+00 2.941103972110210071e-03
2.186329175047673878e+00 2.936203047020404140e-03
2.188516597751704484e+00 2.937415837015786187e-03
2.190706208972517111e+00 2.939030374474112771e-03
2.192898010899720695e+00 2.943866113476338413e-03
2.195092005725113538e+00 2.951319414555427303e-03
2.197288195642695285e+00 2.962200006550738153e-03
2.199486582848655836e+00 2.977304861912830232e-03
2.201687169541381994e+00 2.983315017732306347e-03
2.203889957921462806e+00 2.976478519769510701e-03
2.206094950191685111e+00 2.968491323760242759e-03
2.208302148557042432e+00 2.955155602718114241e-03
2.210511555224734526e+00 2.952013571243962149e-03
2.212723172404166938e+00 2.951441098894780346e-03
2.214937002306953673e+00 2.950072297625237587e-03
2.217153047146927847e+00 2.954588692715974605e-03
2.219371309140135029e+00 2.951984938504024006e-03
2.221591790504835906e+00 2.957422459482540473e-03
2.223814493461512498e+00 2.956277452661269789e-03
2.226039420232865051e+00 2.959168099248405369e-03
2.228266573043822252e+00 2.960513672257419557e-03
2.230495954121538116e+00 2.959607377072547181e-03
2.232727565695393768e+00 2.962699225104201400e-03
2.234961409997000992e+00 2.963427967740010771e-03
2.237197489260204897e+00 2.967935591428077190e-03
2.239435805721083028e+00 2.965548526572352704e-03
2.241676361617952473e+00 2.969402139513953234e-03
2.243919159191369861e+00 2.969885959040214664e-03
2.246164200684134915e+00 2.978367273125223820e-03
2.248411488341286901e+00 2.974892988156139628e-03
2.250661024410114397e+00 2.976369551070839978e-03
2.252912811140153959e+00 2.977003166736258248e-03
2.255166850783189680e+00 2.977817302044691132e-03
2.257423145593265623e+00 2.975986143290345644e-03
2.259681697826675162e+00 2.973550652981478935e-03
2.261942509741970753e+00 2.976864218743504285e-03
2.264205583599968374e+00 2.977016813059620362e-03
2.266470921663737315e+00 2.972647967698796231e-03
2.268738526198614380e+00 2.976496845146308756e-03
2.271008399472205674e+00 2.972488224421757780e-03
2.273280543754384819e+00 2.974112874097246950e-03
2.275554961317296954e+00 2.974958764639465229e-03
2.277831654435360065e+00 2.975073735617908555e-03
2.280110625385271206e+00 2.971473897857896188e-03
2.282391876445996282e+00 2.975979771858746747e-03
2.284675409898784704e+00 2.979372523191654160e-03
2.286961228027174720e+00 2.978168076247379725e-03
2.289249333116983198e+00 2.984101138362332296e-03
2.291539727456316289e+00 2.987900238437255114e-03
2.293832413335568976e+00 2.986854753528682752e-03
2.296127393047421972e+00 2.987426932162473136e-03
2.298424668886857702e+00 2.983380706964109536e-03
2.300724243151156312e+00 2.980707686249120872e-03
2.303026118139892109e+00 2.980892278372274627e-03
2.305330296154935787e+00 2.975009156357317532e-03
2.307636779500468638e+00 2.967408807105150880e-03
2.309945570482975441e+00 2.960137438841176777e-03
2.312256671411244913e+00 2.954128886910612536e-03
2.314570084596378141e+00 2.960053137136566676e-03
2.316885812351787255e+00 2.992084896268974725e-03
2.319203856993203861e+00 2.997574230587467768e-03
2.321524220838667496e+00 2.988125243069766901e-03
2.323846906208542507e+00 2.980465085543292352e-03
2.326171915425521153e+00 2.982236215504500618e-03
2.328499250814608956e+00 2.982420430300990102e-03
2.330828914703140686e+00 2.980547623394733028e-03
2.333160909420783025e+00 2.981532149397303835e-03
2.335495237299529681e+00 2.984251444242786485e-03
2.337831900673706720e+00 2.982911251137416835e-03
2.340170901879977006e+00 2.983620010221662254e-03
2.342512243257343751e+00 2.981377673140138580e-03
2.344855927147150965e+00 2.986260971049721231e-03
2.347201955893081671e+00 2.984382559705976712e-03
2.349550331841163242e+00 2.983452386737811633e-03
2.351901057339769618e+00 2.982114819893173438e-03
2.354254134739628412e+00 2.979485300074709471e-03
2.356609566393821797e+00 2.979143118093278714e-03
2.358967354657777626e+00 2.980097731663130384e-03
2.361327501889283642e+00 2.972883750855219095e-03
2.363690010448485701e+00 2.971661759569196176e-03
2.366054882697895767e+00 2.972208622068421568e-03
2.368422121002386582e+00 2.977170035789092079e-03
2.370791727729192999e+00 2.994306412572129202e-03
2.373163705247925304e+00 2.988456875400461333e-03
2.375538055930560777e+00 2.982304895644812513e-03
2.377914782151449469e+00 2.979669149733156757e-03
2.380293886287319527e+00 2.982613681650622510e-03
2.382675370717276309e+00 2.978257828312803543e-03
2.385059237822801048e+00 2.976121307441942105e-03
2.387445489987759739e+00 2.973670221584900041e-03
2.389834129598410239e+00 2.969870908955725679e-03
2.392225159043389393e+00 2.967523988986663086e-03
2.394618580713724132e+00 2.968943555954119476e-03
2.397014397002838582e+00 2.966265627084445182e-03
2.399412610306550508e+00 2.965627264807695063e-03
2.401813223023073984e+00 2.963346440738780056e-03
2.404216237553020274e+00 2.962605590960925260e-03
2.406621656299405387e+00 2.961202972630395513e-03
2.409029481667643413e+00 2.960942582465268119e-03
2.411439716065562955e+00 2.957548202601430372e-03
2.413852361903402688e+00 2.957285058525176927e-03
2.416267421593802922e+00 2.959611667686657711e-03
2.418684897551825586e+00 2.963982039734633107e-03
2.421104792194948896e+00 2.964146475586704535e-03
2.423527107943065584e+00 2.974669093320110418e-03
2.425951847218492219e+00 2.969026138323376668e-03
2.428379012445967433e+00 2.965407872762903380e-03
2.430808606052657250e+00 2.958891660801834210e-03
2.433240630468156418e+00 2.960061624783711688e-03
2.435675088124486631e+00 2.963967446982769885e-03
2.438111981456106747e+00 2.960890948960445256e-03
2.440551312899912340e+00 2.956675862389890590e-03
2.442993084895234812e+00 2.953735073279007296e-03
2.445437299883853832e+00 2.952553170086785056e-03
2.447883960309978679e+00 2.955689123634449959e-03
2.450333068620265564e+00 2.949711124691346050e-03
2.452784627263817629e+00 2.950113135260923423e-03
2.455238638692204489e+00 2.951864125244587061e-03
2.457695105359435583e+00 2.951504977930925235e-03
2.460154029721969948e+00 2.946250267676545510e-03
2.462615414238743750e+00 2.946495021765777912e-03
2.465079261371134756e+00 2.944389509891002198e-03
2.467545573582992535e+00 2.944226010778517710e-03
2.470014353340631796e+00 2.946323982229299455e-03
2.472485603112830166e+00 2.942252004608126616e-03
2.474959325370837071e+00 2.940115534523029227e-03
2.477435522588375516e+00 2.941490077109479989e-03
2.479914197241639418e+00 2.941536051809574229e-03
2.482395351809302930e+00 2.938009764678763992e-03
2.484878988772528885e+00 2.941140961126754647e-03
2.487365110614955910e+00 2.941782349491803977e-03
2.489853719822701983e+00 2.940272547863247675e-03
2.492344818884375535e+00 2.938513358059314205e-03
2.494838410291070119e+00 2.936678070450568414e-03
2.497334496536383064e+00 2.936292500476937739e-03
2.499833080116400819e+00 2.939922127183572029e-03
2.502334163529706945e+00 2.937273834650958385e-03
2.504837749277384784e+00 2.935809559600349727e-03
2.507343839863014345e+00 2.935759590203194068e-03
2.509852437792693625e+00 2.938943289760654991e-03
2.512363545575026169e+00 2.938662300029367541e-03
2.514877165721113972e+00 2.935842960084814740e-03
2.517393300744581008e+00 2.937260036393116516e-03
2.519911953161556806e+00 2.938554069084021829e-03
2.522433125490685768e+00 2.936609187886659103e-03
2.524956820253147161e+00 2.936879086814336848e-03
2.527483039972646228e+00 2.938772282224866826e-03
2.530011787175398652e+00 2.934636315964823331e-03
2.532543064390146537e+00 2.934803385315967218e-03
2.535076874148167292e+00 2.936079446797892380e-03
2.537613218983271413e+00 2.935981556090634312e-03
2.540152101431809584e+00 2.934227940341138912e-03
2.542693524032659802e+00 2.934632677103096200e-03
2.545237489327245139e+00 2.936628405794608574e-03
2.547783999859532411e+00 2.941317956872900076e-03
2.550333058176029954e+00 2.943820058895895743e-03
2.552884666825803173e+00 2.943615429026547915e-03
2.555438828360458547e+00 2.943916573721373775e-03
2.557995545334152077e+00 2.948848325559892854e-03
2.560554820303596824e+00 2.946819433605637768e-03
2.563116655828076684e+00 2.944344882776063835e-03
2.565681054469429956e+00 2.947737479256434638e-03
2.568248018792045784e+00 2.946266499950882679e-03
2.570817551362897468e+00 2.950720754308747400e-03
2.573389654751518485e+00 2.949252087803951039e-03
2.575964331530008256e+00 2.946256031100896126e-03
2.578541584273044585e+00 2.941528261902135507e-03
2.581121415557876553e+00 2.939650789318551307e-03
2.583703827964337840e+00 2.942715113623558740e-03
2.586288824074843617e+00 2.952266945970199574e-03
2.588876406474390546e+00 2.955276990687669223e-03
2.591466577750558553e+00 2.951589586478287931e-03
2.594059340493518384e+00 2.948312293511818824e-03
2.596654697296031600e+00 2.943314858519647560e-03
2.599252650753462568e+00 2.942792135795086611e-03
2.601853203463758923e+00 2.943902619906077836e-03
2.604456358027470220e+00 2.941408460857876991e-03
2.607062117047760808e+00 2.940069156861594910e-03
2.609670483130389851e+00 2.940877609434212024e-03
2.612281458883716656e+00 2.941303311605883604e-03
2.614895046918714883e+00 2.939508611672522059e-03
2.617511249848980981e+00 2.935175701534306278e-03
2.620130070290716873e+00 2.933196316049503736e-03
2.622751510862746382e+00 2.934645891538650679e-03
2.625375574186502803e+00 2.932982744257607577e-03
2.628002262886047546e+00 2.932430745153978210e-03
2.630631579588075031e+00 2.932912590728536592e-03
2.633263526921897135e+00 2.931670107231935940e-03
2.635898107519465849e+00 2.927027363796314702e-03
2.638535324015363503e+00 2.927585124866221439e-03
2.641175179046807653e+00 2.928311273537732677e-03
2.643817675253651078e+00 2.925449468163554036e-03
2.646462815278393332e+00 2.923860839929176472e-03
2.649110601766170969e+00 2.920747226740744249e-03
2.651761037364768647e+00 2.924527791354711477e-03
2.654414124724629342e+00 2.929947318969655830e-03
2.657069866498836586e+00 2.931952285970627209e-03
2.659728265343126452e+00 2.935606003479936284e-03
2.662389323915903550e+00 2.943980659202057211e-03
2.665053044878226807e+00 2.949964167829333996e-03
2.667719430893810806e+00 2.953098333065241540e-03
2.670388484629045323e+00 2.957943697216489608e-03
2.673060208752994438e+00 2.960432255744103666e-03
2.675734605937373445e+00 2.963166965484126392e-03
2.678411678856579048e+00 2.964762963342935063e-03
2.681091430187691138e+00 2.965281270252213136e-03
2.683773862610453698e+00 2.967800704253305451e-03
2.686458978807302778e+00 2.968426085411788456e-03
2.689146781463357616e+00 2.966776137080963729e-03
2.691837273266414865e+00 2.964918873696049950e-03
2.694530456906965021e+00 2.964479244566086899e-03
2.697226335078197312e+00 2.964573158364051334e-03
2.699924910475991258e+00 2.965134783199258398e-03
2.702626185798916225e+00 2.965314102988333284e-03
2.705330163748253192e+00 2.964118880820373197e-03
2.708036847027985861e+00 2.962605401439128566e-03
2.710746238344789560e+00 2.960095278163648192e-03
2.713458340408054781e+00 2.956211141809645879e-03
2.716173155929883176e+00 2.953379219191136929e-03
2.718890687625096891e+00 2.950660874382729330e-03
2.721610938211223907e+00 2.946014964657698177e-03
2.724333910408513137e+00 2.940429681611317347e-03
2.727059606939940650e+00 2.939324164433335107e-03
2.729788030531202114e+00 2.935825275205629532e-03
2.732519183910722571e+00 2.932937244179673053e-03
2.735253069809658211e+00 2.934340846191230492e-03
2.737989690961888822e+00 2.934112892989654449e-03
2.740729050104034226e+00 2.936288468073682684e-03
2.743471149975461376e+00 2.939759506062519269e-03
2.746215993318269266e+00 2.942578715747893193e-03
2.748963582877296030e+00 2.945779691097074465e-03
2.751713921400137153e+00 2.948587064639999859e-03
2.754467011637128149e+00 2.950569459321044849e-03
2.757222856341353445e+00 2.952083360635577702e-03
2.759981458268668142e+00 2.953568808118141147e-03
2.762742820177677583e+00 2.955743420186989195e-03
2.765506944829736025e+00 2.955209347002849506e-03
2.768273834988963955e+00 2.954574566821234656e-03
2.771043493422256532e+00 2.955526356315412058e-03
2.773815922899276032e+00 2.957068070047655373e-03
2.776591126192445191e+00 2.957144732760487362e-03
2.779369106076971185e+00 2.956841242111118463e-03
2.782149865330835858e+00 2.955616702065792106e-03
2.784933406734796613e+00 2.953586074377408978e-03
2.787719733072396178e+00 2.953486883886064125e-03
2.790508847129963499e+00 2.952477230914493482e-03
2.793300751696610629e+00 2.952230727267839833e-03
2.796095449564240720e+00 2.951713490569086128e-03
2.798892943527549360e+00 2.949607395379970874e-03
2.801693236384038332e+00 2.947570585273841595e-03
2.804496330933999637e+00 2.948723927523369190e-03
2.807302229980519481e+00 2.947724735085608359e-03
2.810110936329506703e+00 2.945284342586873202e-03
2.812922452789668348e+00 2.943194502633103646e-03
2.815736782172511887e+00 2.942743628741833171e-03
2.818553927292374528e+00 2.942246721162858521e-03
2.821373890966397902e+00 2.940756237898909005e-03
2.824196676014550711e+00 2.938888338886438620e-03
2.827022285259616297e+00 2.935917792532679368e-03
2.829850721527202406e+00 2.935704946843176264e-03
2.832681987645746524e+00 2.935211506839981513e-03
2.835516086446511874e+00 2.933164161965433076e-03
2.838353020763594525e+00 2.930811986385751904e-03
2.841192793433933605e+00 2.928588963397557240e-03
2.844035407297307749e+00 2.927094414365090293e-03
2.846880865196327104e+00 2.925736158932137811e-03
2.849729169976447540e+00 2.923901347324809989e-03
2.852580324485975538e+00 2.922293173295615991e-03
2.855434331576065077e+00 2.920868476902177546e-03
2.858291194100722521e+00 2.917104414793660581e-03
2.861150914916811061e+00 2.915935921371613261e-03
2.864013496884051602e+00 2.913994493122284372e-03
2.866878942865026314e+00 2.912447721440493582e-03
2.869747255725183521e+00 2.910734679947310152e-03
2.872618438332836366e+00 2.909707977138537710e-03
2.875492493559169027e+00 2.908217409832302910e-03
2.878369424278236277e+00 2.907599783972114518e-03
2.881249233366968809e+00 2.908345259442047387e-03
2.884131923705171907e+00 2.904630499339764041e-03
2.887017498175541874e+00 2.903349414660361116e-03
2.889905959663658042e+00 2.903339514430360729e-03
2.892797311057972998e+00 2.902472081616966348e-03
2.895691555249836124e+00 2.904447345533455686e-03
2.898588695133490045e+00 2.902744464773281130e-03
2.901488733606079062e+00 2.901716061048803964e-03
2.904391673567642052e+00 2.901203113741725875e-03
2.907297517921122676e+00 2.899921673418483919e-03
2.910206269572368054e+00 2.900611280386358650e-03
2.913117931430124763e+00 2.903213569804719008e-03
2.916032506406053049e+00 2.901672403382393999e-03
2.918949997414726827e+00 2.899685356024514493e-03
2.921870407373641676e+00 2.899389538730610082e-03
2.924793739203208620e+00 2.898626391616892194e-03
2.927719995826757238e+00 2.901890551650732324e-03
2.930649180170546320e+00 2.902370499272988874e-03
2.933581295163762093e+00 2.901576316281647035e-03
2.936516343738513779e+00 2.901392458582269848e-03
2.939454328829848251e+00 2.901809816105042038e-03
2.942395253375765130e+00 2.901142663371628246e-03
2.945339120317177706e+00 2.904762039274603070e-03
2.948285932597951575e+00 2.902977222307757434e-03
2.951235693164907747e+00 2.903823754842580190e-03
2.954188404967802217e+00 2.904983849244962418e-03
2.957144070959347282e+00 2.905798862240455485e-03
2.960102694095215980e+00 2.906180818839722985e-03
2.963064277334023888e+00 2.907984512141415390e-03
2.966028823637354872e+00 2.907678495200659470e-03
