8.099554455959743215e-01 2.889994812917580803e-03
8.107658061542900585e-01 2.889991327234301896e-03
8.115769774784792334e-01 2.889984280307580922e-03
8.123889603797121994e-01 2.889973047318005091e-03
8.132017556699727701e-01 2.889955819345666008e-03
8.140153641620563318e-01 2.889933176938558335e-03
8.148297866695717317e-01 2.889904855568016170e-03
8.156450240069411661e-01 2.889870629631025381e-03
8.164610769894029563e-01 2.889830324212431124e-03
8.172779464330105492e-01 2.889783375067655688e-03
8.180956331546322957e-01 2.889729982494911118e-03
8.189141379719558911e-01 2.889670734779447789e-03
8.197334617034857107e-01 2.889606395819964771e-03
8.205536051685444754e-01 2.889537381966024963e-03
8.213745691872769150e-01 2.889464086277250977e-03
8.221963545806487694e-01 2.889387144874308502e-03
8.230189621704429026e-01 2.889307081194482374e-03
8.238423927792670742e-01 2.889224916652774217e-03
8.246666472305524964e-01 2.889141427720686578e-03
8.254917263485536116e-01 2.889057339059458458e-03
8.263176309583500911e-01 2.888973379832153118e-03
8.271443618858455027e-01 2.888890323775058274e-03
8.279719199577725286e-01 2.888809360266253023e-03
8.288003060016881918e-01 2.888730753611971382e-03
8.296295208459781856e-01 2.888654921652950621e-03
8.304595653198585392e-01 2.888582644358333833e-03
8.312904402533747295e-01 2.888540106686261592e-03
8.321221464773999044e-01 2.889978206471812815e-03
8.329546848236402123e-01 2.896099638036467479e-03
8.337880561246344691e-01 2.899091559272209614e-03
8.346222612137542685e-01 2.900036226364726376e-03
8.354573009252049820e-01 2.900463881347908543e-03
8.362931760940265358e-01 2.900839433967843106e-03
8.371298875560944097e-01 2.901132167036494722e-03
8.379674361481189715e-01 2.901481876476116103e-03
8.388058227076495843e-01 2.901590044102553972e-03
8.396450480730722754e-01 2.901606974959012979e-03
8.404851130836130668e-01 2.901598822039566650e-03
8.413260185793379753e-01 2.902330720371328401e-03
8.421677654011512359e-01 2.902752982476169193e-03
8.430103543908002983e-01 2.902877996710361702e-03
8.438537863908742720e-01 2.902850947053858301e-03
8.446980622448042597e-01 2.902275787339363578e-03
8.455431827968671321e-01 2.901743347041046105e-03
8.463891488921824191e-01 2.901703552470696196e-03
8.472359613767166397e-01 2.902150503021989989e-03
8.480836210972833022e-01 2.902669647223128473e-03
8.489321289015407945e-01 2.903031082773304197e-03
8.497814856379983794e-01 2.903068046765473406e-03
8.506316921560135302e-01 2.903205906873243015e-03
8.514827493057913754e-01 2.903138210234678177e-03
8.523346579383890287e-01 2.903149136681343161e-03
8.531874189057161439e-01 2.903154487228718980e-03
8.540410330605319178e-01 2.903003663781587342e-03
8.548955012564523059e-01 2.902874780817130303e-03
8.557508243479458043e-01 2.902924972377341276e-03
8.566070031903338933e-01 2.902735544252585745e-03
8.574640386397960334e-01 2.902503237913769268e-03
8.583219315533672233e-01 2.902205009046942598e-03
8.591806827889413301e-01 2.902074672389896078e-03
8.600402932052715332e-01 2.902270423907085846e-03
8.609007636619676607e-01 2.902756331440653828e-03
8.617620950194990748e-01 2.902567424782370731e-03
8.626242881391973372e-01 2.902278064552415819e-03
8.634873438832556536e-01 2.901868557310898107e-03
8.643512631147296510e-01 2.901714722975270479e-03
8.652160466975378217e-01 2.901948736391472654e-03
8.660816954964636327e-01 2.902145064534439062e-03
8.669482103771571913e-01 2.902904769774522758e-03
8.678155922061336902e-01 2.903754938229502480e-03
8.686838418507756288e-01 2.904443126770229772e-03
8.695529601793322572e-01 2.905111309416104001e-03
8.704229480609205760e-01 2.905703530389519996e-03
8.712938063655277787e-01 2.906055471670956035e-03
8.721655359640141381e-01 2.906346509106226550e-03
8.730381377281095645e-01 2.906498322485860045e-03
8.739116125304161597e-01 2.906230093530153772e-03
8.747859612444087718e-01 2.905878944157434286e-03
8.756611847444361052e-01 2.904962242276385234e-03
8.765372839057208321e-01 2.904266318880434176e-03
8.774142596043608133e-01 2.904357926863764330e-03
8.782921127173328735e-01 2.905285838310901238e-03
8.791708441224919124e-01 2.906551158998887247e-03
8.800504546985693510e-01 2.907321310521215549e-03
8.809309453251749078e-01 2.907759877963292557e-03
8.818123168827982639e-01 2.907778680144304344e-03
8.826945702528108395e-01 2.907646968957339553e-03
8.835777063174676815e-01 2.907859766739727316e-03
8.844617259599056869e-01 2.908941671187739459e-03
8.853466300641437137e-01 2.911246775633910110e-03
8.862324195150838024e-01 2.914921037649169377e-03
8.871190951985163942e-01 2.919441689609581295e-03
8.880066580011191091e-01 2.923022640180744300e-03
8.888951088104538600e-01 2.926666405823743176e-03
8.897844485149719596e-01 2.931525577989927550e-03
8.906746780040118994e-01 2.936263024175297335e-03
8.915657981678065669e-01 2.937911884920865833e-03
8.924578098974739193e-01 2.937142694768888479e-03
8.933507140850214245e-01 2.935255071987947183e-03
8.942445116233572744e-01 2.931088845131670038e-03
8.951392034062801706e-01 2.928089519645175019e-03
8.960347903284814342e-01 2.924814363501874841e-03
8.969312732855473369e-01 2.922896007139285171e-03
8.978286531739603227e-01 2.926855907357770424e-03
8.987269308911014498e-01 2.940063610595638425e-03
8.996261073352495030e-01 2.942116186411797285e-03
9.005261834055795500e-01 2.937936689482676614e-03
9.014271600021682707e-01 2.932636893068284872e-03
9.023290380259918475e-01 2.927628005085111847e-03
9.032318183789278532e-01 2.925666783783037114e-03
9.041355019637584700e-01 2.926119482106991510e-03
9.050400896841658271e-01 2.925330074543310184e-03
9.059455824447376626e-01 2.924723650885758218e-03
9.068519811509679895e-01 2.924570170854464725e-03
9.077592867092548756e-01 2.924901214253671812e-03
9.086675000269045510e-01 2.924683348170626848e-03
9.095766220121302981e-01 2.923310404114205785e-03
9.104866535740545608e-01 2.922232879058215410e-03
9.113975956227070574e-01 2.921153060208592570e-03
9.123094490690316638e-01 2.919365461728861029e-03
9.132222148248820837e-01 2.916936082194509193e-03
9.141358938030226255e-01 2.915263993180936333e-03
9.150504869171317557e-01 2.913516163511100168e-03
9.159659950818033192e-01 2.911154457788965588e-03
9.168824192125480943e-01 2.908792620442812032e-03
9.177997602257875753e-01 2.906308170999293526e-03
9.187180190388626322e-01 2.904090310986831569e-03
9.196371965700328444e-01 2.901998266573098482e-03
9.205572937384781662e-01 2.899884319330618514e-03
9.214783114642939310e-01 2.897735224573713166e-03
9.224002506684964020e-01 2.895195419157120184e-03
9.233231122730257701e-01 2.893913331004600159e-03
9.242468972007444883e-01 2.893314505934945977e-03
9.251716063754391595e-01 2.892658758424634501e-03
9.260972407218166502e-01 2.891898642676440229e-03
9.270238011655114185e-01 2.891357868466063602e-03
9.279512886330849586e-01 2.890958481291611929e-03
9.288797040520245796e-01 2.890367975272307814e-03
9.298090483507445159e-01 2.889911441303808816e-03
9.307393224585915892e-01 2.889571775306535618e-03
9.316705273058381032e-01 2.889357903919880736e-03
9.326026638236895039e-01 2.889176984121637291e-03
9.335357329442838248e-01 2.888980360089312728e-03
9.344697356006889111e-01 2.888936869533231377e-03
9.354046727269068606e-01 2.888839984963854218e-03
9.363405452578753563e-01 2.888816608940926976e-03
9.372773541294663335e-01 2.888975347439685318e-03
9.382151002784899774e-01 2.889286867760351880e-03
9.391537846426917246e-01 2.889641605253293749e-03
9.400934081607547066e-01 2.889831453967564752e-03
9.410339717723049668e-01 2.889903587789679866e-03
9.419754764179059103e-01 2.889998598893274775e-03
9.429179230390614119e-01 2.890316603738949438e-03
9.438613125782181479e-01 2.890542304451784814e-03
9.448056459787667061e-01 2.890954725587246803e-03
9.457509241850403647e-01 2.891362157632978037e-03
9.466971481423157586e-01 2.891796183905585502e-03
9.476443187968174309e-01 2.892648079929122616e-03
9.485924370957175000e-01 2.893195043913752724e-03
9.495415039871341056e-01 2.893038608547982091e-03
9.504915204201344059e-01 2.894013611714603418e-03
9.514424873447341335e-01 2.894190848381898631e-03
9.523944057118994833e-01 2.894658855872415948e-03
9.533472764735499982e-01 2.895307640859197482e-03
9.543011005825563497e-01 2.895824158226135720e-03
9.552558789927436678e-01 2.896264129450284650e-03
9.562116126588898757e-01 2.897134239078564232e-03
9.571683025367276887e-01 2.897992842770582764e-03
9.581259495829482775e-01 2.898108352017360941e-03
9.590845547552002692e-01 2.898636664915389682e-03
9.600441190120854174e-01 2.899577347780455880e-03
9.610046433131675947e-01 2.900272087069701021e-03
9.619661286189739036e-01 2.900612727636290092e-03
9.629285758909905679e-01 2.901354866868505883e-03
9.638919860916628224e-01 2.902161626580508288e-03
9.648563601844011295e-01 2.902403015247999492e-03
9.658216991335795143e-01 2.902860037462552754e-03
9.667880039045362306e-01 2.903513161777982431e-03
9.677552754635757593e-01 2.903684130335364155e-03
9.687235147779708067e-01 2.905176220416771406e-03
9.696927228159630818e-01 2.908092136615789136e-03
9.706629005467596327e-01 2.907299434869124125e-03
9.716340489405361769e-01 2.905860206609686518e-03
9.726061689684449840e-01 2.905404568764331091e-03
9.735792616026035518e-01 2.905638588811101757e-03
9.745533278161038204e-01 2.906490788350236075e-03
9.755283685830130613e-01 2.907068977778447250e-03
9.765043848783711011e-01 2.907940439004500204e-03
9.774813776781959840e-01 2.909067552855505723e-03
9.784593479594798637e-01 2.909948074777429783e-03
9.794382967001936668e-01 2.910857025227548550e-03
9.804182248792859822e-01 2.911768993229888868e-03
9.813991334766843933e-01 2.912252862112283194e-03
9.823810234732978097e-01 2.912692091148634359e-03
9.833638958510170225e-01 2.913182032433831066e-03
9.843477515927149257e-01 2.913401339565869705e-03
9.853325916822468500e-01 2.913798096966754500e-03
9.863184171044501181e-01 2.914270151290908242e-03
9.873052288451531489e-01 2.914357176828487848e-03
9.882930278911683519e-01 2.913990913612715845e-03
9.892818152302930157e-01 2.913979876543539710e-03
9.902715918513149695e-01 2.912803152745068597e-03
9.912623587440111406e-01 2.911901413307427938e-03
9.922541168991476646e-01 2.912845513142417291e-03
9.932468673084843269e-01 2.915599463191669537e-03
9.942406109647716761e-01 2.919273525480370161e-03
9.952353488617531330e-01 2.924704651621689959e-03
9.962310819941662121e-01 2.924714533384773114e-03
9.972278113577441871e-01 2.919613700434771537e-03
9.982255379492167569e-01 2.916638720654711730e-03
9.992242627663093790e-01 2.916144491474047078e-03
1.000223986807747600e+00 2.916777848657022866e-03
1.001224711073256834e+00 2.917946688823231348e-03
1.002226436563560474e+00 2.919241604149599642e-03
1.003229164280384333e+00 2.920864494274665914e-03
1.004232895226455646e+00 2.922974557199134547e-03
1.005237630405505511e+00 2.924614895345525878e-03
1.006243370822270000e+00 2.925066272227099841e-03
1.007250117482488161e+00 2.924315754283318344e-03
1.008257871392907346e+00 2.923291858117071061e-03
1.009266633561284321e+00 2.921438420752794744e-03
1.010276404996379940e+00 2.919237823300044766e-03
1.011287186707962471e+00 2.917324291322850611e-03
1.012298979706815372e+00 2.916085871392686425e-03
1.013311785004731513e+00 2.917598410316770557e-03
1.014325603614517401e+00 2.921398304623971844e-03
1.015340436549991621e+00 2.921472020862939459e-03
1.016356284825987721e+00 2.919552524411085474e-03
1.017373149458352000e+00 2.918488792979218212e-03
1.018391031463949936e+00 2.918300526950640648e-03
1.019409931860664198e+00 2.917933687001406443e-03
1.020429851667395971e+00 2.916178825860761895e-03
1.021450791904064959e+00 2.915735826157529135e-03
1.022472753591610495e+00 2.916783189065096961e-03
1.023495737751995538e+00 2.917403675055623216e-03
1.024519745408203342e+00 2.917914905496423687e-03
1.025544777584241007e+00 2.918941600687329288e-03
1.026570835305141705e+00 2.919276117533447547e-03
1.027597919596963782e+00 2.919696005053313073e-03
1.028626031486790104e+00 2.919623945265461921e-03
1.029655172002734043e+00 2.919070539759839860e-03
1.030685342173935926e+00 2.918043397491573883e-03
1.031716543030566147e+00 2.917058564986761519e-03
1.032748775603824720e+00 2.915602776340793078e-03
1.033782040925944834e+00 2.914314862905003842e-03
1.034816340030192627e+00 2.913074276554222103e-03
1.035851673950866303e+00 2.912214082075256956e-03
1.036888043723299679e+00 2.911046996773077739e-03
1.037925450383862858e+00 2.909739143601484598e-03
1.038963894969963331e+00 2.908594713763286779e-03
1.040003378520046207e+00 2.907582945895659243e-03
1.041043902073592431e+00 2.906443991365034209e-03
1.042085466671125449e+00 2.905639505561520824e-03
1.043128073354212981e+00 2.904878366208533177e-03
1.044171723165462140e+00 2.903781235751546133e-03
1.045216417148520982e+00 2.902650714277555614e-03
1.046262156348083616e+00 2.901749012183135919e-03
1.047308941809890870e+00 2.900942405350581330e-03
1.048356774580727402e+00 2.900182375385948735e-03
1.049405655708424367e+00 2.899370610205510325e-03
1.050455586241864525e+00 2.898437974347447144e-03
1.051506567230979794e+00 2.897344458904633959e-03
1.052558599726749256e+00 2.896780384802241128e-03
1.053611684781205371e+00 2.896187086898701930e-03
1.054665823447434869e+00 2.895638577912676339e-03
1.055721016779575638e+00 2.895076419862151890e-03
1.056777265832821389e+00 2.894585259028719781e-03
1.057834571663421430e+00 2.894344734536311633e-03
1.058892935328680673e+00 2.893835159685728166e-03
1.059952357886963181e+00 2.893616948170063628e-03
1.061012840397692836e+00 2.893319716566778235e-03
1.062074383921351339e+00 2.893280903124214112e-03
1.063136989519481546e+00 2.893315603747119609e-03
1.064200658254688792e+00 2.893426997719452352e-03
1.065265391190642452e+00 2.893446997744662103e-03
1.066331189392076162e+00 2.893425988836582745e-03
1.067398053924788259e+00 2.893130932503606284e-03
1.068465985855643563e+00 2.892838501232733710e-03
1.069534986252574260e+00 2.892572051741417512e-03
1.070605056184579462e+00 2.892314991930436223e-03
1.071676196721730756e+00 2.892180033433213067e-03
1.072748408935168429e+00 2.892050104251566757e-03
1.073821693897103469e+00 2.892033447995131460e-03
1.074896052680821112e+00 2.892064660691788785e-03
1.075971486360680407e+00 2.892181923199300606e-03
1.077047996012116871e+00 2.892246472669479738e-03
1.078125582711639385e+00 2.892395509634390106e-03
1.079204247536833972e+00 2.892545093541852921e-03
1.080283991566367119e+00 2.892772071490815056e-03
1.081364815879982011e+00 2.893221560635213241e-03
1.082446721558502079e+00 2.893913800554356007e-03
1.083529709683832998e+00 2.894671690744329492e-03
1.084613781338964023e+00 2.895660996641604736e-03
1.085698937607967762e+00 2.897015807044070641e-03
1.086785179575999072e+00 2.898289538212337618e-03
1.087872508329299936e+00 2.899677242821959398e-03
1.088960924955200360e+00 2.901288921813495458e-03
1.090050430542115478e+00 2.902296564835019424e-03
1.091141026179552442e+00 2.903066080991733872e-03
1.092232712958106200e+00 2.903763805700660446e-03
1.093325491969463270e+00 2.903782043178199448e-03
1.094419364306403519e+00 2.903755048154950565e-03
1.095514331062799718e+00 2.903625561527070891e-03
1.096610393333617983e+00 2.903183190395826428e-03
1.097707552214920890e+00 2.902884267962817406e-03
1.098805808803868134e+00 2.902798836322350619e-03
1.099905164198715202e+00 2.902573598863792195e-03
1.101005619498818477e+00 2.901560230189831682e-03
1.102107175804632577e+00 2.902020093142203966e-03
1.103209834217713237e+00 2.903272510605461269e-03
1.104313595840720197e+00 2.904896582622717126e-03
1.105418461777413652e+00 2.907077422121497143e-03
1.106524433132661356e+00 2.910937392124457630e-03
1.107631511012435288e+00 2.911153183542757039e-03
1.108739696523812546e+00 2.914068375023138972e-03
1.109848990774979782e+00 2.914833783767741167e-03
1.110959394875229211e+00 2.914989600880120608e-03
1.112070909934964602e+00 2.916214186377700038e-03
1.113183537065703277e+00 2.918648466173088228e-03
1.114297277380072559e+00 2.921102568607472812e-03
1.115412131991812217e+00 2.923671263259211388e-03
1.116528102015776458e+00 2.925909081135013613e-03
1.117645188567933490e+00 2.928470034072059268e-03
1.118763392765371512e+00 2.930433956901978311e-03
1.119882715726297162e+00 2.932035439452163397e-03
1.121003158570033076e+00 2.932823242154651566e-03
1.122124722417020326e+00 2.933488296282354708e-03
1.123247408388822866e+00 2.934122877021608927e-03
1.124371217608127527e+00 2.933403765576101871e-03
1.125496151198744688e+00 2.933612362567734888e-03
1.126622210285607384e+00 2.934207229448003006e-03
1.127749395994771975e+00 2.933469576239927917e-03
1.128877709453426359e+00 2.928573137841873619e-03
1.130007151789885311e+00 2.927016130597031619e-03
1.131137724133588929e+00 2.924921456273865510e-03
1.132269427615111068e+00 2.923013362857602819e-03
1.133402263366155127e+00 2.923532280890529106e-03
1.134536232519556265e+00 2.930040006712347767e-03
1.135671336209286064e+00 2.936127049090824469e-03
1.136807575570448314e+00 2.940510776501434678e-03
1.137944951739279231e+00 2.937595309046823165e-03
1.139083465853155674e+00 2.933306921571716616e-03
1.140223119050594480e+00 2.930823477103586608e-03
1.141363912471246245e+00 2.929896416532161603e-03
1.142505847255904872e+00 2.929141293713950420e-03
1.143648924546506684e+00 2.928922378455490940e-03
1.144793145486128871e+00 2.928731585613954420e-03
1.145938511218992373e+00 2.928927968478367387e-03
1.147085022890461214e+00 2.928762954864673994e-03
1.148232681647048281e+00 2.930594032200964458e-03
1.149381488636412874e+00 2.932323659348313061e-03
1.150531445007361153e+00 2.934250821041374004e-03
1.151682551909849916e+00 2.937216418432566679e-03
1.152834810494985263e+00 2.940082726395954783e-03
1.153988221915028811e+00 2.943223822875113554e-03
1.155142787323389930e+00 2.945879448717654819e-03
1.156298507874635062e+00 2.948290781137959549e-03
1.157455384724486835e+00 2.948769957522373412e-03
1.158613419029816960e+00 2.949040592896519201e-03
1.159772611948661325e+00 2.948539876869152396e-03
1.160932964640214893e+00 2.946845013245137646e-03
1.162094478264829478e+00 2.944948295626111014e-03
1.163257153984020631e+00 2.942450407874621764e-03
1.164420992960464529e+00 2.939650046796834018e-03
1.165585996357997089e+00 2.938094476743439466e-03
1.166752165341621739e+00 2.936236474305546715e-03
1.167919501077509192e+00 2.935956701252994891e-03
1.169088004732994568e+00 2.938056454272316032e-03
1.170257677476581604e+00 2.940914404312947907e-03
1.171428520477943325e+00 2.949039165894343055e-03
1.172600534907923375e+00 2.957923513207727506e-03
1.173773721938536241e+00 2.958907097862079755e-03
1.174948082742969024e+00 2.954330852875186944e-03
1.176123618495583001e+00 2.948530817269709361e-03
1.177300330371911397e+00 2.943230346699559491e-03
1.178478219548668493e+00 2.941090131755834045e-03
1.179657287203744964e+00 2.940040548895202395e-03
1.180837534516205212e+00 2.939735244406068912e-03
1.182018962666298245e+00 2.939689200167320757e-03
1.183201572835452797e+00 2.939772056503450141e-03
1.184385366206279766e+00 2.939279552345804881e-03
1.185570343962571549e+00 2.938935637684558094e-03
1.186756507289305596e+00 2.940532313108228622e-03
1.187943857372644185e+00 2.939929579820096429e-03
1.189132395399938202e+00 2.938750780044041902e-03
1.190322122559727358e+00 2.939225576215649151e-03
1.191513040041739746e+00 2.938760467672212918e-03
1.192705149036892065e+00 2.937704603327157080e-03
1.193898450737292283e+00 2.936806840590036084e-03
1.195092946336242523e+00 2.934995385482492853e-03
1.196288637028239288e+00 2.933466205209590665e-03
1.197485524008971902e+00 2.932242600595081749e-03
1.198683608475328288e+00 2.930746730559287243e-03
1.199882891625392523e+00 2.928807122143295763e-03
1.201083374658448388e+00 2.926829944727989564e-03
1.202285058774978488e+00 2.925810315911190045e-03
1.203487945176667351e+00 2.924666213643267385e-03
1.204692035066401878e+00 2.923105969384803392e-03
1.205897329648271787e+00 2.921770412210984279e-03
1.207103830127570721e+00 2.920213399129921450e-03
1.208311537710799799e+00 2.918461145434644161e-03
1.209520453605668511e+00 2.916965381459345977e-03
1.210730579021092268e+00 2.915773206912331862e-03
1.211941915167195072e+00 2.913881264541902383e-03
1.213154463255313065e+00 2.912966585883672646e-03
1.214368224497995641e+00 2.911835452033390524e-03
1.215583200109004336e+00 2.910849717469834921e-03
1.216799391303313715e+00 2.910547597978995187e-03
1.218016799297116037e+00 2.910126757749529648e-03
1.219235425307820142e+00 2.908998735835845260e-03
1.220455270554050786e+00 2.907823844054000656e-03
1.221676336255654416e+00 2.907188191399604719e-03
1.222898623633697612e+00 2.906509321079442376e-03
1.224122133910464649e+00 2.906212421671742693e-03
1.225346868309468595e+00 2.905734657501188138e-03
1.226572828055445985e+00 2.905849347118330019e-03
1.227800014374351933e+00 2.905191535027819467e-03
1.229028428493374347e+00 2.904058042025660889e-03
1.230258071640927708e+00 2.903970728108449910e-03
1.231488945046652184e+00 2.903044611792498196e-03
1.232721049941425173e+00 2.902231691672649619e-03
1.233954387557350874e+00 2.902060205359279638e-03
1.235188959127763386e+00 2.901821421865181418e-03
1.236424765887237598e+00 2.901020285882858867e-03
1.237661809071581853e+00 2.899886633612193051e-03
1.238900089917839509e+00 2.899419918191523983e-03
1.240139609664291376e+00 2.899477391820332820e-03
1.241380369550453722e+00 2.899222617823462005e-03
1.242622370817087374e+00 2.898416153093236018e-03
1.243865614706197942e+00 2.897998156381796989e-03
1.245110102461026935e+00 2.897944998760730757e-03
1.246355835326061534e+00 2.897447795955374571e-03
1.247602814547033478e+00 2.897189241597420990e-03
1.248851041370924841e+00 2.896542786374525606e-03
1.250100517045962700e+00 2.896214463886360134e-03
1.251351242821620691e+00 2.896081542375888128e-03
1.252603219948625890e+00 2.895426599803552735e-03
1.253856449678957707e+00 2.895235731490902048e-03
1.255110933265842998e+00 2.895025557681524080e-03
1.256366671963763171e+00 2.894760637081468871e-03
1.257623667028460623e+00 2.894268058096726836e-03
1.258881919716930087e+00 2.893485585298586835e-03
1.260141431287421954e+00 2.892985248454334191e-03
1.261402202999453381e+00 2.892784775624230881e-03
1.262664236113794747e+00 2.892303659226591432e-03
1.263927531892475642e+00 2.891756305490025304e-03
1.265192091598793755e+00 2.891575221412500708e-03
1.266457916497307101e+00 2.891536277924462196e-03
1.267725007853840458e+00 2.891395809672122046e-03
1.268993366935489364e+00 2.891171385594016457e-03
1.270262995010613016e+00 2.891089603034689790e-03
1.271533893348834932e+00 2.891344923144071721e-03
1.272806063221056050e+00 2.891252236260760927e-03
1.274079505899448517e+00 2.891339831159953078e-03
1.275354222657453018e+00 2.891375315487991482e-03
1.276630214769785443e+00 2.892133614086318978e-03
1.277907483512440212e+00 2.892325656133612997e-03
1.279186030162684506e+00 2.893132275093746042e-03
1.280465855999067148e+00 2.893792721633516030e-03
1.281746962301411275e+00 2.894227329018105380e-03
1.283029350350822995e+00 2.895337314766844965e-03
1.284313021429691171e+00 2.896242082209782211e-03
1.285597976821686306e+00 2.896453347150322599e-03
1.286884217811765874e+00 2.897193651561461632e-03
1.288171745686169212e+00 2.898708487830461630e-03
1.289460561732425514e+00 2.899868763026605765e-03
1.290750667239352723e+00 2.900701215171561011e-03
1.292042063497055082e+00 2.902105641211812255e-03
1.293334751796928028e+00 2.902825731175591797e-03
1.294628733431660184e+00 2.904144709822723165e-03
1.295924009695232693e+00 2.904731441953746843e-03
1.297220581882923440e+00 2.905925168337510772e-03
1.298518451291303943e+00 2.906643578163832769e-03
1.299817619218243570e+00 2.907952910160838296e-03
1.301118086962911757e+00 2.909347904757827747e-03
1.302419855825775574e+00 2.910306512627090607e-03
1.303722927108603713e+00 2.910172352297920803e-03
1.305027302114467824e+00 2.911326333012817513e-03
1.306332982147742738e+00 2.912795513029487089e-03
1.307639968514106243e+00 2.913965568898703451e-03
1.308948262520545081e+00 2.913981093757125711e-03
1.310257865475357386e+00 2.913909605687701500e-03
1.311568778688145365e+00 2.916554223350073700e-03
1.312881003469822394e+00 2.918486918071920653e-03
1.314194541132613248e+00 2.918613259224158655e-03
1.315509392990052095e+00 2.917731937827404073e-03
1.316825560356992275e+00 2.920091337903212882e-03
1.318143044549605181e+00 2.920671929418112468e-03
1.319461846885372491e+00 2.920572052271940867e-03
1.320781968683094609e+00 2.923077941196560413e-03
1.322103411262894657e+00 2.922199432187615013e-03
1.323426175946215588e+00 2.922467428129441394e-03
1.324750264055823967e+00 2.922065231938025375e-03
1.326075676915806634e+00 2.922074365135176634e-03
1.327402415851577810e+00 2.926655796442883227e-03
1.328730482189877105e+00 2.931463334449312466e-03
1.330059877258766621e+00 2.933950937001078129e-03
1.331390602387644506e+00 2.942852956088686227e-03
1.332722658907238511e+00 2.940117656000150806e-03
1.334056048149601548e+00 2.935402857118091929e-03
1.335390771448121905e+00 2.933354595358334243e-03
1.336726830137523470e+00 2.933341478563946184e-03
1.338064225553867281e+00 2.932564067577465242e-03
1.339402959034549756e+00 2.933183685171102811e-03
1.340743031918303130e+00 2.934126076417375040e-03
1.342084445545197235e+00 2.935290688300940237e-03
1.343427201256649495e+00 2.935162080764415829e-03
1.344771300395417146e+00 2.936110641132144358e-03
1.346116744305594359e+00 2.937630178645739797e-03
1.347463534332628665e+00 2.938020064438125363e-03
1.348811671823311853e+00 2.938539107161638065e-03
1.350161158125778860e+00 2.939569669445793888e-03
1.351511994589517540e+00 2.940310938577671979e-03
1.352864182565362894e+00 2.940776959033471975e-03
1.354217723405502616e+00 2.939944805002257886e-03
1.355572618463477541e+00 2.940519623995261657e-03
1.356928869094182311e+00 2.942996446348245497e-03
1.358286476653869368e+00 2.948356029542988782e-03
1.359645442500145185e+00 2.950405193996215487e-03
1.361005767991978699e+00 2.948900649637467911e-03
1.362367454489693541e+00 2.947663446284182892e-03
1.363730503354976253e+00 2.943896588664946315e-03
1.365094915950876286e+00 2.940410873678815130e-03
1.366460693641805557e+00 2.940786075570508539e-03
1.367827837793544221e+00 2.940979930823217799e-03
1.369196349773232901e+00 2.941240306927546226e-03
1.370566230949384456e+00 2.944691267479752038e-03
1.371937482691882648e+00 2.947008220654822631e-03
1.373310106371978812e+00 2.948659773857427967e-03
1.374684103362296073e+00 2.948815512051130693e-03
1.376059475036832236e+00 2.948849592839973208e-03
1.377436222770957119e+00 2.949639919450609826e-03
1.378814347941416329e+00 2.950917780263004331e-03
1.380193851926337034e+00 2.950984118332146411e-03
1.381574736105227075e+00 2.951228133443701586e-03
1.382957001858968082e+00 2.950828906404994421e-03
1.384340650569826359e+00 2.951555646145629427e-03
1.385725683621453097e+00 2.951787915510419198e-03
1.387112102398877056e+00 2.951106579368540771e-03
1.388499908288514106e+00 2.949425879584527486e-03
1.389889102678176336e+00 2.949753191289814121e-03
1.391279686957059170e+00 2.949699630106108420e-03
1.392671662515744480e+00 2.950731646129967078e-03
1.394065030746209910e+00 2.951778966855038693e-03
1.395459793041823549e+00 2.952060433496712325e-03
1.396855950797346368e+00 2.952468751419416899e-03
1.398253505408935560e+00 2.953576738625660926e-03
1.399652458274146971e+00 2.951717246549594512e-03
1.401052810791931336e+00 2.951771916611063695e-03
1.402454564362640488e+00 2.949831179514851749e-03
1.403857720388033359e+00 2.949104899686389759e-03
1.405262280271267539e+00 2.948128108506925180e-03
1.406668245416895724e+00 2.948213962512165331e-03
1.408075617230885701e+00 2.947844251636023028e-03
1.409484397120611021e+00 2.946894441864324893e-03
1.410894586494849667e+00 2.945165039701375456e-03
1.412306186763792493e+00 2.944442966469362245e-03
1.413719199339038557e+00 2.944246075501645490e-03
1.415133625633601788e+00 2.943811887859595910e-03
1.416549467061908762e+00 2.944106217088313625e-03
1.417966725039802256e+00 2.944434149403618063e-03
1.419385400984539025e+00 2.943699551607747468e-03
1.420805496314794913e+00 2.944188813091006343e-03
1.422227012450665296e+00 2.943587194972904254e-03
1.423649950813663079e+00 2.942951757603913705e-03
1.425074312826731360e+00 2.941655920229304701e-03
1.426500099914232100e+00 2.940858911333404761e-03
1.427927313501950124e+00 2.940921601591018307e-03
1.429355955017101332e+00 2.939669643877927327e-03
1.430786025888328483e+00 2.940555578778429775e-03
1.432217527545700975e+00 2.938851269407736708e-03
1.433650461420720168e+00 2.937279078866217915e-03
1.435084828946318947e+00 2.936256207399254824e-03
1.436520631556862826e+00 2.935790239843133389e-03
1.437957870688159057e+00 2.935957397302291216e-03
1.439396547777445301e+00 2.936899849779261041e-03
1.440836664263399847e+00 2.936574828477196523e-03
1.442278221586138942e+00 2.935635044638119397e-03
1.443721221187219905e+00 2.933692340650470402e-03
1.445165664509644454e+00 2.932718245035975842e-03
1.446611552997854488e+00 2.933306037101239289e-03
1.448058888097737640e+00 2.931521786842083976e-03
1.449507671256628161e+00 2.931021919484274978e-03
1.450957903923310921e+00 2.930760067347749909e-03
1.452409587548018299e+00 2.930469592926913079e-03
1.453862723582431071e+00 2.930117818854011819e-03
1.455317313479687957e+00 2.929059646267853818e-03
1.456773358694377629e+00 2.928013656928246753e-03
1.458230860682547148e+00 2.927036193468558062e-03
1.459689820901702628e+00 2.926163240511186342e-03
1.461150240810803247e+00 2.926038879188467418e-03
1.462612121870266346e+00 2.924819604022693351e-03
1.464075465541970544e+00 2.925299182296951100e-03
1.465540273289261508e+00 2.925137761643691221e-03
1.467006546576947734e+00 2.923464386413675113e-03
1.468474286871301882e+00 2.922191155592592827e-03
1.469943495640066322e+00 2.920845809486962742e-03
1.471414174352450921e+00 2.921985962160645635e-03
1.472886324479134590e+00 2.923275292623284463e-03
1.474359947492264622e+00 2.922119857783583245e-03
1.475835044865461132e+00 2.919866702998926995e-03
1.477311618073823940e+00 2.917723589759391167e-03
1.478789668593927464e+00 2.917195001217188274e-03
1.480269197903824496e+00 2.916704067166754361e-03
1.481750207483043980e+00 2.915829010360608195e-03
1.483232698812595229e+00 2.915547558106713726e-03
1.484716673374970375e+00 2.914329443942188791e-03
1.486202132654143915e+00 2.912705155907424799e-03
1.487689078135571830e+00 2.912158520294184233e-03
1.489177511306200907e+00 2.911965546026604873e-03
1.490667433654462082e+00 2.911038715552973118e-03
1.492158846670277539e+00 2.911853330346532084e-03
1.493651751845064934e+00 2.910180608820827578e-03
1.495146150671732066e+00 2.909250617223105902e-03
1.496642044644675762e+00 2.907862118638606524e-03
1.498139435259789654e+00 2.906787895149726131e-03
1.499638324014464175e+00 2.907230024319759978e-03
1.501138712407587894e+00 2.908275191113034348e-03
1.502640601939549292e+00 2.908504718989539904e-03
1.504143994112236538e+00 2.907595866085950151e-03
1.505648890429041931e+00 2.907533607157862087e-03
1.507155292394863233e+00 2.906673524521729245e-03
1.508663201516102337e+00 2.905611383247536789e-03
1.510172619300667263e+00 2.904070910393162681e-03
1.511683547257977489e+00 2.903484815170251192e-03
1.513195986898960399e+00 2.903120488828094675e-03
1.514709939736056388e+00 2.902259547942596159e-03
1.516225407283221971e+00 2.901223568412147728e-03
1.517742391055919793e+00 2.900873606075670980e-03
1.519260892571135058e+00 2.901400813981817872e-03
1.520780913347369978e+00 2.900486020457072097e-03
1.522302454904641111e+00 2.899740743207487349e-03
1.523825518764496234e+00 2.900203095906749625e-03
1.525350106449998355e+00 2.900417828400331591e-03
1.526876219485730601e+00 2.899851217343966340e-03
1.528403859397809539e+00 2.899064725380113422e-03
1.529933027713875626e+00 2.899319291950350208e-03
1.531463725963096323e+00 2.899487715598204896e-03
1.532995955676171640e+00 2.899920297071674393e-03
1.534529718385328367e+00 2.900389393027860870e-03
1.536065015624331398e+00 2.899805053646588998e-03
1.537601848928477732e+00 2.898930371431135064e-03
1.539140219834601586e+00 2.898162312598706603e-03
1.540680129881076166e+00 2.898338429076453057e-03
1.542221580607809006e+00 2.897189145080962102e-03
1.543764573556249298e+00 2.896647453909310770e-03
1.545309110269391661e+00 2.897297722240746876e-03
1.546855192291775483e+00 2.897935552722346111e-03
1.548402821169480026e+00 2.896942188467513737e-03
1.549951998450135093e+00 2.896297883253371418e-03
1.551502725682915251e+00 2.900877928691762871e-03
1.553055004418552043e+00 2.903867906818064296e-03
1.554608836209321776e+00 2.903608732615563497e-03
1.556164222609055736e+00 2.903738231379600267e-03
1.557721165173142852e+00 2.902291273713838472e-03
1.559279665458526809e+00 2.904128795395910338e-03
1.560839725023707159e+00 2.905710506037670685e-03
1.562401345428738431e+00 2.905754186121642380e-03
1.563964528235243456e+00 2.906042685719233739e-03
1.565529275006407373e+00 2.905914916688123739e-03
1.567095587306978954e+00 2.908202462839091194e-03
1.568663466703268616e+00 2.909733460873268653e-03
1.570232914763154186e+00 2.910054285713784255e-03
1.571803933056086233e+00 2.908892555009131263e-03
1.573376523153083406e+00 2.907081474408527814e-03
1.574950686626736207e+00 2.906224634819320161e-03
1.576526425051205660e+00 2.906710065366739648e-03
1.578103740002232414e+00 2.907463866218828324e-03
1.579682633057129193e+00 2.907444496128197033e-03
1.581263105794789903e+00 2.907574537528861275e-03
1.582845159795690959e+00 2.906223499946411840e-03
1.584428796641883297e+00 2.905107141139229299e-03
1.586014017917000585e+00 2.904717793536288999e-03
1.587600825206265887e+00 2.904445159014521893e-03
1.589189220096486999e+00 2.905325088214481127e-03
1.590779204176061778e+00 2.905907801304731444e-03
1.592370779034972816e+00 2.906941640732092942e-03
1.593963946264796538e+00 2.907915595771856827e-03
1.595558707458699654e+00 2.909848431230134102e-03
1.597155064211443820e+00 2.912880221380012916e-03
1.598753018119386970e+00 2.914853563066106129e-03
1.600352570780481987e+00 2.917096594103111423e-03
1.601953723794279805e+00 2.918405914562911298e-03
1.603556478761936521e+00 2.921365253702861223e-03
1.605160837286207842e+00 2.923221311501551702e-03
1.606766800971446418e+00 2.926056100567507243e-03
1.608374371423619609e+00 2.927618383098282585e-03
1.609983550250299711e+00 2.929603872505677324e-03
1.611594339060662628e+00 2.932427639820265816e-03
1.613206739465496975e+00 2.933996480820217322e-03
1.614820753077206072e+00 2.937115759149963503e-03
1.616436381509801290e+00 2.935929706005328300e-03
1.618053626378912035e+00 2.939267787949272417e-03
1.619672489301787088e+00 2.942325439584824245e-03
1.621292971897287050e+00 2.943292396617224436e-03
1.622915075785891670e+00 2.943916355447701635e-03
1.624538802589707176e+00 2.942374568097737460e-03
1.626164153932458944e+00 2.946571483779636836e-03
1.627791131439499495e+00 2.948502782739739758e-03
1.629419736737808710e+00 2.945481855383310851e-03
1.631049971455992953e+00 2.947658329386056326e-03
1.632681837224285060e+00 2.948635966078465287e-03
1.634315335674550784e+00 2.945651963027158537e-03
1.635950468440285910e+00 2.946300165211544753e-03
1.637587237156621134e+00 2.944370756486628521e-03
1.639225643460328952e+00 2.943465101060841263e-03
1.640865688989819882e+00 2.944970111751759635e-03
1.642507375385137580e+00 2.943698472352395280e-03
1.644150704287967502e+00 2.943971495591512361e-03
1.645795677341638452e+00 2.945890159993459941e-03
1.647442296191123257e+00 2.947536011132404626e-03
1.649090562483041200e+00 2.949013231410393780e-03
1.650740477865659139e+00 2.946226586234314271e-03
1.652392043988892389e+00 2.942181798106555113e-03
1.654045262504306946e+00 2.943086198953246378e-03
1.655700135065121037e+00 2.949904154580417631e-03
1.657356663326206681e+00 2.949969953856576392e-03
1.659014848944093901e+00 2.946621755617700317e-03
1.660674693576969618e+00 2.943142374221718004e-03
1.662336198884679206e+00 2.942267320729764941e-03
1.663999366528727597e+00 2.943246536003355038e-03
1.665664198172280175e+00 2.952731281919729854e-03
1.667330695480168323e+00 2.959514051094976235e-03
1.668998860118890315e+00 2.962509593592500129e-03
1.670668693756610423e+00 2.956771206423024038e-03
1.672340198063163363e+00 2.956081397862917251e-03
1.674013374710054736e+00 2.954101946108338150e-03
1.675688225370461693e+00 2.950019136679273273e-03
1.677364751719235381e+00 2.949391702060846082e-03
1.679042955432901163e+00 2.947778010972814527e-03
1.680722838189662172e+00 2.949303403641940092e-03
1.682404401669400640e+00 2.947462820696016440e-03
1.684087647553678346e+00 2.948719994812341264e-03
1.685772577525743277e+00 2.948781076432056142e-03
1.687459193270526736e+00 2.949439510052134956e-03
1.689147496474642685e+00 2.950245968276722468e-03
1.690837488826394841e+00 2.951798504981277549e-03
1.692529172015778904e+00 2.953783736128826054e-03
1.694222547734476558e+00 2.956062584569913929e-03
1.695917617675862132e+00 2.955646431873412174e-03
1.697614383535007043e+00 2.957517765045436509e-03
1.699312847008676020e+00 2.958902194850687901e-03
1.701013009795334652e+00 2.959740851555500794e-03
1.702714873595143619e+00 2.959239836876527072e-03
1.704418440109970900e+00 2.957082460200485992e-03
1.706123711043382896e+00 2.955501746234233396e-03
1.707830688100642424e+00 2.954835043377614275e-03
1.709539372988733374e+00 2.954044707663880040e-03
1.711249767416338718e+00 2.958134737940760865e-03
1.712961873093852061e+00 2.959217483739548949e-03
1.714675691733381635e+00 2.957577236910215700e-03
1.716391225048744973e+00 2.951626214906890623e-03
1.718108474755477122e+00 2.950294489937341138e-03
1.719827442570826870e+00 2.948547573714760742e-03
1.721548130213762073e+00 2.948941347069555016e-03
1.723270539404973212e+00 2.949894338485776080e-03
1.724994671866867391e+00 2.950906153423025688e-03
1.726720529323575670e+00 2.954023184333948778e-03
1.728448113500954619e+00 2.956939742342716386e-03
1.730177426126591422e+00 2.956839700599181702e-03
1.731908468929799882e+00 2.955906702686951493e-03
1.733641243641623975e+00 2.956276606622730650e-03
1.735375751994837401e+00 2.955497303805311275e-03
1.737111995723943592e+00 2.954367874590983246e-03
1.738849976565191469e+00 2.954172367017502895e-03
1.740589696256562569e+00 2.952616210354967307e-03
1.742331156537773262e+00 2.951056844264502571e-03
1.744074359150284748e+00 2.949763840851821542e-03
1.745819305837302604e+00 2.948705167553265782e-03
1.747565998343771909e+00 2.948982763954810168e-03
1.749314438416384787e+00 2.949075598469220148e-03
1.751064627803578855e+00 2.948270186326049438e-03
1.752816568255545659e+00 2.948314327017368536e-03
1.754570261524226682e+00 2.949813751258707935e-03
1.756325709363313337e+00 2.949313096364023813e-03
1.758082913528259406e+00 2.949860225026458300e-03
1.759841875776264164e+00 2.949945776075749929e-03
1.761602597866290143e+00 2.949507691377596316e-03
1.763365081559061576e+00 2.950580980400375856e-03
1.765129328617062621e+00 2.950264851699522725e-03
1.766895340804538028e+00 2.949513626573229460e-03
1.768663119887500246e+00 2.949414479652731624e-03
1.770432667633730528e+00 2.951903270985304154e-03
1.772203985812774718e+00 2.953161476745101884e-03
1.773977076195953018e+00 2.953620692791733386e-03
1.775751940556356212e+00 2.949344997189494617e-03
1.777528580668849223e+00 2.945609615671965741e-03
1.779306998310069110e+00 2.942447110754049973e-03
1.781087195258436395e+00 2.942115810323329625e-03
1.782869173294147958e+00 2.943777106021174331e-03
1.784652934199179475e+00 2.946667138356191123e-03
1.786438479757295417e+00 2.948065624716764144e-03
1.788225811754038830e+00 2.950250335312445960e-03
1.790014931976740220e+00 2.953650375903968915e-03
1.791805842214524880e+00 2.954571557109921150e-03
1.793598544258301342e+00 2.953489782422329298e-03
1.795393039900771148e+00 2.951128449693181909e-03
1.797189330936433072e+00 2.949171760344566386e-03
1.798987419161574230e+00 2.946310428958362482e-03
1.800787306374282082e+00 2.945202712053327822e-03
1.802588994374447084e+00 2.944561197867704913e-03
1.804392484963757148e+00 2.944134719574845616e-03
1.806197779945701409e+00 2.942351913283102090e-03
1.808004881125578445e+00 2.940994049985080037e-03
1.809813790310486503e+00 2.940042588301724092e-03
1.811624509309332831e+00 2.940986827641491833e-03
1.813437039932837891e+00 2.940846986075365023e-03
1.815251383993535805e+00 2.940591692128273742e-03
1.817067543305768362e+00 2.939735582004849874e-03
1.818885519685696339e+00 2.941852486824712062e-03
1.820705314951296394e+00 2.940698730686554935e-03
1.822526930922362842e+00 2.939711958047283233e-03
1.824350369420509876e+00 2.939639508122573498e-03
1.826175632269178672e+00 2.939747488043754214e-03
1.828002721293634281e+00 2.940235908627308187e-03
1.829831638320961185e+00 2.938619265321343842e-03
1.831662385180077957e+00 2.939366424377758309e-03
1.833494963701736369e+00 2.940783408078762387e-03
1.835329375718512734e+00 2.941376626148232976e-03
1.837165623064816344e+00 2.940848111693453344e-03
1.839003707576895463e+00 2.941534443615092132e-03
1.840843631092833554e+00 2.938874580849170151e-03
1.842685395452556607e+00 2.938720195922599025e-03
1.844529002497830250e+00 2.936621733267136616e-03
1.846374454072257976e+00 2.936665057177057121e-03
1.848221752021293796e+00 2.937365139488966326e-03
1.850070898192236912e+00 2.938238747027597034e-03
1.851921894434231275e+00 2.935663574232930118e-03
1.853774742598273795e+00 2.935344457343352746e-03
1.855629444537212569e+00 2.934493845913816248e-03
1.857486002105753542e+00 2.934541441755951410e-03
1.859344417160451179e+00 2.934036783129010534e-03
1.861204691559718905e+00 2.931694288236748151e-03
1.863066827163835537e+00 2.931459824211302481e-03
1.864930825834933525e+00 2.931839129987302492e-03
1.866796689437008716e+00 2.930671119579134065e-03
1.868664419835927903e+00 2.929376320698012445e-03
1.870534018899425055e+00 2.929125701818392769e-03
1.872405488497095316e+00 2.928985106062031388e-03
1.874278830500408777e+00 2.927677022796342995e-03
1.876154046782708917e+00 2.927410452550725708e-03
1.878031139219214163e+00 2.926834433453374008e-03
1.879910109687015440e+00 2.925763887105061779e-03
1.881790960065083063e+00 2.925777020580370806e-03
1.883673692234267838e+00 2.925381993844613712e-03
1.885558308077303735e+00 2.924743945001340249e-03
1.887444809478806107e+00 2.923899883336815789e-03
1.889333198325271468e+00 2.923813024528473803e-03
1.891223476505090817e+00 2.923526884478361287e-03
1.893115645908544309e+00 2.922063215639840103e-03
1.895009708427802808e+00 2.921998611578086220e-03
1.896905665956926557e+00 2.922350640502936053e-03
1.898803520391874500e+00 2.921451086073267693e-03
1.900703273630501844e+00 2.921206854522174351e-03
1.902604927572561166e+00 2.920970092339609213e-03
1.904508484119706857e+00 2.921730925843425350e-03
1.906413945175493785e+00 2.920833646194536531e-03
1.908321312645386625e+00 2.919878470968763438e-03
1.910230588436751864e+00 2.920577194143241136e-03
1.912141774458864463e+00 2.921582300353186157e-03
1.914054872622910297e+00 2.919726946650789967e-03
1.915969884841984605e+00 2.919016503252390253e-03
1.917886813031101978e+00 2.918960326306450567e-03
1.919805659107191032e+00 2.920839568476904166e-03
1.921726424989099069e+00 2.921790687561741547e-03
1.923649112597595190e+00 2.921010760840666437e-03
1.925573723855365182e+00 2.919444584438838676e-03
1.927500260687016409e+00 2.918634101939633629e-03
1.929428725019089796e+00 2.918712198648484336e-03
1.931359118780051842e+00 2.919597815859742516e-03
1.933291443900291728e+00 2.920297196505654280e-03
1.935225702312133089e+00 2.919821062904552188e-03
1.937161895949837120e+00 2.921184358760409681e-03
1.939100026749601025e+00 2.922701034980844815e-03
1.941040096649554014e+00 2.922934652684907719e-03
1.942982107589765972e+00 2.923914477733583275e-03
1.944926061512247673e+00 2.924685649811546804e-03
1.946871960360953446e+00 2.925604530421926051e-03
1.948819806081781847e+00 2.925879226604677016e-03
1.950769600622574540e+00 2.924869282508594723e-03
1.952721345933129404e+00 2.925632449977939083e-03
1.954675043965192760e+00 2.925214082332723738e-03
1.956630696672465364e+00 2.925073775170623260e-03
1.958588306010599522e+00 2.923788710018704502e-03
1.960547873937202201e+00 2.922073083135342218e-03
1.962509402411841242e+00 2.922370823372107129e-03
1.964472893396044695e+00 2.922219842696489184e-03
1.966438348853305484e+00 2.921645759098367122e-03
1.968405770749081407e+00 2.920947636494853478e-03
1.970375161050789359e+00 2.920438391333225834e-03
1.972346521727821544e+00 2.918870041948563605e-03
1.974319854751539927e+00 2.917392237197792646e-03
1.976295162095277336e+00 2.916728602395331910e-03
1.978272445734343465e+00 2.915910779125990143e-03
1.980251707646021986e+00 2.915242947403390295e-03
1.982232949809572320e+00 2.914590269844983920e-03
1.984216174206235195e+00 2.914260030118112112e-03
1.986201382819236860e+00 2.913263278101586602e-03
1.988188577633788201e+00 2.913173028965099220e-03
1.990177760637084958e+00 2.913388455836461721e-03
1.992168933818306620e+00 2.913570033427670229e-03
1.994162099168625746e+00 2.916303037443286183e-03
1.996157258681210633e+00 2.919470473050687128e-03
1.998154414351219765e+00 2.923163448432968600e-03
2.000153568175812691e+00 2.925265181186266321e-03
2.002154722154140476e+00 2.926387416774822899e-03
2.004157878287355921e+00 2.927213375930306106e-03
2.006163038578616220e+00 2.927123670936754296e-03
2.008170205033081412e+00 2.926809877564577698e-03
2.010179379657917487e+00 2.927267866374836346e-03
2.012190564462303932e+00 2.928355585018535892e-03
2.014203761457421749e+00 2.929189578045712436e-03
2.016218972656465880e+00 2.928771096457503595e-03
2.018236200074653208e+00 2.928983004605071987e-03
2.020255445729208343e+00 2.928700342436431001e-03
2.022276711639375613e+00 2.928499528423996173e-03
2.024299999826424390e+00 2.927212807893272463e-03
2.026325312313641991e+00 2.926918994979340379e-03
2.028352651126337669e+00 2.926314864277960136e-03
2.030382018291853274e+00 2.926171458632156105e-03
2.032413415839559701e+00 2.924614064912226495e-03
2.034446845800850667e+00 2.923735509532831081e-03
2.036482310209152935e+00 2.922379333850546289e-03
2.038519811099934298e+00 2.921475477108505248e-03
2.040559350510698700e+00 2.920803619639460863e-03
2.042600930480983124e+00 2.920498701996382569e-03
2.044644553052371361e+00 2.920469545315727659e-03
2.046690220268486460e+00 2.920294854322083924e-03
2.048737934174990283e+00 2.919926812463683342e-03
2.050787696819598604e+00 2.919727120460022599e-03
2.052839510252076671e+00 2.920210232204931838e-03
2.054893376524232984e+00 2.919337945176398233e-03
2.056949297689938838e+00 2.918858474940233712e-03
2.059007275805113224e+00 2.918649159123791990e-03
2.061067312927732598e+00 2.917760564803680533e-03
2.063129411117835765e+00 2.919329064212978705e-03
2.065193572437520775e+00 2.920924119592772407e-03
2.067259798950950689e+00 2.921138876573677566e-03
2.069328092724351809e+00 2.922096256698630996e-03
2.071398455826018559e+00 2.922622386975512118e-03
2.073470890326312155e+00 2.922881674972543573e-03
2.075545398297670818e+00 2.922177765837296985e-03
2.077621981814598229e+00 2.922834610684775340e-03
2.079700642953679068e+00 2.921912944161031075e-03
2.081781383793575468e+00 2.922497862566096269e-03
2.083864206415028342e+00 2.923176546674022443e-03
2.085949112900863156e+00 2.923169151844972995e-03
2.088036105335985937e+00 2.923139196565823893e-03
2.090125185807389485e+00 2.923809559631659026e-03
2.092216356404151156e+00 2.924417656374280784e-03
2.094309619217441298e+00 2.924394786041761927e-03
2.096404976340524140e+00 2.924698087918971897e-03
2.098502429868758679e+00 2.925031299796458303e-03
2.100601981899600457e+00 2.924898025297567421e-03
2.102703634532599342e+00 2.924968987474471562e-03
2.104807389869406631e+00 2.925818919523258919e-03
2.106913250013779493e+00 2.926299994051218337e-03
2.109021217071576970e+00 2.926448329527853685e-03
2.111131293150767529e+00 2.927677453174983707e-03
2.113243480361425952e+00 2.927757335890244453e-03
2.115357780815740441e+00 2.927056755377887773e-03
2.117474196628013505e+00 2.928849165288007102e-03
2.119592729914662410e+00 2.929360178346589010e-03
2.121713382794218727e+00 2.928180322735263272e-03
2.123836157387335444e+00 2.930766849604625815e-03
2.125961055816782963e+00 2.930437335414005744e-03
2.128088080207463761e+00 2.933693626366026992e-03
2.130217232686400397e+00 2.932489391014035315e-03
2.132348515382747944e+00 2.933054794953697531e-03
2.134481930427789997e+00 2.932354512468296828e-03
2.136617479954937782e+00 2.934225700991794500e-03
2.138755166099743921e+00 2.933223675843209949e-03
2.140894990999892666e+00 2.933825773823746548e-03
2.143036956795210557e+00 2.937589776359549563e-03
2.145181065627663308e+00 2.936331321681197662e-03
2.147327319641362031e+00 2.936477592412045472e-03
2.149475720982560567e+00 2.937664325794973018e-03
2.151626271799656820e+00 2.939406028612838104e-03
2.153778974243205191e+00 2.938132614337105042e-03
2.155933830465906809e+00 2.940722856686289830e-03
2.158090842622617522e+00 2.941769715736995174e-03
2.160250012870349678e+00 2.943979129421437756e-03
2.162411343368275229e+00 2.944045371523953264e-03
2.164574836277725733e+00 2.943338108862565000e-03
2.166740493762190578e+00 2.946253423893354251e-03
2.168908317987328083e+00 2.944588535228807175e-03
2.171078311120967275e+00 2.944293038777219453e-03
2.173250475333098564e+00 2.944641750009375364e-03
2.175424812795882623e+00 2.943229964365027401e-03
2.177601325683664601e+00 2.944154488510343764e-03
2.179780016172958135e+00 2.943425164806703822e-03
2.181960886442447567e+00 2.942939590018100668e-03
2.184143938673002605e+00 2.945572814703732896e-03
2.186329175047673878e+00 2.946056484975290678e-03
2.188516597751704484e+00 2.946831637551268306e-03
2.190706208972517111e+00 2.949014417248158569e-03
2.192898010899720695e+00 2.953295235954084708e-03
2.195092005725113538e+00 2.957181029773521021e-03
2.197288195642695285e+00 2.964096895037299749e-03
2.199486582848655836e+00 2.970289835040169045e-03
2.201687169541381994e+00 2.973078402133202264e-03
2.203889957921462806e+00 2.970791577279067834e-03
2.206094950191685111e+00 2.971008761955932619e-03
2.208302148557042432e+00 2.965827992527542232e-03
2.210511555224734526e+00 2.961641968377413080e-03
2.212723172404166938e+00 2.960608327800980794e-03
2.214937002306953673e+00 2.956391679686755283e-03
2.217153047146927847e+00 2.957882908546591479e-03
2.219371309140135029e+00 2.955857943838196937e-03
2.221591790504835906e+00 2.959225312702489560e-03
2.223814493461512498e+00 2.958899144071069388e-03
2.226039420232865051e+00 2.960755009073643557e-03
2.228266573043822252e+00 2.962302081646721926e-03
2.230495954121538116e+00 2.961804854065531144e-03
2.232727565695393768e+00 2.963452929984378668e-03
2.234961409997000992e+00 2.964810477170769492e-03
2.237197489260204897e+00 2.967050924044602710e-03
2.239435805721083028e+00 2.967258657048726152e-03
2.241676361617952473e+00 2.969270282042021231e-03
2.243919159191369861e+00 2.969500572296355188e-03
2.246164200684134915e+00 2.973351576067527827e-03
2.248411488341286901e+00 2.971430519187707314e-03
2.250661024410114397e+00 2.972009564535270376e-03
2.252912811140153959e+00 2.972649844946135579e-03
2.255166850783189680e+00 2.973401759451349113e-03
2.257423145593265623e+00 2.972350677392218178e-03
2.259681697826675162e+00 2.971071830217354541e-03
2.261942509741970753e+00 2.972292808518435005e-03
2.264205583599968374e+00 2.972465866381381223e-03
2.266470921663737315e+00 2.971392098934677942e-03
2.268738526198614380e+00 2.972845311806677701e-03
2.271008399472205674e+00 2.970832230772839713e-03
2.273280543754384819e+00 2.971877850409814122e-03
2.275554961317296954e+00 2.971897157299157460e-03
2.277831654435360065e+00 2.972290575023751533e-03
2.280110625385271206e+00 2.971485183906646260e-03
2.282391876445996282e+00 2.973349432444011287e-03
2.284675409898784704e+00 2.974697674197467924e-03
2.286961228027174720e+00 2.974262175557188664e-03
2.289249333116983198e+00 2.976883835858002217e-03
2.291539727456316289e+00 2.978303704042595344e-03
2.293832413335568976e+00 2.977446104554713757e-03
2.296127393047421972e+00 2.977979235376232783e-03
2.298424668886857702e+00 2.975851917624853116e-03
2.300724243151156312e+00 2.973956392609954785e-03
2.303026118139892109e+00 2.973866280090047432e-03
2.305330296154935787e+00 2.971003433084997390e-03
2.307636779500468638e+00 2.967357540940952516e-03
2.309945570482975441e+00 2.963899142245007313e-03
2.312256671411244913e+00 2.961402903172729879e-03
2.314570084596378141e+00 2.964202036860999478e-03
2.316885812351787255e+00 2.979625610704456258e-03
2.319203856993203861e+00 2.982404270576648024e-03
2.321524220838667496e+00 2.978232195319404675e-03
2.323846906208542507e+00 2.975500518943948423e-03
2.326171915425521153e+00 2.976539243812158231e-03
2.328499250814608956e+00 2.977056145517842194e-03
2.330828914703140686e+00 2.976616263389721129e-03
2.333160909420783025e+00 2.976478435013307777e-03
2.335495237299529681e+00 2.977556719616304172e-03
2.337831900673706720e+00 2.976564808684314077e-03
2.340170901879977006e+00 2.976521422248155045e-03
2.342512243257343751e+00 2.975748465262611706e-03
2.344855927147150965e+00 2.977871804461803152e-03
2.347201955893081671e+00 2.977164679908927795e-03
2.349550331841163242e+00 2.976355574347080285e-03
2.351901057339769618e+00 2.975814765242036641e-03
2.354254134739628412e+00 2.974186755084249657e-03
2.356609566393821797e+00 2.974050411587496508e-03
2.358967354657777626e+00 2.974570701433445347e-03
2.361327501889283642e+00 2.970978560467111510e-03
2.363690010448485701e+00 2.970579598352922433e-03
2.366054882697895767e+00 2.970519465263578990e-03
2.368422121002386582e+00 2.972534534348027398e-03
2.370791727729192999e+00 2.981134310014950210e-03
2.373163705247925304e+00 2.978477027917372615e-03
2.375538055930560777e+00 2.976817089956940859e-03
2.377914782151449469e+00 2.976829384824738328e-03
2.380293886287319527e+00 2.977745811807794123e-03
2.382675370717276309e+00 2.974969328047350620e-03
2.385059237822801048e+00 2.973746867313137310e-03
2.387445489987759739e+00 2.971847574468472041e-03
2.389834129598410239e+00 2.969651449107059069e-03
2.392225159043389393e+00 2.968182595217459287e-03
2.394618580713724132e+00 2.968207848273790236e-03
2.397014397002838582e+00 2.967019040128714147e-03
2.399412610306550508e+00 2.967057798333868138e-03
2.401813223023073984e+00 2.965370669660659115e-03
2.404216237553020274e+00 2.964064529448017307e-03
2.406621656299405387e+00 2.962538195194425964e-03
2.409029481667643413e+00 2.963519262957074480e-03
2.411439716065562955e+00 2.962850240577944230e-03
2.413852361903402688e+00 2.962950067490323445e-03
2.416267421593802922e+00 2.963852477152202625e-03
2.418684897551825586e+00 2.965299863683650439e-03
2.421104792194948896e+00 2.964797886841875896e-03
2.423527107943065584e+00 2.970869229548026968e-03
2.425951847218492219e+00 2.967451923736310823e-03
2.428379012445967433e+00 2.966323365658516363e-03
2.430808606052657250e+00 2.963225943251567018e-03
2.433240630468156418e+00 2.964411040512955099e-03
2.435675088124486631e+00 2.966358364694867723e-03
2.438111981456106747e+00 2.964110742086742585e-03
2.440551312899912340e+00 2.961174737040332856e-03
2.442993084895234812e+00 2.959615681475099951e-03
2.445437299883853832e+00 2.958633898141203346e-03
2.447883960309978679e+00 2.960871533962238910e-03
2.450333068620265564e+00 2.956757946038877406e-03
2.452784627263817629e+00 2.957955928390420923e-03
2.455238638692204489e+00 2.958068276529563466e-03
2.457695105359435583e+00 2.958412838551408540e-03
2.460154029721969948e+00 2.955221161537629256e-03
2.462615414238743750e+00 2.955500236178001429e-03
2.465079261371134756e+00 2.954183465153685084e-03
2.467545573582992535e+00 2.954660393708426983e-03
2.470014353340631796e+00 2.954756114917896602e-03
2.472485603112830166e+00 2.953290957526039269e-03
2.474959325370837071e+00 2.950794069040649573e-03
2.477435522588375516e+00 2.951344525241904500e-03
2.479914197241639418e+00 2.950945211639417753e-03
2.482395351809302930e+00 2.949378449468817096e-03
2.484878988772528885e+00 2.949168323378572459e-03
2.487365110614955910e+00 2.948796600933332665e-03
2.489853719822701983e+00 2.949169996941336525e-03
2.492344818884375535e+00 2.947387600579230976e-03
2.494838410291070119e+00 2.945337097638250478e-03
2.497334496536383064e+00 2.945200777733658105e-03
2.499833080116400819e+00 2.945933990737312474e-03
2.502334163529706945e+00 2.944662744353294948e-03
2.504837749277384784e+00 2.944158575399008059e-03
2.507343839863014345e+00 2.942224354862880628e-03
2.509852437792693625e+00 2.942548881250652872e-03
2.512363545575026169e+00 2.943386808836886449e-03
2.514877165721113972e+00 2.941651433459615411e-03
2.517393300744581008e+00 2.940931859038886827e-03
2.519911953161556806e+00 2.941302192669767099e-03
2.522433125490685768e+00 2.940604070212551359e-03
2.524956820253147161e+00 2.939596362805309282e-03
2.527483039972646228e+00 2.939076653845113136e-03
2.530011787175398652e+00 2.938390111547949622e-03
2.532543064390146537e+00 2.937889870556376071e-03
2.535076874148167292e+00 2.938066861902576682e-03
2.537613218983271413e+00 2.937727718974552857e-03
2.540152101431809584e+00 2.935934916714327998e-03
2.542693524032659802e+00 2.936984611247703617e-03
2.545237489327245139e+00 2.939397108346699511e-03
2.547783999859532411e+00 2.942842441464719582e-03
2.550333058176029954e+00 2.942337003292420754e-03
2.552884666825803173e+00 2.940926149964632683e-03
2.555438828360458547e+00 2.941417278853206575e-03
2.557995545334152077e+00 2.947308781727103234e-03
2.560554820303596824e+00 2.945312948515101375e-03
2.563116655828076684e+00 2.941893593282364321e-03
2.565681054469429956e+00 2.942526490920934976e-03
2.568248018792045784e+00 2.941704679728793931e-03
2.570817551362897468e+00 2.944103633218179278e-03
2.573389654751518485e+00 2.943354607518334273e-03
2.575964331530008256e+00 2.944565102048318263e-03
2.578541584273044585e+00 2.945243672374258000e-03
2.581121415557876553e+00 2.945153798769624930e-03
2.583703827964337840e+00 2.944764933149595677e-03
2.586288824074843617e+00 2.948570684886821485e-03
2.588876406474390546e+00 2.950532840573004932e-03
2.591466577750558553e+00 2.948854972943490849e-03
2.594059340493518384e+00 2.946836910412931228e-03
2.596654697296031600e+00 2.944579693189633852e-03
2.599252650753462568e+00 2.943388472825700375e-03
2.601853203463758923e+00 2.944246288910359367e-03
2.604456358027470220e+00 2.943633967984376001e-03
2.607062117047760808e+00 2.944489736034760705e-03
2.609670483130389851e+00 2.944808318573687977e-03
2.612281458883716656e+00 2.945706468015651166e-03
2.614895046918714883e+00 2.945905906720702391e-03
2.617511249848980981e+00 2.943062268715278089e-03
2.620130070290716873e+00 2.941478183272372513e-03
2.622751510862746382e+00 2.942412246295733960e-03
2.625375574186502803e+00 2.940363777562900009e-03
2.628002262886047546e+00 2.939801104504652027e-03
2.630631579588075031e+00 2.939439277462456944e-03
2.633263526921897135e+00 2.938457723714355159e-03
2.635898107519465849e+00 2.935637618262535407e-03
2.638535324015363503e+00 2.935515803696078958e-03
2.641175179046807653e+00 2.935205202117743307e-03
2.643817675253651078e+00 2.933225174521659085e-03
2.646462815278393332e+00 2.932769064741031981e-03
2.649110601766170969e+00 2.932255083740483229e-03
2.651761037364768647e+00 2.934175664342942441e-03
2.654414124724629342e+00 2.937969386114086361e-03
2.657069866498836586e+00 2.941619787776827630e-03
2.659728265343126452e+00 2.943712373133942385e-03
2.662389323915903550e+00 2.949352596283460679e-03
2.665053044878226807e+00 2.952768626140663769e-03
2.667719430893810806e+00 2.954200490675125239e-03
2.670388484629045323e+00 2.956856434050601778e-03
2.673060208752994438e+00 2.957834282438020351e-03
2.675734605937373445e+00 2.958019420050851840e-03
2.678411678856579048e+00 2.957418642388240544e-03
2.681091430187691138e+00 2.957524659350902439e-03
2.683773862610453698e+00 2.959229317861962298e-03
2.686458978807302778e+00 2.958420258660900658e-03
2.689146781463357616e+00 2.955663137641399447e-03
2.691837273266414865e+00 2.954582594534568146e-03
2.694530456906965021e+00 2.954600236409101431e-03
2.697226335078197312e+00 2.954411545455139058e-03
2.699924910475991258e+00 2.955502287259027371e-03
2.702626185798916225e+00 2.956353101897337896e-03
2.705330163748253192e+00 2.955594287140100949e-03
2.708036847027985861e+00 2.955163264559871206e-03
2.710746238344789560e+00 2.954038094134488375e-03
2.713458340408054781e+00 2.952013992393637612e-03
2.716173155929883176e+00 2.951155335056080548e-03
2.718890687625096891e+00 2.950234909681870125e-03
2.721610938211223907e+00 2.947428637265088556e-03
2.724333910408513137e+00 2.944034819126789722e-03
2.727059606939940650e+00 2.944026311124809704e-03
2.729788030531202114e+00 2.942171134623557029e-03
2.732519183910722571e+00 2.941510554751012533e-03
2.735253069809658211e+00 2.942238595504126711e-03
2.737989690961888822e+00 2.941163663969866178e-03
2.740729050104034226e+00 2.941021687085733621e-03
2.743471149975461376e+00 2.941640446254593748e-03
2.746215993318269266e+00 2.941677670588115599e-03
2.748963582877296030e+00 2.941699284415490601e-03
2.751713921400137153e+00 2.941757672475858558e-03
2.754467011637128149e+00 2.941879167598470367e-03
2.757222856341353445e+00 2.942398180676744114e-03
2.759981458268668142e+00 2.941840530883167541e-03
2.762742820177677583e+00 2.942254478877335405e-03
2.765506944829736025e+00 2.940522620459817306e-03
2.768273834988963955e+00 2.940147040547047216e-03
2.771043493422256532e+00 2.941617476479938507e-03
2.773815922899276032e+00 2.944712892944435778e-03
2.776591126192445191e+00 2.946139966935710716e-03
2.779369106076971185e+00 2.946633060667864547e-03
2.782149865330835858e+00 2.946693929197503024e-03
2.784933406734796613e+00 2.946047276989657154e-03
2.787719733072396178e+00 2.947033006363617910e-03
2.790508847129963499e+00 2.947627918439771257e-03
2.793300751696610629e+00 2.949181117431180603e-03
2.796095449564240720e+00 2.949422920047213917e-03
2.798892943527549360e+00 2.947947745433028913e-03
2.801693236384038332e+00 2.946660152139118395e-03
2.804496330933999637e+00 2.948201067148836091e-03
2.807302229980519481e+00 2.948045574059126456e-03
2.810110936329506703e+00 2.946819269381717281e-03
2.812922452789668348e+00 2.946835348563820248e-03
2.815736782172511887e+00 2.947321498120618680e-03
2.818553927292374528e+00 2.946950687497798104e-03
2.821373890966397902e+00 2.946517097862596125e-03
2.824196676014550711e+00 2.945992280291113811e-03
2.827022285259616297e+00 2.943380667313915712e-03
2.829850721527202406e+00 2.943274746911223039e-03
2.832681987645746524e+00 2.943287524351184160e-03
2.835516086446511874e+00 2.943611531232529811e-03
2.838353020763594525e+00 2.942015548685916661e-03
2.841192793433933605e+00 2.940388127104643593e-03
2.844035407297307749e+00 2.939193138076019469e-03
2.846880865196327104e+00 2.938078962149514792e-03
2.849729169976447540e+00 2.937169389983780403e-03
2.852580324485975538e+00 2.936503504492326416e-03
2.855434331576065077e+00 2.934143290900150924e-03
2.858291194100722521e+00 2.933570450474274997e-03
2.861150914916811061e+00 2.932980121495213158e-03
2.864013496884051602e+00 2.930546094913280379e-03
2.866878942865026314e+00 2.929078674807853149e-03
2.869747255725183521e+00 2.928054282511862241e-03
2.872618438332836366e+00 2.926499130666842738e-03
2.875492493559169027e+00 2.924989713017647763e-03
2.878369424278236277e+00 2.923635292976083447e-03
2.881249233366968809e+00 2.922306662313104916e-03
2.884131923705171907e+00 2.920763818519369302e-03
2.887017498175541874e+00 2.919693228370497107e-03
2.889905959663658042e+00 2.918346146330466889e-03
2.892797311057972998e+00 2.917677144908687077e-03
2.895691555249836124e+00 2.917406873045457101e-03
2.898588695133490045e+00 2.915481386829116631e-03
2.901488733606079062e+00 2.914565574823889914e-03
2.904391673567642052e+00 2.914514921144500080e-03
2.907297517921122676e+00 2.913156288604310667e-03
2.910206269572368054e+00 2.913012114812596476e-03
2.913117931430124763e+00 2.912945637453317679e-03
2.916032506406053049e+00 2.912822944050504678e-03
2.918949997414726827e+00 2.911740815301315077e-03
2.921870407373641676e+00 2.911790317808896859e-03
2.924793739203208620e+00 2.910633446460309838e-03
2.927719995826757238e+00 2.911366590628859490e-03
2.930649180170546320e+00 2.912546786763794970e-03
2.933581295163762093e+00 2.913882094150734535e-03
2.936516343738513779e+00 2.913171261391349527e-03
2.939454328829848251e+00 2.913607770307420630e-03
2.942395253375765130e+00 2.912745158705615060e-03
2.945339120317177706e+00 2.914764246533957555e-03
2.948285932597951575e+00 2.914270533045022239e-03
2.951235693164907747e+00 2.915780006998770681e-03
2.954188404967802217e+00 2.916435000009118348e-03
2.957144070959347282e+00 2.916373411163748763e-03
2.960102694095215980e+00 2.916093506826466022e-03
2.963064277334023888e+00 2.917111105150193250e-03
2.966028823637354872e+00 2.917442836510727132e-03
