8.099554455959743215e-01 2.907573498471449549e-03
8.107658061542900585e-01 2.907582693259875423e-03
8.115769774784792334e-01 2.907589671457354481e-03
8.123889603797121994e-01 2.907589314227795613e-03
8.132017556699727701e-01 2.907575993799140553e-03
8.140153641620563318e-01 2.907548189265095600e-03
8.148297866695717317e-01 2.907502343624558672e-03
8.156450240069411661e-01 2.907436755927985794e-03
8.164610769894029563e-01 2.907350550901140630e-03
8.172779464330105492e-01 2.907241762221735894e-03
8.180956331546322957e-01 2.907112411469986446e-03
8.189141379719558911e-01 2.906966380276999971e-03
8.197334617034857107e-01 2.906807695690591907e-03
8.205536051685444754e-01 2.906639320200393034e-03
8.213745691872769150e-01 2.906463594787204487e-03
8.221963545806487694e-01 2.906283366940095019e-03
8.230189621704429026e-01 2.906101052205990309e-03
8.238423927792670742e-01 2.905918563395753183e-03
8.246666472305524964e-01 2.905736754648813834e-03
8.254917263485536116e-01 2.905556319825056306e-03
8.263176309583500911e-01 2.905378150385040919e-03
8.271443618858455027e-01 2.905202894503116934e-03
8.279719199577725286e-01 2.905031142050461430e-03
8.288003060016881918e-01 2.904862829796207684e-03
8.296295208459781856e-01 2.904699665351717901e-03
8.304595653198585392e-01 2.904543557805563340e-03
8.312904402533747295e-01 2.904421951779519694e-03
8.321221464773999044e-01 2.905797217110082410e-03
8.329546848236402123e-01 2.911951320388030204e-03
8.337880561246344691e-01 2.915192426409883575e-03
8.346222612137542685e-01 2.916375016670259054e-03
8.354573009252049820e-01 2.916984170596019586e-03
8.362931760940265358e-01 2.917842555957870371e-03
8.371298875560944097e-01 2.918637975645702216e-03
8.379674361481189715e-01 2.919334844422112954e-03
8.388058227076495843e-01 2.919452642948338564e-03
8.396450480730722754e-01 2.919462157947912834e-03
8.404851130836130668e-01 2.919400781971794989e-03
8.413260185793379753e-01 2.920817336254559818e-03
8.421677654011512359e-01 2.921813949292135018e-03
8.430103543908002983e-01 2.922531533892362959e-03
8.438537863908742720e-01 2.922680027090039396e-03
8.446980622448042597e-01 2.921252868746204365e-03
8.455431827968671321e-01 2.919903891410428713e-03
8.463891488921824191e-01 2.919885951319557086e-03
8.472359613767166397e-01 2.920749646411589014e-03
8.480836210972833022e-01 2.921279336722537590e-03
8.489321289015407945e-01 2.921335168945001816e-03
8.497814856379983794e-01 2.921033866668713321e-03
8.506316921560135302e-01 2.920987646485218546e-03
8.514827493057913754e-01 2.920784287677704628e-03
8.523346579383890287e-01 2.920989815971245570e-03
8.531874189057161439e-01 2.921175716420191647e-03
8.540410330605319178e-01 2.921215072807316175e-03
8.548955012564523059e-01 2.921549634584848058e-03
8.557508243479458043e-01 2.922005275818207338e-03
8.566070031903338933e-01 2.921901955314912432e-03
8.574640386397960334e-01 2.921606885063321446e-03
8.583219315533672233e-01 2.920756300471272042e-03
8.591806827889413301e-01 2.920216923659324591e-03
8.600402932052715332e-01 2.920262384096580354e-03
8.609007636619676607e-01 2.920761763357412888e-03
8.617620950194990748e-01 2.919563887320837485e-03
8.626242881391973372e-01 2.918718565999166639e-03
8.634873438832556536e-01 2.917917978172974384e-03
8.643512631147296510e-01 2.917382911124317101e-03
8.652160466975378217e-01 2.917617920509716148e-03
8.660816954964636327e-01 2.917832122496900622e-03
8.669482103771571913e-01 2.918970351214342663e-03
8.678155922061336902e-01 2.920277811991927024e-03
8.686838418507756288e-01 2.921110862866600419e-03
8.695529601793322572e-01 2.922064228394515798e-03
8.704229480609205760e-01 2.923202941320972737e-03
8.712938063655277787e-01 2.923805834830076836e-03
8.721655359640141381e-01 2.924197079358246878e-03
8.730381377281095645e-01 2.924630576394426657e-03
8.739116125304161597e-01 2.924569515601744153e-03
8.747859612444087718e-01 2.924210616255458993e-03
8.756611847444361052e-01 2.921902014300353529e-03
8.765372839057208321e-01 2.920500492268157579e-03
8.774142596043608133e-01 2.921046816814807691e-03
8.782921127173328735e-01 2.922767513025333747e-03
8.791708441224919124e-01 2.924415399541042265e-03
8.800504546985693510e-01 2.924278560370477658e-03
8.809309453251749078e-01 2.923216647122864158e-03
8.818123168827982639e-01 2.922115320541609183e-03
8.826945702528108395e-01 2.921753983834256274e-03
8.835777063174676815e-01 2.921959035987641267e-03
8.844617259599056869e-01 2.922879209518906753e-03
8.853466300641437137e-01 2.924557532769067082e-03
8.862324195150838024e-01 2.927191658101228021e-03
8.871190951985163942e-01 2.930871101687419159e-03
8.880066580011191091e-01 2.934192201570513716e-03
8.888951088104538600e-01 2.937838767152041886e-03
8.897844485149719596e-01 2.943440592051070788e-03
8.906746780040118994e-01 2.951150550546914088e-03
8.915657981678065669e-01 2.957026654386297939e-03
8.924578098974739193e-01 2.960159892367759081e-03
8.933507140850214245e-01 2.960782668764073977e-03
8.942445116233572744e-01 2.957493623381915807e-03
8.951392034062801706e-01 2.954252996734444640e-03
8.960347903284814342e-01 2.948734213796765178e-03
8.969312732855473369e-01 2.944970188113795254e-03
8.978286531739603227e-01 2.949594974773857813e-03
8.987269308911014498e-01 2.965527846038732915e-03
8.996261073352495030e-01 2.965237143165161925e-03
9.005261834055795500e-01 2.958695838669893850e-03
9.014271600021682707e-01 2.952413810795366696e-03
9.023290380259918475e-01 2.947773036935989743e-03
9.032318183789278532e-01 2.946824380405322925e-03
9.041355019637584700e-01 2.948137258370633462e-03
9.050400896841658271e-01 2.947326460519487240e-03
9.059455824447376626e-01 2.946663124702213372e-03
9.068519811509679895e-01 2.945440230453969400e-03
9.077592867092548756e-01 2.944183335390232904e-03
9.086675000269045510e-01 2.942292250229620008e-03
9.095766220121302981e-01 2.938900407438444461e-03
9.104866535740545608e-01 2.935841343886525390e-03
9.113975956227070574e-01 2.932944332582689516e-03
9.123094490690316638e-01 2.929349518834798403e-03
9.132222148248820837e-01 2.925261117123124314e-03
9.141358938030226255e-01 2.922312892844846494e-03
9.150504869171317557e-01 2.919361610418299332e-03
9.159659950818033192e-01 2.916121897777482815e-03
9.168824192125480943e-01 2.913246905289391606e-03
9.177997602257875753e-01 2.910495317701527335e-03
9.187180190388626322e-01 2.908186221283338112e-03
9.196371965700328444e-01 2.906355887882514696e-03
9.205572937384781662e-01 2.904532138454611091e-03
9.214783114642939310e-01 2.902864693091980735e-03
9.224002506684964020e-01 2.901009656921205767e-03
9.233231122730257701e-01 2.900101380258997448e-03
9.242468972007444883e-01 2.899661341407092693e-03
9.251716063754391595e-01 2.899264056346971281e-03
9.260972407218166502e-01 2.898689149905210073e-03
9.270238011655114185e-01 2.898233882852758406e-03
9.279512886330849586e-01 2.897992005209974655e-03
9.288797040520245796e-01 2.897678736802620104e-03
9.298090483507445159e-01 2.897385378708263685e-03
9.307393224585915892e-01 2.897160464803662759e-03
9.316705273058381032e-01 2.897022184187638631e-03
9.326026638236895039e-01 2.896871516714913559e-03
9.335357329442838248e-01 2.896793720564694221e-03
9.344697356006889111e-01 2.896832744299285192e-03
9.354046727269068606e-01 2.896837754812273211e-03
9.363405452578753563e-01 2.896825370088052659e-03
9.372773541294663335e-01 2.897030312419742945e-03
9.382151002784899774e-01 2.897376993824256081e-03
9.391537846426917246e-01 2.897964169242575952e-03
9.400934081607547066e-01 2.898263763289871727e-03
9.410339717723049668e-01 2.898224104235713836e-03
9.419754764179059103e-01 2.898154967512103428e-03
9.429179230390614119e-01 2.898553213515750113e-03
9.438613125782181479e-01 2.898633263044927272e-03
9.448056459787667061e-01 2.899286746424916718e-03
9.457509241850403647e-01 2.899978680274797101e-03
9.466971481423157586e-01 2.900754952758292145e-03
9.476443187968174309e-01 2.902163960866982906e-03
9.485924370957175000e-01 2.902738235110171542e-03
9.495415039871341056e-01 2.901856956929715556e-03
9.504915204201344059e-01 2.903985108330825200e-03
9.514424873447341335e-01 2.903758273064099317e-03
9.523944057118994833e-01 2.904314135787046825e-03
9.533472764735499982e-01 2.905273879858249076e-03
9.543011005825563497e-01 2.905810126708761095e-03
9.552558789927436678e-01 2.906281163266860677e-03
9.562116126588898757e-01 2.907912615964765649e-03
9.571683025367276887e-01 2.909661000791089434e-03
9.581259495829482775e-01 2.909152653808791313e-03
9.590845547552002692e-01 2.909896886286786506e-03
9.600441190120854174e-01 2.911761901724793482e-03
9.610046433131675947e-01 2.913296842224338563e-03
9.619661286189739036e-01 2.913486521522016832e-03
9.629285758909905679e-01 2.914836009871467435e-03
9.638919860916628224e-01 2.916173788235394693e-03
9.648563601844011295e-01 2.916193514112153107e-03
9.658216991335795143e-01 2.917054856685634846e-03
9.667880039045362306e-01 2.918125964005247736e-03
9.677552754635757593e-01 2.917767763718916597e-03
9.687235147779708067e-01 2.920321000095438876e-03
9.696927228159630818e-01 2.926158343943847679e-03
9.706629005467596327e-01 2.924407193082007375e-03
9.716340489405361769e-01 2.921216960838711896e-03
9.726061689684449840e-01 2.920469181698124618e-03
9.735792616026035518e-01 2.920791588893691462e-03
9.745533278161038204e-01 2.922109014997607314e-03
9.755283685830130613e-01 2.922371828662235615e-03
9.765043848783711011e-01 2.922722709126216508e-03
9.774813776781959840e-01 2.923873841906903578e-03
9.784593479594798637e-01 2.924566232607353055e-03
9.794382967001936668e-01 2.925670525003596159e-03
9.804182248792859822e-01 2.927048603436666323e-03
9.813991334766843933e-01 2.927850472750313359e-03
9.823810234732978097e-01 2.928980120462716923e-03
9.833638958510170225e-01 2.930309660595673080e-03
9.843477515927149257e-01 2.931510195358251296e-03
9.853325916822468500e-01 2.933003581161465739e-03
9.863184171044501181e-01 2.934686400062047878e-03
9.873052288451531489e-01 2.935982795621067468e-03
9.882930278911683519e-01 2.936105579804860859e-03
9.892818152302930157e-01 2.936112512966599156e-03
9.902715918513149695e-01 2.933635816911369255e-03
9.912623587440111406e-01 2.931297227467937090e-03
9.922541168991476646e-01 2.931918183612259882e-03
9.932468673084843269e-01 2.934911310676181512e-03
9.942406109647716761e-01 2.939847110815342352e-03
9.952353488617531330e-01 2.947344600680882817e-03
9.962310819941662121e-01 2.944850177128717234e-03
9.972278113577441871e-01 2.937190049223743684e-03
9.982255379492167569e-01 2.934746297237166533e-03
9.992242627663093790e-01 2.935658903711911138e-03
1.000223986807747600e+00 2.936573786841378125e-03
1.001224711073256834e+00 2.937149806953048663e-03
1.002226436563560474e+00 2.937905149361583635e-03
1.003229164280384333e+00 2.938787185254701766e-03
1.004232895226455646e+00 2.939940054914646876e-03
1.005237630405505511e+00 2.941493957854836999e-03
1.006243370822270000e+00 2.942844445578719770e-03
1.007250117482488161e+00 2.942893589880853176e-03
1.008257871392907346e+00 2.942305116141743452e-03
1.009266633561284321e+00 2.940080339018771687e-03
1.010276404996379940e+00 2.936569391884203024e-03
1.011287186707962471e+00 2.934322455182152446e-03
1.012298979706815372e+00 2.933172870605529458e-03
1.013311785004731513e+00 2.936396875205962795e-03
1.014325603614517401e+00 2.942027295775194104e-03
1.015340436549991621e+00 2.941306690907282643e-03
1.016356284825987721e+00 2.937813534409834584e-03
1.017373149458352000e+00 2.936264629558365570e-03
1.018391031463949936e+00 2.937178433894101996e-03
1.019409931860664198e+00 2.938354802121190875e-03
1.020429851667395971e+00 2.936829611976089771e-03
1.021450791904064959e+00 2.936623961781259420e-03
1.022472753591610495e+00 2.937763061312606821e-03
1.023495737751995538e+00 2.937838545343224913e-03
1.024519745408203342e+00 2.938554728120690816e-03
1.025544777584241007e+00 2.940162142636798277e-03
1.026570835305141705e+00 2.940266007246057460e-03
1.027597919596963782e+00 2.940025123125766717e-03
1.028626031486790104e+00 2.939114169625745791e-03
1.029655172002734043e+00 2.937518659493626016e-03
1.030685342173935926e+00 2.935382411164779142e-03
1.031716543030566147e+00 2.933570819170548596e-03
1.032748775603824720e+00 2.931111886647554555e-03
1.033782040925944834e+00 2.929334339844240874e-03
1.034816340030192627e+00 2.927544594359245654e-03
1.035851673950866303e+00 2.925887772856708164e-03
1.036888043723299679e+00 2.924183021318668089e-03
1.037925450383862858e+00 2.922113135339390357e-03
1.038963894969963331e+00 2.920218509450600661e-03
1.040003378520046207e+00 2.918815085060381866e-03
1.041043902073592431e+00 2.916684934060205601e-03
1.042085466671125449e+00 2.915206847559390340e-03
1.043128073354212981e+00 2.914241670102554315e-03
1.044171723165462140e+00 2.912388827392369591e-03
1.045216417148520982e+00 2.911181832399134094e-03
1.046262156348083616e+00 2.909547959898608691e-03
1.047308941809890870e+00 2.908495470073668016e-03
1.048356774580727402e+00 2.907158548150660243e-03
1.049405655708424367e+00 2.906314741846772066e-03
1.050455586241864525e+00 2.905294985088946284e-03
1.051506567230979794e+00 2.904417108484578375e-03
1.052558599726749256e+00 2.903564504040012824e-03
1.053611684781205371e+00 2.902965323426189015e-03
1.054665823447434869e+00 2.902462221528945979e-03
1.055721016779575638e+00 2.902118494994669357e-03
1.056777265832821389e+00 2.901825959401456954e-03
1.057834571663421430e+00 2.901913334928268168e-03
1.058892935328680673e+00 2.901543376049300991e-03
1.059952357886963181e+00 2.901493284533570964e-03
1.061012840397692836e+00 2.901467160961891407e-03
1.062074383921351339e+00 2.901627153572785070e-03
1.063136989519481546e+00 2.902248786932644115e-03
1.064200658254688792e+00 2.903140708873206462e-03
1.065265391190642452e+00 2.903418095095771593e-03
1.066331189392076162e+00 2.903427458059602059e-03
1.067398053924788259e+00 2.902957589886360958e-03
1.068465985855643563e+00 2.902383722923455173e-03
1.069534986252574260e+00 2.901792627982790161e-03
1.070605056184579462e+00 2.901349015485027005e-03
1.071676196721730756e+00 2.901178869994910665e-03
1.072748408935168429e+00 2.900982902057309791e-03
1.073821693897103469e+00 2.901013580176375287e-03
1.074896052680821112e+00 2.901045001115816306e-03
1.075971486360680407e+00 2.901240665158465876e-03
1.077047996012116871e+00 2.901282449681176229e-03
1.078125582711639385e+00 2.901438118709697127e-03
1.079204247536833972e+00 2.901393464951720295e-03
1.080283991566367119e+00 2.901451352316347307e-03
1.081364815879982011e+00 2.901796883561973042e-03
1.082446721558502079e+00 2.902302776815047884e-03
1.083529709683832998e+00 2.902624517236771125e-03
1.084613781338964023e+00 2.903188815884243969e-03
1.085698937607967762e+00 2.904140916507323093e-03
1.086785179575999072e+00 2.905069060404549559e-03
1.087872508329299936e+00 2.906544800407476897e-03
1.088960924955200360e+00 2.908660778857360962e-03
1.090050430542115478e+00 2.910436856871781615e-03
1.091141026179552442e+00 2.912304612441724613e-03
1.092232712958106200e+00 2.914105822481245604e-03
1.093325491969463270e+00 2.915416986169579259e-03
1.094419364306403519e+00 2.916446415710982620e-03
1.095514331062799718e+00 2.916989743577327356e-03
1.096610393333617983e+00 2.916712603779731197e-03
1.097707552214920890e+00 2.916742423552340282e-03
1.098805808803868134e+00 2.916938131695718563e-03
1.099905164198715202e+00 2.916118404891937348e-03
1.101005619498818477e+00 2.913054555758261450e-03
1.102107175804632577e+00 2.912718251050733058e-03
1.103209834217713237e+00 2.913662041196053969e-03
1.104313595840720197e+00 2.915167330021616564e-03
1.105418461777413652e+00 2.917484644062750751e-03
1.106524433132661356e+00 2.921911461315399201e-03
1.107631511012435288e+00 2.919505061799207001e-03
1.108739696523812546e+00 2.923158930478674065e-03
1.109848990774979782e+00 2.923940956725172048e-03
1.110959394875229211e+00 2.923268033142762973e-03
1.112070909934964602e+00 2.924666182211632746e-03
1.113183537065703277e+00 2.927611577144569217e-03
1.114297277380072559e+00 2.930317793536771874e-03
1.115412131991812217e+00 2.932926191252901299e-03
1.116528102015776458e+00 2.934689644851595607e-03
1.117645188567933490e+00 2.937708480912771657e-03
1.118763392765371512e+00 2.939675658826615325e-03
1.119882715726297162e+00 2.942167198253683742e-03
1.121003158570033076e+00 2.944101153340246933e-03
1.122124722417020326e+00 2.946798029547484290e-03
1.123247408388822866e+00 2.949223386922474478e-03
1.124371217608127527e+00 2.948943840542398147e-03
1.125496151198744688e+00 2.950301311066923313e-03
1.126622210285607384e+00 2.952563014962779342e-03
1.127749395994771975e+00 2.952420136056514450e-03
1.128877709453426359e+00 2.945130969412379160e-03
1.130007151789885311e+00 2.943463582678382002e-03
1.131137724133588929e+00 2.940504066672074146e-03
1.132269427615111068e+00 2.937065356153948769e-03
1.133402263366155127e+00 2.936898466301620866e-03
1.134536232519556265e+00 2.946025699685030953e-03
1.135671336209286064e+00 2.953550621524132606e-03
1.136807575570448314e+00 2.957995256468331103e-03
1.137944951739279231e+00 2.951892287452782294e-03
1.139083465853155674e+00 2.944895224018318977e-03
1.140223119050594480e+00 2.941381197307217730e-03
1.141363912471246245e+00 2.942357621001752237e-03
1.142505847255904872e+00 2.942795348609511703e-03
1.143648924546506684e+00 2.943223775349005505e-03
1.144793145486128871e+00 2.943397996713739261e-03
1.145938511218992373e+00 2.942788093808312248e-03
1.147085022890461214e+00 2.941385996005611240e-03
1.148232681647048281e+00 2.942505778728859381e-03
1.149381488636412874e+00 2.943170167128101450e-03
1.150531445007361153e+00 2.943959292551753988e-03
1.151682551909849916e+00 2.946294460242041436e-03
1.152834810494985263e+00 2.947779055200828481e-03
1.153988221915028811e+00 2.949882292348562050e-03
1.155142787323389930e+00 2.953827321105072668e-03
1.156298507874635062e+00 2.958496826238037752e-03
1.157455384724486835e+00 2.961045306774993686e-03
1.158613419029816960e+00 2.963242648546443592e-03
1.159772611948661325e+00 2.964349171259363265e-03
1.160932964640214893e+00 2.963704488252825921e-03
1.162094478264829478e+00 2.961791076736781068e-03
1.163257153984020631e+00 2.958750398545016442e-03
1.164420992960464529e+00 2.955193891564724881e-03
1.165585996357997089e+00 2.954169178336763738e-03
1.166752165341621739e+00 2.951847946678002547e-03
1.167919501077509192e+00 2.951151549033416768e-03
1.169088004732994568e+00 2.954519955288738807e-03
1.170257677476581604e+00 2.958628955752045254e-03
1.171428520477943325e+00 2.968255624365483299e-03
1.172600534907923375e+00 2.977951452137759473e-03
1.173773721938536241e+00 2.975830862391544082e-03
1.174948082742969024e+00 2.966578176139939970e-03
1.176123618495583001e+00 2.958751361801962004e-03
1.177300330371911397e+00 2.954117773392991170e-03
1.178478219548668493e+00 2.954119037497381344e-03
1.179657287203744964e+00 2.953850836174477801e-03
1.180837534516205212e+00 2.953920035771775802e-03
1.182018962666298245e+00 2.953842285121833187e-03
1.183201572835452797e+00 2.955044852316066235e-03
1.184385366206279766e+00 2.954952222026479940e-03
1.185570343962571549e+00 2.953996489046449136e-03
1.186756507289305596e+00 2.955225683421878243e-03
1.187943857372644185e+00 2.953083475661826777e-03
1.189132395399938202e+00 2.950857083562806720e-03
1.190322122559727358e+00 2.949987366627216268e-03
1.191513040041739746e+00 2.947630833774865251e-03
1.192705149036892065e+00 2.945421509395788288e-03
1.193898450737292283e+00 2.943432393449386952e-03
1.195092946336242523e+00 2.941287731186276351e-03
1.196288637028239288e+00 2.939365817436097750e-03
1.197485524008971902e+00 2.936857021896704684e-03
1.198683608475328288e+00 2.934372084431345791e-03
1.199882891625392523e+00 2.931578436191972087e-03
1.201083374658448388e+00 2.929856532000920527e-03
1.202285058774978488e+00 2.929169442481946179e-03
1.203487945176667351e+00 2.928483624445415903e-03
1.204692035066401878e+00 2.927008556312342153e-03
1.205897329648271787e+00 2.925839719124592730e-03
1.207103830127570721e+00 2.924332816886109077e-03
1.208311537710799799e+00 2.922229255735246493e-03
1.209520453605668511e+00 2.920665761272949867e-03
1.210730579021092268e+00 2.919511264807063498e-03
1.211941915167195072e+00 2.916872777991931769e-03
1.213154463255313065e+00 2.916282836383323352e-03
1.214368224497995641e+00 2.915766317113848392e-03
1.215583200109004336e+00 2.914638320859285966e-03
1.216799391303313715e+00 2.914770265736644616e-03
1.218016799297116037e+00 2.913520808398235244e-03
1.219235425307820142e+00 2.912463552103795525e-03
1.220455270554050786e+00 2.911372604935892790e-03
1.221676336255654416e+00 2.911001095186170444e-03
1.222898623633697612e+00 2.910776059245255738e-03
1.224122133910464649e+00 2.911222383032181695e-03
1.225346868309468595e+00 2.910546920702865477e-03
1.226572828055445985e+00 2.909985548281200304e-03
1.227800014374351933e+00 2.909070469429888336e-03
1.229028428493374347e+00 2.908530667290738607e-03
1.230258071640927708e+00 2.908979374064671504e-03
1.231488945046652184e+00 2.907175395737852767e-03
1.232721049941425173e+00 2.905471812178656108e-03
1.233954387557350874e+00 2.905138427230547632e-03
1.235188959127763386e+00 2.905272168190711334e-03
1.236424765887237598e+00 2.904338330966347009e-03
1.237661809071581853e+00 2.902964994641033230e-03
1.238900089917839509e+00 2.902486223452805866e-03
1.240139609664291376e+00 2.903000596976352665e-03
1.241380369550453722e+00 2.902566884966443963e-03
1.242622370817087374e+00 2.901148061582872143e-03
1.243865614706197942e+00 2.900415189443148172e-03
1.245110102461026935e+00 2.900118272965634177e-03
1.246355835326061534e+00 2.899136212791273825e-03
1.247602814547033478e+00 2.898500112601374874e-03
1.248851041370924841e+00 2.897666728070794756e-03
1.250100517045962700e+00 2.896940899357054299e-03
1.251351242821620691e+00 2.896731868117999407e-03
1.252603219948625890e+00 2.895404825849608177e-03
1.253856449678957707e+00 2.895111560886205228e-03
1.255110933265842998e+00 2.894921959729559232e-03
1.256366671963763171e+00 2.894361316852217016e-03
1.257623667028460623e+00 2.893309947184535824e-03
1.258881919716930087e+00 2.891146862841629563e-03
1.260141431287421954e+00 2.889936588376165131e-03
1.261402202999453381e+00 2.889219702363967929e-03
1.262664236113794747e+00 2.887949218271441618e-03
1.263927531892475642e+00 2.886968515016608526e-03
1.265192091598793755e+00 2.886279572185419980e-03
1.266457916497307101e+00 2.886066263011200124e-03
1.267725007853840458e+00 2.885507485701712185e-03
1.268993366935489364e+00 2.884677194343825309e-03
1.270262995010613016e+00 2.884237538734231270e-03
1.271533893348834932e+00 2.884170057691364409e-03
1.272806063221056050e+00 2.883732340512894753e-03
1.274079505899448517e+00 2.883446387695665514e-03
1.275354222657453018e+00 2.883395032673524011e-03
1.276630214769785443e+00 2.883995822922900704e-03
1.277907483512440212e+00 2.884040619417049811e-03
1.279186030162684506e+00 2.884710219269628461e-03
1.280465855999067148e+00 2.885191675001122329e-03
1.281746962301411275e+00 2.885664138663652199e-03
1.283029350350822995e+00 2.887119795154659187e-03
1.284313021429691171e+00 2.888290181832796170e-03
1.285597976821686306e+00 2.889022425730735592e-03
1.286884217811765874e+00 2.889789097574049347e-03
1.288171745686169212e+00 2.892247554857791791e-03
1.289460561732425514e+00 2.894170056500998921e-03
1.290750667239352723e+00 2.895712913340232376e-03
1.292042063497055082e+00 2.898234469957693387e-03
1.293334751796928028e+00 2.899310929678834779e-03
1.294628733431660184e+00 2.900338866044910834e-03
1.295924009695232693e+00 2.899680523819847273e-03
1.297220581882923440e+00 2.901160879386055578e-03
1.298518451291303943e+00 2.901518542146309249e-03
1.299817619218243570e+00 2.902996814249535554e-03
1.301118086962911757e+00 2.904358170394835074e-03
1.302419855825775574e+00 2.905681206455787164e-03
1.303722927108603713e+00 2.904975614553508088e-03
1.305027302114467824e+00 2.905340539160352394e-03
1.306332982147742738e+00 2.907483004176151815e-03
1.307639968514106243e+00 2.909177134544079640e-03
1.308948262520545081e+00 2.909928593460741481e-03
1.310257865475357386e+00 2.909039861075603597e-03
1.311568778688145365e+00 2.912216527197585524e-03
1.312881003469822394e+00 2.915827650119492270e-03
1.314194541132613248e+00 2.915915970064541975e-03
1.315509392990052095e+00 2.914038619591895456e-03
1.316825560356992275e+00 2.918502621170864647e-03
1.318143044549605181e+00 2.917984572658717957e-03
1.319461846885372491e+00 2.914853633812960684e-03
1.320781968683094609e+00 2.919620931288299456e-03
1.322103411262894657e+00 2.917686500770360573e-03
1.323426175946215588e+00 2.915629843878363332e-03
1.324750264055823967e+00 2.913695989384867437e-03
1.326075676915806634e+00 2.913489829249930017e-03
1.327402415851577810e+00 2.920727692662103154e-03
1.328730482189877105e+00 2.930864599755470153e-03
1.330059877258766621e+00 2.933229163948655304e-03
1.331390602387644506e+00 2.946740706209426651e-03
1.332722658907238511e+00 2.940054390434260981e-03
1.334056048149601548e+00 2.934308986576597816e-03
1.335390771448121905e+00 2.933314755701152063e-03
1.336726830137523470e+00 2.933808880134092332e-03
1.338064225553867281e+00 2.932289504768093025e-03
1.339402959034549756e+00 2.935375902012534594e-03
1.340743031918303130e+00 2.937946529521009379e-03
1.342084445545197235e+00 2.940139937393956328e-03
1.343427201256649495e+00 2.939173111911581784e-03
1.344771300395417146e+00 2.941222034088148817e-03
1.346116744305594359e+00 2.942795607645300616e-03
1.347463534332628665e+00 2.942633395918084829e-03
1.348811671823311853e+00 2.943534185509626578e-03
1.350161158125778860e+00 2.944464396400120563e-03
1.351511994589517540e+00 2.946203871387069375e-03
1.352864182565362894e+00 2.946566534435903374e-03
1.354217723405502616e+00 2.944452670093666933e-03
1.355572618463477541e+00 2.945504528877426493e-03
1.356928869094182311e+00 2.950177226128324406e-03
1.358286476653869368e+00 2.957075226124824142e-03
1.359645442500145185e+00 2.958213382655443258e-03
1.361005767991978699e+00 2.956388765275815272e-03
1.362367454489693541e+00 2.954422914219821325e-03
1.363730503354976253e+00 2.946329988083232123e-03
1.365094915950876286e+00 2.941515614513069352e-03
1.366460693641805557e+00 2.945317101231555938e-03
1.367827837793544221e+00 2.946077703890056555e-03
1.369196349773232901e+00 2.946079206825477203e-03
1.370566230949384456e+00 2.951852498458488495e-03
1.371937482691882648e+00 2.954745665211493469e-03
1.373310106371978812e+00 2.956272147831060133e-03
1.374684103362296073e+00 2.955281829260135527e-03
1.376059475036832236e+00 2.955800928442492773e-03
1.377436222770957119e+00 2.957087109230153738e-03
1.378814347941416329e+00 2.959475339865733686e-03
1.380193851926337034e+00 2.959964034733750856e-03
1.381574736105227075e+00 2.959938531861623385e-03
1.382957001858968082e+00 2.958639425284105128e-03
1.384340650569826359e+00 2.959878012697198316e-03
1.385725683621453097e+00 2.960571470853179312e-03
1.387112102398877056e+00 2.959667667617095748e-03
1.388499908288514106e+00 2.956649294202804042e-03
1.389889102678176336e+00 2.956853184901806712e-03
1.391279686957059170e+00 2.957534089902979536e-03
1.392671662515744480e+00 2.959573836954995391e-03
1.394065030746209910e+00 2.960811236314339016e-03
1.395459793041823549e+00 2.961933791153394460e-03
1.396855950797346368e+00 2.963754703142855874e-03
1.398253505408935560e+00 2.965960941488504470e-03
1.399652458274146971e+00 2.962213769346654091e-03
1.401052810791931336e+00 2.961222431131134598e-03
1.402454564362640488e+00 2.957791454365370828e-03
1.403857720388033359e+00 2.957945970872408528e-03
1.405262280271267539e+00 2.957216353377373728e-03
1.406668245416895724e+00 2.957898391688001082e-03
1.408075617230885701e+00 2.957146776223819936e-03
1.409484397120611021e+00 2.955965152666421240e-03
1.410894586494849667e+00 2.952883698571101469e-03
1.412306186763792493e+00 2.952081103841635440e-03
1.413719199339038557e+00 2.952606208661790084e-03
1.415133625633601788e+00 2.952642758916617597e-03
1.416549467061908762e+00 2.953007687543710881e-03
1.417966725039802256e+00 2.953633095044054871e-03
1.419385400984539025e+00 2.951863832881612953e-03
1.420805496314794913e+00 2.952716311234993268e-03
1.422227012450665296e+00 2.951863464963530234e-03
1.423649950813663079e+00 2.950645053749362170e-03
1.425074312826731360e+00 2.948017097625996088e-03
1.426500099914232100e+00 2.946685509605527584e-03
1.427927313501950124e+00 2.947086908587465050e-03
1.429355955017101332e+00 2.944505584675462164e-03
1.430786025888328483e+00 2.944210918078626633e-03
1.432217527545700975e+00 2.941837762959613554e-03
1.433650461420720168e+00 2.939400765109618022e-03
1.435084828946318947e+00 2.937544644840282566e-03
1.436520631556862826e+00 2.937378694577151041e-03
1.437957870688159057e+00 2.937977677330094826e-03
1.439396547777445301e+00 2.938974566492760700e-03
1.440836664263399847e+00 2.939533309645754166e-03
1.442278221586138942e+00 2.937374973041551388e-03
1.443721221187219905e+00 2.933707626453717701e-03
1.445165664509644454e+00 2.932283266065607852e-03
1.446611552997854488e+00 2.932697117952033725e-03
1.448058888097737640e+00 2.930656409559924402e-03
1.449507671256628161e+00 2.930622304891110537e-03
1.450957903923310921e+00 2.930597213019497070e-03
1.452409587548018299e+00 2.930413105137520419e-03
1.453862723582431071e+00 2.929015804428287961e-03
1.455317313479687957e+00 2.927406595248188432e-03
1.456773358694377629e+00 2.924898629873651061e-03
1.458230860682547148e+00 2.923518365183653666e-03
1.459689820901702628e+00 2.921871162683116474e-03
1.461150240810803247e+00 2.921954976613665416e-03
1.462612121870266346e+00 2.919670203696566636e-03
1.464075465541970544e+00 2.921580359292740101e-03
1.465540273289261508e+00 2.922484191789117072e-03
1.467006546576947734e+00 2.919812632174504079e-03
1.468474286871301882e+00 2.918442736196118648e-03
1.469943495640066322e+00 2.915828270349986838e-03
1.471414174352450921e+00 2.918335388821787901e-03
1.472886324479134590e+00 2.921345882712885530e-03
1.474359947492264622e+00 2.917927343967780321e-03
1.475835044865461132e+00 2.913448529604853801e-03
1.477311618073823940e+00 2.908617686909633401e-03
1.478789668593927464e+00 2.907560863114271466e-03
1.480269197903824496e+00 2.905669752906950808e-03
1.481750207483043980e+00 2.903301921262884180e-03
1.483232698812595229e+00 2.903822813835936489e-03
1.484716673374970375e+00 2.901673828360979649e-03
1.486202132654143915e+00 2.898418092384018232e-03
1.487689078135571830e+00 2.896859298480962061e-03
1.489177511306200907e+00 2.896748970323487129e-03
1.490667433654462082e+00 2.895945285676898833e-03
1.492158846670277539e+00 2.898828172485395753e-03
1.493651751845064934e+00 2.895135537036058922e-03
1.495146150671732066e+00 2.892520194992392879e-03
1.496642044644675762e+00 2.890037519316825902e-03
1.498139435259789654e+00 2.887620876189747957e-03
1.499638324014464175e+00 2.889692292092838760e-03
1.501138712407587894e+00 2.892681507156442088e-03
1.502640601939549292e+00 2.892301145886151149e-03
1.504143994112236538e+00 2.889470689299642424e-03
1.505648890429041931e+00 2.888539058706705593e-03
1.507155292394863233e+00 2.886464782643748030e-03
1.508663201516102337e+00 2.883626785145225122e-03
1.510172619300667263e+00 2.879951792019668118e-03
1.511683547257977489e+00 2.879594136439391546e-03
1.513195986898960399e+00 2.878625258402179969e-03
1.514709939736056388e+00 2.876267614786094922e-03
1.516225407283221971e+00 2.874331724633851122e-03
1.517742391055919793e+00 2.873254132259169327e-03
1.519260892571135058e+00 2.873967571774673022e-03
1.520780913347369978e+00 2.871145818856419164e-03
1.522302454904641111e+00 2.869645630811533746e-03
1.523825518764496234e+00 2.870132842844256692e-03
1.525350106449998355e+00 2.870725820087455162e-03
1.526876219485730601e+00 2.869110228623869639e-03
1.528403859397809539e+00 2.867938081233386768e-03
1.529933027713875626e+00 2.868661294464847251e-03
1.531463725963096323e+00 2.868539291326759836e-03
1.532995955676171640e+00 2.869708092094402311e-03
1.534529718385328367e+00 2.868865987461832745e-03
1.536065015624331398e+00 2.867175527847991030e-03
1.537601848928477732e+00 2.867422536954847018e-03
1.539140219834601586e+00 2.867492666475918855e-03
1.540680129881076166e+00 2.867069187508672519e-03
1.542221580607809006e+00 2.862945664660921340e-03
1.543764573556249298e+00 2.860697250005196385e-03
1.545309110269391661e+00 2.862271497437813162e-03
1.546855192291775483e+00 2.864793822738895702e-03
1.548402821169480026e+00 2.861687038157006979e-03
1.549951998450135093e+00 2.860932312810369246e-03
1.551502725682915251e+00 2.872743545008277308e-03
1.553055004418552043e+00 2.879689705799594063e-03
1.554608836209321776e+00 2.880082629106946179e-03
1.556164222609055736e+00 2.881048582438568498e-03
1.557721165173142852e+00 2.875108802151401643e-03
1.559279665458526809e+00 2.878038165748336794e-03
1.560839725023707159e+00 2.882526345841071765e-03
1.562401345428738431e+00 2.880561721505798915e-03
1.563964528235243456e+00 2.878215568592747478e-03
1.565529275006407373e+00 2.873115948375885072e-03
1.567095587306978954e+00 2.875662151674668668e-03
1.568663466703268616e+00 2.876329683267709724e-03
1.570232914763154186e+00 2.878013697473534235e-03
1.571803933056086233e+00 2.877362768248570291e-03
1.573376523153083406e+00 2.874349832425678736e-03
1.574950686626736207e+00 2.871954016182105916e-03
1.576526425051205660e+00 2.870945743932306997e-03
1.578103740002232414e+00 2.870409630023678608e-03
1.579682633057129193e+00 2.868432582730113482e-03
1.581263105794789903e+00 2.868250888556431264e-03
1.582845159795690959e+00 2.863940506034009983e-03
1.584428796641883297e+00 2.860734325935248602e-03
1.586014017917000585e+00 2.860647996368813860e-03
1.587600825206265887e+00 2.858453829762186860e-03
1.589189220096486999e+00 2.858269162695218496e-03
1.590779204176061778e+00 2.859751445485730122e-03
1.592370779034972816e+00 2.859833805827851488e-03
1.593963946264796538e+00 2.860381099973383252e-03
1.595558707458699654e+00 2.862644327501627506e-03
1.597155064211443820e+00 2.866650383072202966e-03
1.598753018119386970e+00 2.869929990019914803e-03
1.600352570780481987e+00 2.874541981544106398e-03
1.601953723794279805e+00 2.875694855563834008e-03
1.603556478761936521e+00 2.879190096098764584e-03
1.605160837286207842e+00 2.879759491407243854e-03
1.606766800971446418e+00 2.883400106761827182e-03
1.608374371423619609e+00 2.885950014291739640e-03
1.609983550250299711e+00 2.889331618716335735e-03
1.611594339060662628e+00 2.893751393576283505e-03
1.613206739465496975e+00 2.894349663710578304e-03
1.614820753077206072e+00 2.899983677974781859e-03
1.616436381509801290e+00 2.899330263310897701e-03
1.618053626378912035e+00 2.904027279347706422e-03
1.619672489301787088e+00 2.908828196802885641e-03
1.621292971897287050e+00 2.912335153165375619e-03
1.622915075785891670e+00 2.913910412474058839e-03
1.624538802589707176e+00 2.912092898720098147e-03
1.626164153932458944e+00 2.919089393475637634e-03
1.627791131439499495e+00 2.923715425467239906e-03
1.629419736737808710e+00 2.917461878638194419e-03
1.631049971455992953e+00 2.921554558293583057e-03
1.632681837224285060e+00 2.923691502621399325e-03
1.634315335674550784e+00 2.917620784131661187e-03
1.635950468440285910e+00 2.918641101100114855e-03
1.637587237156621134e+00 2.914867721384709585e-03
1.639225643460328952e+00 2.912957344121211000e-03
1.640865688989819882e+00 2.915470521008438950e-03
1.642507375385137580e+00 2.914796794693985844e-03
1.644150704287967502e+00 2.915598825828685098e-03
1.645795677341638452e+00 2.922594630807128901e-03
1.647442296191123257e+00 2.927602304795237295e-03
1.649090562483041200e+00 2.933308229430075988e-03
1.650740477865659139e+00 2.926366437618642836e-03
1.652392043988892389e+00 2.910560880906469701e-03
1.654045262504306946e+00 2.914288759480295615e-03
1.655700135065121037e+00 2.929779240734500020e-03
1.657356663326206681e+00 2.924798769092977393e-03
1.659014848944093901e+00 2.915686113893908426e-03
1.660674693576969618e+00 2.907903627520484671e-03
1.662336198884679206e+00 2.908910901670867973e-03
1.663999366528727597e+00 2.913503992435830577e-03
1.665664198172280175e+00 2.937748567617065338e-03
1.667330695480168323e+00 2.944020866646540006e-03
1.668998860118890315e+00 2.941343671682922298e-03
1.670668693756610423e+00 2.928635725177551434e-03
1.672340198063163363e+00 2.928126239632675328e-03
1.674013374710054736e+00 2.925806008876287705e-03
1.675688225370461693e+00 2.921508994480746194e-03
1.677364751719235381e+00 2.924131890452317736e-03
1.679042955432901163e+00 2.921637303676171814e-03
1.680722838189662172e+00 2.925883968935345802e-03
1.682404401669400640e+00 2.920951960887310447e-03
1.684087647553678346e+00 2.924498293697259423e-03
1.685772577525743277e+00 2.923992281082818303e-03
1.687459193270526736e+00 2.923999027384109779e-03
1.689147496474642685e+00 2.924522012920065771e-03
1.690837488826394841e+00 2.927243681182390388e-03
1.692529172015778904e+00 2.930770998802094927e-03
1.694222547734476558e+00 2.934533401525442689e-03
1.695917617675862132e+00 2.934965796908333910e-03
1.697614383535007043e+00 2.939284438199241990e-03
1.699312847008676020e+00 2.943222868791050932e-03
1.701013009795334652e+00 2.946379100561472182e-03
1.702714873595143619e+00 2.947649505338364138e-03
1.704418440109970900e+00 2.943489580822290091e-03
1.706123711043382896e+00 2.941245574699010053e-03
1.707830688100642424e+00 2.937619802728033604e-03
1.709539372988733374e+00 2.937129205605826330e-03
1.711249767416338718e+00 2.944773196645671023e-03
1.712961873093852061e+00 2.945193816833104224e-03
1.714675691733381635e+00 2.939834057361406534e-03
1.716391225048744973e+00 2.925537021892469364e-03
1.718108474755477122e+00 2.923043565660183793e-03
1.719827442570826870e+00 2.922478096024303147e-03
1.721548130213762073e+00 2.926682555463629414e-03
1.723270539404973212e+00 2.932462539582117965e-03
1.724994671866867391e+00 2.933582548448255677e-03
1.726720529323575670e+00 2.939558242318648321e-03
1.728448113500954619e+00 2.944635585726518637e-03
1.730177426126591422e+00 2.940985941133215324e-03
1.731908468929799882e+00 2.939170809049057413e-03
1.733641243641623975e+00 2.938299325545877267e-03
1.735375751994837401e+00 2.934925319807019095e-03
1.737111995723943592e+00 2.931970516954197220e-03
1.738849976565191469e+00 2.930978392287446332e-03
1.740589696256562569e+00 2.928567078766928719e-03
1.742331156537773262e+00 2.925679679750943073e-03
1.744074359150284748e+00 2.924531890972366811e-03
1.745819305837302604e+00 2.921657228602696915e-03
1.747565998343771909e+00 2.923478970828139855e-03
1.749314438416384787e+00 2.922956391405068938e-03
1.751064627803578855e+00 2.920008141589743814e-03
1.752816568255545659e+00 2.921137448403559808e-03
1.754570261524226682e+00 2.924753043809005890e-03
1.756325709363313337e+00 2.922306460540666749e-03
1.758082913528259406e+00 2.924531111683407059e-03
1.759841875776264164e+00 2.924988488562188862e-03
1.761602597866290143e+00 2.923105844559874354e-03
1.763365081559061576e+00 2.924425407477456319e-03
1.765129328617062621e+00 2.925658100471724941e-03
1.766895340804538028e+00 2.924064102151145272e-03
1.768663119887500246e+00 2.924152558457863028e-03
1.770432667633730528e+00 2.929473860783865340e-03
1.772203985812774718e+00 2.934355975460745634e-03
1.773977076195953018e+00 2.937178617217811073e-03
1.775751940556356212e+00 2.928289263532724007e-03
1.777528580668849223e+00 2.919034037322498429e-03
1.779306998310069110e+00 2.910320526888914971e-03
1.781087195258436395e+00 2.911661223669642987e-03
1.782869173294147958e+00 2.917638653638626040e-03
1.784652934199179475e+00 2.926270378734596115e-03
1.786438479757295417e+00 2.927450109567426590e-03
1.788225811754038830e+00 2.929703073909221706e-03
1.790014931976740220e+00 2.937183068163253148e-03
1.791805842214524880e+00 2.937032410154423456e-03
1.793598544258301342e+00 2.932482178134276137e-03
1.795393039900771148e+00 2.926207515790361490e-03
1.797189330936433072e+00 2.920042151139382990e-03
1.798987419161574230e+00 2.915331847333971823e-03
1.800787306374282082e+00 2.914645761945994576e-03
1.802588994374447084e+00 2.913756860954243647e-03
1.804392484963757148e+00 2.915097247493032753e-03
1.806197779945701409e+00 2.912397371648743193e-03
1.808004881125578445e+00 2.908472794961299533e-03
1.809813790310486503e+00 2.905727745953685416e-03
1.811624509309332831e+00 2.909017513539981659e-03
1.813437039932837891e+00 2.909805779305220733e-03
1.815251383993535805e+00 2.909049699749489178e-03
1.817067543305768362e+00 2.906182151949168301e-03
1.818885519685696339e+00 2.910245026591653898e-03
1.820705314951296394e+00 2.907662697152971730e-03
1.822526930922362842e+00 2.905304691504899395e-03
1.824350369420509876e+00 2.906074580115121982e-03
1.826175632269178672e+00 2.905541001170260269e-03
1.828002721293634281e+00 2.905915147040276023e-03
1.829831638320961185e+00 2.902420218709600083e-03
1.831662385180077957e+00 2.903594363154611210e-03
1.833494963701736369e+00 2.907166964272114504e-03
1.835329375718512734e+00 2.909255722312392104e-03
1.837165623064816344e+00 2.908248352981736718e-03
1.839003707576895463e+00 2.909180826484241648e-03
1.840843631092833554e+00 2.903117344929940277e-03
1.842685395452556607e+00 2.902757155858731470e-03
1.844529002497830250e+00 2.898935148955226679e-03
1.846374454072257976e+00 2.903217598588706851e-03
1.848221752021293796e+00 2.906349482761405416e-03
1.850070898192236912e+00 2.908719508734777977e-03
1.851921894434231275e+00 2.904428477033188689e-03
1.853774742598273795e+00 2.904965344561566149e-03
1.855629444537212569e+00 2.904643300998250351e-03
1.857486002105753542e+00 2.905083132725961442e-03
1.859344417160451179e+00 2.905376514577128616e-03
1.861204691559718905e+00 2.903282074440756162e-03
1.863066827163835537e+00 2.902329031196730896e-03
1.864930825834933525e+00 2.905552902880683460e-03
1.866796689437008716e+00 2.905028037206428947e-03
1.868664419835927903e+00 2.902807167089170061e-03
1.870534018899425055e+00 2.902633179399173851e-03
1.872405488497095316e+00 2.903497546242688777e-03
1.874278830500408777e+00 2.903250629425562900e-03
1.876154046782708917e+00 2.903905768085762555e-03
1.878031139219214163e+00 2.903829938571567820e-03
1.879910109687015440e+00 2.903884330063503244e-03
1.881790960065083063e+00 2.905964226700145665e-03
1.883673692234267838e+00 2.905233428201880325e-03
1.885558308077303735e+00 2.905538280527792446e-03
1.887444809478806107e+00 2.905082506881935533e-03
1.889333198325271468e+00 2.906385153434823052e-03
1.891223476505090817e+00 2.907927569203482346e-03
1.893115645908544309e+00 2.906575887272850461e-03
1.895009708427802808e+00 2.907101654840980529e-03
1.896905665956926557e+00 2.909838745479031465e-03
1.898803520391874500e+00 2.909748640637199301e-03
1.900703273630501844e+00 2.910564695761098507e-03
1.902604927572561166e+00 2.911868020228487904e-03
1.904508484119706857e+00 2.913297635614196281e-03
1.906413945175493785e+00 2.913496345185553112e-03
1.908321312645386625e+00 2.913728267891156718e-03
1.910230588436751864e+00 2.915809735417545547e-03
1.912141774458864463e+00 2.919191239394488841e-03
1.914054872622910297e+00 2.916239745662239577e-03
1.915969884841984605e+00 2.916542093383499984e-03
1.917886813031101978e+00 2.917698077783463951e-03
1.919805659107191032e+00 2.921952962287968289e-03
1.921726424989099069e+00 2.923915818904152843e-03
1.923649112597595190e+00 2.923780310750783568e-03
1.925573723855365182e+00 2.921395109363335036e-03
1.927500260687016409e+00 2.919724377476293122e-03
1.929428725019089796e+00 2.919824071069035756e-03
1.931359118780051842e+00 2.922369790352753478e-03
1.933291443900291728e+00 2.922273581701257446e-03
1.935225702312133089e+00 2.921097233902788300e-03
1.937161895949837120e+00 2.921395878116692015e-03
1.939100026749601025e+00 2.922520399737089415e-03
1.941040096649554014e+00 2.921733648861698888e-03
1.942982107589765972e+00 2.922961039836423618e-03
1.944926061512247673e+00 2.923151173164884476e-03
1.946871960360953446e+00 2.925404143897818512e-03
1.948819806081781847e+00 2.927192330804894230e-03
1.950769600622574540e+00 2.925446785208356618e-03
1.952721345933129404e+00 2.925718180030556764e-03
1.954675043965192760e+00 2.925940661845816571e-03
1.956630696672465364e+00 2.925623671079079051e-03
1.958588306010599522e+00 2.924433100790016678e-03
1.960547873937202201e+00 2.921338267412649636e-03
1.962509402411841242e+00 2.921837280831426301e-03
1.964472893396044695e+00 2.921695590345161839e-03
1.966438348853305484e+00 2.920458666224463092e-03
1.968405770749081407e+00 2.918605564391450573e-03
1.970375161050789359e+00 2.917882007293222130e-03
1.972346521727821544e+00 2.915602920319061188e-03
1.974319854751539927e+00 2.913894981157021721e-03
1.976295162095277336e+00 2.913169229031272855e-03
1.978272445734343465e+00 2.911998881297689183e-03
1.980251707646021986e+00 2.911080102323591792e-03
1.982232949809572320e+00 2.910128507358846449e-03
1.984216174206235195e+00 2.909388817966973833e-03
1.986201382819236860e+00 2.908177824568587526e-03
1.988188577633788201e+00 2.907911770274088006e-03
1.990177760637084958e+00 2.908307608329896606e-03
1.992168933818306620e+00 2.906781800115881744e-03
1.994162099168625746e+00 2.906696533222508528e-03
1.996157258681210633e+00 2.908798477709650682e-03
1.998154414351219765e+00 2.912805706173803109e-03
2.000153568175812691e+00 2.914678809479187647e-03
2.002154722154140476e+00 2.916253207864365204e-03
2.004157878287355921e+00 2.916998949898622073e-03
2.006163038578616220e+00 2.915631025808380298e-03
2.008170205033081412e+00 2.913146495100718807e-03
2.010179379657917487e+00 2.912580285466653471e-03
2.012190564462303932e+00 2.913058602756874414e-03
2.014203761457421749e+00 2.912598432628755053e-03
2.016218972656465880e+00 2.910808764865379338e-03
2.018236200074653208e+00 2.910019388671766447e-03
2.020255445729208343e+00 2.907644876109816232e-03
2.022276711639375613e+00 2.906141989532148601e-03
2.024299999826424390e+00 2.903699909294575436e-03
2.026325312313641991e+00 2.901933641081551763e-03
2.028352651126337669e+00 2.900275641396375583e-03
2.030382018291853274e+00 2.899007591360136960e-03
2.032413415839559701e+00 2.897055952238825494e-03
2.034446845800850667e+00 2.895813490666266851e-03
2.036482310209152935e+00 2.894484327308503770e-03
2.038519811099934298e+00 2.893320753594498008e-03
2.040559350510698700e+00 2.892460966139374142e-03
2.042600930480983124e+00 2.892097543037556052e-03
2.044644553052371361e+00 2.892436515883790079e-03
2.046690220268486460e+00 2.892880846835366171e-03
2.048737934174990283e+00 2.893555870940828917e-03
2.050787696819598604e+00 2.894399964261133371e-03
2.052839510252076671e+00 2.895135525855623872e-03
2.054893376524232984e+00 2.894583084364594789e-03
2.056949297689938838e+00 2.893923737301460838e-03
2.059007275805113224e+00 2.892914109865200607e-03
2.061067312927732598e+00 2.891466108305116699e-03
2.063129411117835765e+00 2.892330634584058726e-03
2.065193572437520775e+00 2.892843140513605069e-03
2.067259798950950689e+00 2.892600030015981833e-03
2.069328092724351809e+00 2.892283989185239195e-03
2.071398455826018559e+00 2.891562078869385280e-03
2.073470890326312155e+00 2.891254518732206714e-03
2.075545398297670818e+00 2.890116490418859034e-03
2.077621981814598229e+00 2.889509865006417797e-03
2.079700642953679068e+00 2.888131234841077952e-03
2.081781383793575468e+00 2.887819900024337846e-03
2.083864206415028342e+00 2.887798824346799603e-03
2.085949112900863156e+00 2.887144859869915196e-03
2.088036105335985937e+00 2.886502849194475580e-03
2.090125185807389485e+00 2.886175742795543328e-03
2.092216356404151156e+00 2.885610299255894629e-03
2.094309619217441298e+00 2.884846148667342697e-03
2.096404976340524140e+00 2.884514309636140861e-03
2.098502429868758679e+00 2.884280361505742792e-03
2.100601981899600457e+00 2.883919202075671279e-03
2.102703634532599342e+00 2.883669772373356841e-03
2.104807389869406631e+00 2.883989507476974502e-03
2.106913250013779493e+00 2.884104952394302059e-03
2.109021217071576970e+00 2.883751546282885617e-03
2.111131293150767529e+00 2.884375646991492719e-03
2.113243480361425952e+00 2.884727505652839169e-03
2.115357780815740441e+00 2.884108107158839772e-03
2.117474196628013505e+00 2.885255279835594565e-03
2.119592729914662410e+00 2.885587347395157567e-03
2.121713382794218727e+00 2.884998026187384455e-03
2.123836157387335444e+00 2.887118945757987266e-03
2.125961055816782963e+00 2.886401744781285066e-03
2.128088080207463761e+00 2.889089573517930262e-03
2.130217232686400397e+00 2.887300265384199188e-03
2.132348515382747944e+00 2.888178852951736077e-03
2.134481930427789997e+00 2.887032565241480671e-03
2.136617479954937782e+00 2.889481912174229113e-03
2.138755166099743921e+00 2.887228128619698155e-03
2.140894990999892666e+00 2.886960730363985483e-03
2.143036956795210557e+00 2.893526101958075226e-03
2.145181065627663308e+00 2.888809663897937054e-03
2.147327319641362031e+00 2.889358921798079131e-03
2.149475720982560567e+00 2.892635730357980429e-03
2.151626271799656820e+00 2.892887719126415336e-03
2.153778974243205191e+00 2.887541687023764247e-03
2.155933830465906809e+00 2.895324574775668368e-03
2.158090842622617522e+00 2.895104040106155283e-03
2.160250012870349678e+00 2.900212777398829007e-03
2.162411343368275229e+00 2.900358795130261128e-03
2.164574836277725733e+00 2.899080018373811646e-03
2.166740493762190578e+00 2.906890768932579583e-03
2.168908317987328083e+00 2.903820442671061364e-03
2.171078311120967275e+00 2.903439048008551841e-03
2.173250475333098564e+00 2.902394837562745702e-03
2.175424812795882623e+00 2.897241886293617109e-03
2.177601325683664601e+00 2.896448141965251005e-03
2.179780016172958135e+00 2.891557076985288698e-03
2.181960886442447567e+00 2.887050995582170904e-03
2.184143938673002605e+00 2.893754883257261719e-03
2.186329175047673878e+00 2.890297129634278143e-03
2.188516597751704484e+00 2.890657249166980920e-03
2.190706208972517111e+00 2.893614500657480399e-03
2.192898010899720695e+00 2.902619448307593251e-03
2.195092005725113538e+00 2.911154230501495493e-03
2.197288195642695285e+00 2.928572917569172932e-03
2.199486582848655836e+00 2.948761138075391228e-03
2.201687169541381994e+00 2.952848551333886202e-03
2.203889957921462806e+00 2.942665524520745104e-03
2.206094950191685111e+00 2.930088073957709711e-03
2.208302148557042432e+00 2.913095248093751800e-03
2.210511555224734526e+00 2.908555449936200011e-03
2.212723172404166938e+00 2.908208624593414983e-03
2.214937002306953673e+00 2.905165514487286459e-03
2.217153047146927847e+00 2.911235756944294435e-03
2.219371309140135029e+00 2.907967760987494824e-03
2.221591790504835906e+00 2.914153530075604560e-03
2.223814493461512498e+00 2.913143430923663488e-03
2.226039420232865051e+00 2.917927110798241522e-03
2.228266573043822252e+00 2.919506886442993325e-03
2.230495954121538116e+00 2.918921029061987728e-03
2.232727565695393768e+00 2.923821815891319842e-03
2.234961409997000992e+00 2.924662929041201790e-03
2.237197489260204897e+00 2.932228185716648488e-03
2.239435805721083028e+00 2.929463139348701187e-03
2.241676361617952473e+00 2.934526774869151717e-03
2.243919159191369861e+00 2.935502403024136623e-03
2.246164200684134915e+00 2.945791123328723223e-03
2.248411488341286901e+00 2.941979155328624043e-03
2.250661024410114397e+00 2.943983503607164494e-03
2.252912811140153959e+00 2.943876038473614704e-03
2.255166850783189680e+00 2.943618701830646826e-03
2.257423145593265623e+00 2.941891244699259850e-03
2.259681697826675162e+00 2.938397158943337369e-03
2.261942509741970753e+00 2.942609836414063120e-03
2.264205583599968374e+00 2.941607512792957999e-03
2.266470921663737315e+00 2.936392674616277246e-03
2.268738526198614380e+00 2.940024350054435808e-03
2.271008399472205674e+00 2.934279269017762634e-03
2.273280543754384819e+00 2.937025718483941405e-03
2.275554961317296954e+00 2.938093848523416589e-03
2.277831654435360065e+00 2.936695363784893719e-03
2.280110625385271206e+00 2.933207495435040391e-03
2.282391876445996282e+00 2.938347390045364070e-03
2.284675409898784704e+00 2.943222287784605720e-03
2.286961228027174720e+00 2.942870098845879172e-03
2.289249333116983198e+00 2.951704348853730064e-03
2.291539727456316289e+00 2.955466371426407335e-03
2.293832413335568976e+00 2.955304437036679159e-03
2.296127393047421972e+00 2.956890579282141565e-03
2.298424668886857702e+00 2.952053976400480489e-03
2.300724243151156312e+00 2.949768304774561672e-03
2.303026118139892109e+00 2.949941554779930090e-03
2.305330296154935787e+00 2.942445025148723945e-03
2.307636779500468638e+00 2.932269762072150978e-03
2.309945570482975441e+00 2.921193490193744850e-03
2.312256671411244913e+00 2.914428953543871190e-03
2.314570084596378141e+00 2.924524679224551563e-03
2.316885812351787255e+00 2.964824395724488786e-03
2.319203856993203861e+00 2.968584464794716410e-03
2.321524220838667496e+00 2.955564441973608254e-03
2.323846906208542507e+00 2.946346467764916072e-03
2.326171915425521153e+00 2.945644301725169889e-03
2.328499250814608956e+00 2.944115871304686140e-03
2.330828914703140686e+00 2.940738986061492907e-03
2.333160909420783025e+00 2.943451081760120516e-03
2.335495237299529681e+00 2.949578696526411210e-03
2.337831900673706720e+00 2.949081629370032751e-03
2.340170901879977006e+00 2.952947635435923968e-03
2.342512243257343751e+00 2.951081375148613926e-03
2.344855927147150965e+00 2.956764093793339161e-03
2.347201955893081671e+00 2.954744556004863711e-03
2.349550331841163242e+00 2.953274134132590108e-03
2.351901057339769618e+00 2.951249248378942820e-03
2.354254134739628412e+00 2.949893668366231157e-03
2.356609566393821797e+00 2.949735160928209764e-03
2.358967354657777626e+00 2.950624002891165821e-03
2.361327501889283642e+00 2.940937185015467595e-03
2.363690010448485701e+00 2.940113375878709943e-03
2.366054882697895767e+00 2.943325805666993731e-03
2.368422121002386582e+00 2.950327770280886368e-03
2.370791727729192999e+00 2.968376565725807780e-03
2.373163705247925304e+00 2.961645726799949380e-03
2.375538055930560777e+00 2.953122897330776389e-03
2.377914782151449469e+00 2.947282548737921708e-03
2.380293886287319527e+00 2.948597646529476507e-03
2.382675370717276309e+00 2.946168247287208816e-03
2.385059237822801048e+00 2.945874551156059395e-03
2.387445489987759739e+00 2.945535477989719847e-03
2.389834129598410239e+00 2.943164979611806453e-03
2.392225159043389393e+00 2.941878634647644535e-03
2.394618580713724132e+00 2.945573855484223333e-03
2.397014397002838582e+00 2.943750355708422105e-03
2.399412610306550508e+00 2.943644019649486066e-03
2.401813223023073984e+00 2.941785910426425368e-03
2.404216237553020274e+00 2.940954735393416699e-03
2.406621656299405387e+00 2.937930225993326972e-03
2.409029481667643413e+00 2.937585962579705116e-03
2.411439716065562955e+00 2.932675262902626357e-03
2.413852361903402688e+00 2.933239406743095180e-03
2.416267421593802922e+00 2.937702020769026191e-03
2.418684897551825586e+00 2.943899803042048478e-03
2.421104792194948896e+00 2.945057201130796970e-03
2.423527107943065584e+00 2.957784728375202361e-03
2.425951847218492219e+00 2.953093029115126493e-03
2.428379012445967433e+00 2.948448494238840607e-03
2.430808606052657250e+00 2.940961150079429536e-03
2.433240630468156418e+00 2.943085570216471495e-03
2.435675088124486631e+00 2.947373771496865184e-03
2.438111981456106747e+00 2.943825217121503243e-03
2.440551312899912340e+00 2.939146798109458416e-03
2.442993084895234812e+00 2.935525444012767986e-03
2.445437299883853832e+00 2.935321275275249060e-03
2.447883960309978679e+00 2.939632311296659639e-03
2.450333068620265564e+00 2.933621434629947889e-03
2.452784627263817629e+00 2.935614239152767486e-03
2.455238638692204489e+00 2.937810632405101277e-03
2.457695105359435583e+00 2.937361795534383039e-03
2.460154029721969948e+00 2.933780879150624677e-03
2.462615414238743750e+00 2.934245684140030039e-03
2.465079261371134756e+00 2.932217628801314820e-03
2.467545573582992535e+00 2.932151876629307367e-03
2.470014353340631796e+00 2.935229583997139846e-03
2.472485603112830166e+00 2.931421099534552068e-03
2.474959325370837071e+00 2.928601560793206438e-03
2.477435522588375516e+00 2.930189554978441819e-03
2.479914197241639418e+00 2.931053367303836088e-03
2.482395351809302930e+00 2.927607666929189431e-03
2.484878988772528885e+00 2.931045132516286750e-03
2.487365110614955910e+00 2.931854139607984692e-03
2.489853719822701983e+00 2.930769692900553943e-03
2.492344818884375535e+00 2.929814859326711120e-03
2.494838410291070119e+00 2.928260991351993789e-03
2.497334496536383064e+00 2.927465994731532576e-03
2.499833080116400819e+00 2.930218879119724125e-03
2.502334163529706945e+00 2.928307342594800838e-03
2.504837749277384784e+00 2.928544062134092515e-03
2.507343839863014345e+00 2.928519511869627501e-03
2.509852437792693625e+00 2.929989116572563699e-03
2.512363545575026169e+00 2.930330196243170239e-03
2.514877165721113972e+00 2.928700668484740012e-03
2.517393300744581008e+00 2.929289409150753493e-03
2.519911953161556806e+00 2.930467874461333607e-03
2.522433125490685768e+00 2.928778585970071881e-03
2.524956820253147161e+00 2.927454454223676807e-03
2.527483039972646228e+00 2.929902750020797059e-03
2.530011787175398652e+00 2.926827822204885673e-03
2.532543064390146537e+00 2.926274262299691058e-03
2.535076874148167292e+00 2.927600901925299023e-03
2.537613218983271413e+00 2.928252573457085315e-03
2.540152101431809584e+00 2.926320936291742971e-03
2.542693524032659802e+00 2.927571992851641519e-03
2.545237489327245139e+00 2.931429258279843846e-03
2.547783999859532411e+00 2.937715844567729585e-03
2.550333058176029954e+00 2.939020156489454295e-03
2.552884666825803173e+00 2.937853239041499521e-03
2.555438828360458547e+00 2.939047761814790691e-03
2.557995545334152077e+00 2.947631569427649166e-03
2.560554820303596824e+00 2.945291636470551231e-03
2.563116655828076684e+00 2.941241938592286612e-03
2.565681054469429956e+00 2.944046581974817372e-03
2.568248018792045784e+00 2.941321222299441221e-03
2.570817551362897468e+00 2.947082974712788087e-03
2.573389654751518485e+00 2.944579570691801661e-03
2.575964331530008256e+00 2.941561329488142588e-03
2.578541584273044585e+00 2.938002299366289025e-03
2.581121415557876553e+00 2.936708158948485130e-03
2.583703827964337840e+00 2.940590005689190743e-03
2.586288824074843617e+00 2.953103574053649993e-03
2.588876406474390546e+00 2.958697532002246659e-03
2.591466577750558553e+00 2.955739498329274309e-03
2.594059340493518384e+00 2.952486161175759630e-03
2.596654697296031600e+00 2.948406286131527096e-03
2.599252650753462568e+00 2.947830272009697127e-03
2.601853203463758923e+00 2.949008740397416912e-03
2.604456358027470220e+00 2.946728190844257519e-03
2.607062117047760808e+00 2.946918977849111339e-03
2.609670483130389851e+00 2.948682946336947820e-03
2.612281458883716656e+00 2.949761754535744178e-03
2.614895046918714883e+00 2.948862619914548958e-03
2.617511249848980981e+00 2.944347111262395934e-03
2.620130070290716873e+00 2.943609449825013418e-03
2.622751510862746382e+00 2.946412974710600242e-03
2.625375574186502803e+00 2.944775361707260668e-03
2.628002262886047546e+00 2.944921036180679630e-03
2.630631579588075031e+00 2.945568502164990117e-03
2.633263526921897135e+00 2.944927768074920901e-03
2.635898107519465849e+00 2.940676422524492531e-03
2.638535324015363503e+00 2.942010115310949702e-03
2.641175179046807653e+00 2.943232076637551393e-03
2.643817675253651078e+00 2.941438848151726581e-03
2.646462815278393332e+00 2.942419227638606687e-03
2.649110601766170969e+00 2.940774771488617514e-03
2.651761037364768647e+00 2.944580847926313825e-03
2.654414124724629342e+00 2.948293424339072395e-03
2.657069866498836586e+00 2.946785196798590821e-03
2.659728265343126452e+00 2.946075913532478652e-03
2.662389323915903550e+00 2.952928143475232626e-03
2.665053044878226807e+00 2.959176683613669138e-03
2.667719430893810806e+00 2.962745765828718719e-03
2.670388484629045323e+00 2.968628679231786766e-03
2.673060208752994438e+00 2.973580259463679248e-03
2.675734605937373445e+00 2.975356467454730921e-03
2.678411678856579048e+00 2.976610348662017853e-03
2.681091430187691138e+00 2.977480536430056422e-03
2.683773862610453698e+00 2.977701671836033986e-03
2.686458978807302778e+00 2.976622546958439860e-03
2.689146781463357616e+00 2.974482028699777011e-03
2.691837273266414865e+00 2.971413702617532304e-03
2.694530456906965021e+00 2.972273252542242863e-03
2.697226335078197312e+00 2.973694739267959165e-03
2.699924910475991258e+00 2.974337726157789789e-03
2.702626185798916225e+00 2.974438642423958903e-03
2.705330163748253192e+00 2.973052123946732118e-03
2.708036847027985861e+00 2.971109364531748093e-03
2.710746238344789560e+00 2.969692579783686243e-03
2.713458340408054781e+00 2.966951549867312497e-03
2.716173155929883176e+00 2.964060900481480312e-03
2.718890687625096891e+00 2.962283966096284152e-03
2.721610938211223907e+00 2.958132345947016295e-03
2.724333910408513137e+00 2.953286631799014426e-03
2.727059606939940650e+00 2.951809625971313095e-03
2.729788030531202114e+00 2.950040940229670290e-03
2.732519183910722571e+00 2.948048949646384954e-03
2.735253069809658211e+00 2.948012794660043352e-03
2.737989690961888822e+00 2.949001228624206078e-03
2.740729050104034226e+00 2.951968631423135259e-03
2.743471149975461376e+00 2.956419174288280050e-03
2.746215993318269266e+00 2.961194878773893823e-03
2.748963582877296030e+00 2.965409538746081614e-03
2.751713921400137153e+00 2.969105009193536218e-03
2.754467011637128149e+00 2.971342100938728810e-03
2.757222856341353445e+00 2.971984033304865807e-03
2.759981458268668142e+00 2.970714087358328204e-03
2.762742820177677583e+00 2.970399015676458698e-03
2.765506944829736025e+00 2.965948704930201820e-03
2.768273834988963955e+00 2.963482039004603288e-03
2.771043493422256532e+00 2.967401531451311497e-03
2.773815922899276032e+00 2.971396349532695168e-03
2.776591126192445191e+00 2.972971754257253477e-03
2.779369106076971185e+00 2.973137077846500775e-03
2.782149865330835858e+00 2.971746212315246483e-03
2.784933406734796613e+00 2.969748960505332307e-03
2.787719733072396178e+00 2.968299668532760598e-03
2.790508847129963499e+00 2.966670656106320126e-03
2.793300751696610629e+00 2.966230211661892262e-03
2.796095449564240720e+00 2.965492809158545417e-03
2.798892943527549360e+00 2.963643355020997155e-03
2.801693236384038332e+00 2.961861174695277436e-03
2.804496330933999637e+00 2.962242333597896616e-03
2.807302229980519481e+00 2.961079648396944351e-03
2.810110936329506703e+00 2.959037981454990928e-03
2.812922452789668348e+00 2.957102696428013430e-03
2.815736782172511887e+00 2.955556011227955873e-03
2.818553927292374528e+00 2.954810517613260402e-03
2.821373890966397902e+00 2.952739721863763440e-03
2.824196676014550711e+00 2.950583527067639211e-03
2.827022285259616297e+00 2.948108795582159679e-03
2.829850721527202406e+00 2.947440621189505606e-03
2.832681987645746524e+00 2.946468664455869062e-03
2.835516086446511874e+00 2.944882303249164290e-03
2.838353020763594525e+00 2.943192207183460349e-03
2.841192793433933605e+00 2.941504396364120946e-03
2.844035407297307749e+00 2.939803178734459038e-03
2.846880865196327104e+00 2.938548832545649636e-03
2.849729169976447540e+00 2.937423009866003618e-03
2.852580324485975538e+00 2.936437100600121190e-03
2.855434331576065077e+00 2.935394305511453833e-03
2.858291194100722521e+00 2.934272963346080780e-03
2.861150914916811061e+00 2.933515993593445621e-03
2.864013496884051602e+00 2.932896112712115189e-03
2.866878942865026314e+00 2.932004509480320986e-03
2.869747255725183521e+00 2.931618966306167879e-03
2.872618438332836366e+00 2.931384358636718833e-03
2.875492493559169027e+00 2.931083324815837114e-03
2.878369424278236277e+00 2.930725534528879836e-03
2.881249233366968809e+00 2.930497599311371153e-03
2.884131923705171907e+00 2.929903826000316517e-03
2.887017498175541874e+00 2.929637445951198838e-03
2.889905959663658042e+00 2.929075795835408159e-03
2.892797311057972998e+00 2.928813434080197731e-03
2.895691555249836124e+00 2.928761618193420277e-03
2.898588695133490045e+00 2.928332175951557214e-03
2.901488733606079062e+00 2.928082240970340290e-03
2.904391673567642052e+00 2.928144329920505991e-03
2.907297517921122676e+00 2.927898638132130863e-03
2.910206269572368054e+00 2.927703396253697205e-03
2.913117931430124763e+00 2.927514855086078751e-03
2.916032506406053049e+00 2.927362451494002534e-03
2.918949997414726827e+00 2.927013149333603653e-03
2.921870407373641676e+00 2.926924086829053948e-03
2.924793739203208620e+00 2.926538839767199151e-03
2.927719995826757238e+00 2.926708486585067465e-03
2.930649180170546320e+00 2.926991046435838129e-03
2.933581295163762093e+00 2.927249183709679670e-03
2.936516343738513779e+00 2.926728765702510913e-03
2.939454328829848251e+00 2.926978486696862718e-03
2.942395253375765130e+00 2.926476816428159357e-03
2.945339120317177706e+00 2.927128030909040713e-03
2.948285932597951575e+00 2.926759836960133275e-03
2.951235693164907747e+00 2.927691030538595585e-03
2.954188404967802217e+00 2.927820165367579254e-03
2.957144070959347282e+00 2.928067853171936654e-03
2.960102694095215980e+00 2.927962016861698769e-03
2.963064277334023888e+00 2.928782993741798051e-03
2.966028823637354872e+00 2.929412269819315490e-03
