# [micron], Flux [W/m2/micron or (Rp/Rstar)^2], Flux Error [W/m2/micron or (Rp/Rstar)^2]
8.696455948376644596e-01 2.943387180027784347e-03 4.466157768350113085e-05
9.051088921039600610e-01 2.986448184103206258e-03 3.874872299117943268e-05
9.420183479668875481e-01 2.858659089698292570e-03 3.333137282936251942e-05
9.804329353603767894e-01 2.876187117449663811e-03 3.103221693977489760e-05
1.020414032076956135e+00 2.970368924396240683e-03 2.764565915509974197e-05
1.062025518835535642e+00 3.012848422118972851e-03 2.615870895553676259e-05
1.105333881348297798e+00 2.917854485947612986e-03 2.372865179714555062e-05
1.150408316549778043e+00 2.955370442995212260e-03 2.301019867509083571e-05
1.197320843157860137e+00 2.976129115507857720e-03 2.184898196151667532e-05
1.246146416743344698e+00 2.905818253979595284e-03 2.109281047955131796e-05
1.296963049491938857e+00 2.875938076759324349e-03 2.136289639637298514e-05
1.349851934850024859e+00 2.961030538492822294e-03 2.154181265103861072e-05
1.404897577253361174e+00 2.939371342212131113e-03 2.273818507300521497e-05
1.462187927145991218e+00 2.945126793930200829e-03 2.334291704385400894e-05
1.521814521505094886e+00 2.879693639474133812e-03 2.423242683120402894e-05
1.583872630096301748e+00 2.871484306358689387e-03 2.428995874516911194e-05
1.648461407693156744e+00 2.903185617107124916e-03 2.523191335278046794e-05
1.715684052503944512e+00 2.890435226862134339e-03 2.701618835445562886e-05
1.785647971059005634e+00 2.960083971552230665e-03 3.006746275321401854e-05
1.858464949821996948e+00 2.899285758000681897e-03 3.330172894508259785e-05
1.934251333799289707e+00 2.921104112045244498e-03 3.657825579103756288e-05
2.013128212432886865e+00 2.858376225197694406e-03 3.879171245810133991e-05
2.095221613073869005e+00 2.857113491276076778e-03 4.128778541194727102e-05
2.180662702345500747e+00 2.946917808508893368e-03 4.241000856204831649e-05
2.269587995717724738e+00 2.931977853497191432e-03 4.590372060300154932e-05
2.362139575627904442e+00 2.944260476414901212e-03 5.126421633240443951e-05
2.458465318496308782e+00 2.886819930740445756e-03 5.797042190450116532e-05
2.558719130999075997e+00 2.920222533336526947e-03 6.303971980632818014e-05
2.663061195976149875e+00 2.901951040454891009e-03 6.638005749541231915e-05
2.771658228367106958e+00 2.964089722621702540e-03 7.809533634986738171e-05
