8.099554455959743215e-01 2.688210934398951348e-03
8.107658061542900585e-01 2.686666294512727454e-03
8.115769774784792334e-01 2.683898393888630579e-03
8.123889603797121994e-01 2.681848111604534773e-03
8.132017556699727701e-01 2.679979833999539870e-03
8.140153641620563318e-01 2.677600360825259894e-03
8.148297866695717317e-01 2.676994793944546640e-03
8.156450240069411661e-01 2.672758097598698125e-03
8.164610769894029563e-01 2.669883648402311075e-03
8.172779464330105492e-01 2.669720408872294521e-03
8.180956331546322957e-01 2.666313496444299314e-03
8.189141379719558911e-01 2.662946693464527358e-03
8.197334617034857107e-01 2.665029778630550843e-03
8.205536051685444754e-01 2.662026010094154307e-03
8.213745691872769150e-01 2.659863092006434747e-03
8.221963545806487694e-01 2.661042221890240304e-03
8.230189621704429026e-01 2.663763229866506019e-03
8.238423927792670742e-01 2.658754555794680396e-03
8.246666472305524964e-01 2.655279431924818800e-03
8.254917263485536116e-01 2.651325914650881459e-03
8.263176309583500911e-01 2.651051557441781725e-03
8.271443618858455027e-01 2.649731713059220832e-03
8.279719199577725286e-01 2.647868374468447840e-03
8.288003060016881918e-01 2.646623769055001830e-03
8.296295208459781856e-01 2.646200814593511162e-03
8.304595653198585392e-01 2.643339087301570679e-03
8.312904402533747295e-01 2.640054515484608309e-03
8.321221464773999044e-01 2.643686442190201682e-03
8.329546848236402123e-01 2.660902965625830743e-03
8.337880561246344691e-01 2.671946852829427867e-03
8.346222612137542685e-01 2.672652633835754035e-03
8.354573009252049820e-01 2.673655066396307765e-03
8.362931760940265358e-01 2.673802092070318246e-03
8.371298875560944097e-01 2.673264869952581609e-03
8.379674361481189715e-01 2.673924577164111908e-03
8.388058227076495843e-01 2.673945277399138870e-03
8.396450480730722754e-01 2.673932166103927879e-03
8.404851130836130668e-01 2.674758262334581312e-03
8.413260185793379753e-01 2.674889936656579727e-03
8.421677654011512359e-01 2.675811425055614999e-03
8.430103543908002983e-01 2.675624084484416135e-03
8.438537863908742720e-01 2.675874590967023542e-03
8.446980622448042597e-01 2.676340564723688094e-03
8.455431827968671321e-01 2.677012283088576333e-03
8.463891488921824191e-01 2.677596940836356274e-03
8.472359613767166397e-01 2.678901735545731119e-03
8.480836210972833022e-01 2.679896953671078927e-03
8.489321289015407945e-01 2.681379675710630472e-03
8.497814856379983794e-01 2.682504016120233672e-03
8.506316921560135302e-01 2.683533700301518696e-03
8.514827493057913754e-01 2.684841061958632546e-03
8.523346579383890287e-01 2.685004132177692786e-03
8.531874189057161439e-01 2.686194896845108416e-03
8.540410330605319178e-01 2.687323913154543442e-03
8.548955012564523059e-01 2.688122109255623466e-03
8.557508243479458043e-01 2.689143444175044577e-03
8.566070031903338933e-01 2.690804871660504825e-03
8.574640386397960334e-01 2.691644619515885621e-03
8.583219315533672233e-01 2.691967409456177268e-03
8.591806827889413301e-01 2.695017334934661675e-03
8.600402932052715332e-01 2.696280678571141669e-03
8.609007636619676607e-01 2.697239597593191224e-03
8.617620950194990748e-01 2.699149929768485372e-03
8.626242881391973372e-01 2.700839664482165489e-03
8.634873438832556536e-01 2.704187111728898092e-03
8.643512631147296510e-01 2.705928051261638836e-03
8.652160466975378217e-01 2.708986256563613269e-03
8.660816954964636327e-01 2.711709630801218199e-03
8.669482103771571913e-01 2.713750722000660229e-03
8.678155922061336902e-01 2.716935270321788141e-03
8.686838418507756288e-01 2.720102508267733307e-03
8.695529601793322572e-01 2.724295687409936106e-03
8.704229480609205760e-01 2.725664132041834969e-03
8.712938063655277787e-01 2.727258968522747011e-03
8.721655359640141381e-01 2.729804943892662553e-03
8.730381377281095645e-01 2.732849315968604448e-03
8.739116125304161597e-01 2.735330286851055288e-03
8.747859612444087718e-01 2.737452481845141505e-03
8.756611847444361052e-01 2.739442536885104001e-03
8.765372839057208321e-01 2.741399445318842831e-03
8.774142596043608133e-01 2.743273531979792314e-03
8.782921127173328735e-01 2.745652099241470412e-03
8.791708441224919124e-01 2.746301296914956201e-03
8.800504546985693510e-01 2.748169839995314584e-03
8.809309453251749078e-01 2.747582770027308125e-03
8.818123168827982639e-01 2.747612369460313009e-03
8.826945702528108395e-01 2.749263161305628197e-03
8.835777063174676815e-01 2.751833218585476512e-03
8.844617259599056869e-01 2.754378281272278940e-03
8.853466300641437137e-01 2.758501504425314027e-03
8.862324195150838024e-01 2.763346220518559868e-03
8.871190951985163942e-01 2.770499036009173993e-03
8.880066580011191091e-01 2.776465638683059227e-03
8.888951088104538600e-01 2.781516428379684526e-03
8.897844485149719596e-01 2.788667543026260558e-03
8.906746780040118994e-01 2.792861520509687216e-03
8.915657981678065669e-01 2.790261638964073101e-03
8.924578098974739193e-01 2.784929947606928045e-03
8.933507140850214245e-01 2.780820964363393648e-03
8.942445116233572744e-01 2.774923942507927059e-03
8.951392034062801706e-01 2.772923409637600371e-03
8.960347903284814342e-01 2.772429390541973192e-03
8.969312732855473369e-01 2.773751332598300978e-03
8.978286531739603227e-01 2.780077166781192745e-03
8.987269308911014498e-01 2.797613327793934800e-03
8.996261073352495030e-01 2.800535338186469110e-03
9.005261834055795500e-01 2.793470754650598242e-03
9.014271600021682707e-01 2.784855987906882744e-03
9.023290380259918475e-01 2.775813086325628308e-03
9.032318183789278532e-01 2.771115005458973327e-03
9.041355019637584700e-01 2.770222665888848104e-03
9.050400896841658271e-01 2.768162253989765210e-03
9.059455824447376626e-01 2.763660745676044164e-03
9.068519811509679895e-01 2.760900509968393195e-03
9.077592867092548756e-01 2.761216322284269081e-03
9.086675000269045510e-01 2.761058045975831043e-03
9.095766220121302981e-01 2.758444738191628571e-03
9.104866535740545608e-01 2.757787930966980848e-03
9.113975956227070574e-01 2.756615556497074137e-03
9.123094490690316638e-01 2.754061135315889926e-03
9.132222148248820837e-01 2.752867685618865488e-03
9.141358938030226255e-01 2.751468101265579658e-03
9.150504869171317557e-01 2.750609688103722653e-03
9.159659950818033192e-01 2.749727120359755136e-03
9.168824192125480943e-01 2.749502730648932004e-03
9.177997602257875753e-01 2.750916124502318129e-03
9.187180190388626322e-01 2.751363694051602807e-03
9.196371965700328444e-01 2.754518268305284311e-03
9.205572937384781662e-01 2.756003181898541727e-03
9.214783114642939310e-01 2.757662565308865825e-03
9.224002506684964020e-01 2.759166655107318615e-03
9.233231122730257701e-01 2.758497320406551930e-03
9.242468972007444883e-01 2.758706587736210053e-03
9.251716063754391595e-01 2.757623570886854562e-03
9.260972407218166502e-01 2.757299071546758483e-03
9.270238011655114185e-01 2.758898788823749889e-03
9.279512886330849586e-01 2.762955499698446782e-03
9.288797040520245796e-01 2.763973456962393570e-03
9.298090483507445159e-01 2.762377290928018543e-03
9.307393224585915892e-01 2.762965761415683147e-03
9.316705273058381032e-01 2.761588632133343650e-03
9.326026638236895039e-01 2.763644405490370444e-03
9.335357329442838248e-01 2.761038330294334799e-03
9.344697356006889111e-01 2.761948866361455413e-03
9.354046727269068606e-01 2.760784552972187639e-03
9.363405452578753563e-01 2.760393907037986261e-03
9.372773541294663335e-01 2.758217851863284213e-03
9.382151002784899774e-01 2.758410486212249484e-03
9.391537846426917246e-01 2.755491959006302425e-03
9.400934081607547066e-01 2.752990785168556772e-03
9.410339717723049668e-01 2.753161450916965722e-03
9.419754764179059103e-01 2.753298408823663668e-03
9.429179230390614119e-01 2.753336987853610869e-03
9.438613125782181479e-01 2.751147191956349047e-03
9.448056459787667061e-01 2.750630684638975289e-03
9.457509241850403647e-01 2.749709410141144058e-03
9.466971481423157586e-01 2.750197418050817286e-03
9.476443187968174309e-01 2.749932470902511500e-03
9.485924370957175000e-01 2.749491843219628411e-03
9.495415039871341056e-01 2.749080285254625142e-03
9.504915204201344059e-01 2.748009766941824326e-03
9.514424873447341335e-01 2.745612341640402305e-03
9.523944057118994833e-01 2.745836781178922093e-03
9.533472764735499982e-01 2.744132304701498229e-03
9.543011005825563497e-01 2.744350009748549625e-03
9.552558789927436678e-01 2.744512964000911381e-03
9.562116126588898757e-01 2.743484464395430557e-03
9.571683025367276887e-01 2.743599099489343190e-03
9.581259495829482775e-01 2.742584296914690918e-03
9.590845547552002692e-01 2.744153857490346134e-03
9.600441190120854174e-01 2.743405292474121286e-03
9.610046433131675947e-01 2.743870173186696137e-03
9.619661286189739036e-01 2.744670409034169652e-03
9.629285758909905679e-01 2.746009815618720342e-03
9.638919860916628224e-01 2.748205250651573808e-03
9.648563601844011295e-01 2.746201196021610166e-03
9.658216991335795143e-01 2.747331953925805960e-03
9.667880039045362306e-01 2.749563628563064886e-03
9.677552754635757593e-01 2.749027663089436031e-03
9.687235147779708067e-01 2.752854795542017136e-03
9.696927228159630818e-01 2.756116991165493291e-03
9.706629005467596327e-01 2.757765380274772304e-03
9.716340489405361769e-01 2.762059907974687926e-03
9.726061689684449840e-01 2.764452869014512836e-03
9.735792616026035518e-01 2.767154257599610014e-03
9.745533278161038204e-01 2.772183383637900206e-03
9.755283685830130613e-01 2.778059845120855499e-03
9.765043848783711011e-01 2.782557608586077105e-03
9.774813776781959840e-01 2.793082099939806981e-03
9.784593479594798637e-01 2.793228903326195993e-03
9.794382967001936668e-01 2.794685347479264424e-03
9.804182248792859822e-01 2.793788185049549209e-03
9.813991334766843933e-01 2.794981510601631490e-03
9.823810234732978097e-01 2.795784620541863930e-03
9.833638958510170225e-01 2.796526160335114242e-03
9.843477515927149257e-01 2.795062235174419069e-03
9.853325916822468500e-01 2.797022170574068461e-03
9.863184171044501181e-01 2.798486617364926744e-03
9.873052288451531489e-01 2.798908294554803416e-03
9.882930278911683519e-01 2.800252324645852338e-03
9.892818152302930157e-01 2.800216039801370002e-03
9.902715918513149695e-01 2.800084903613886400e-03
9.912623587440111406e-01 2.800694750598324654e-03
9.922541168991476646e-01 2.804502119725196287e-03
9.932468673084843269e-01 2.801559417586673914e-03
9.942406109647716761e-01 2.799803266928105935e-03
9.952353488617531330e-01 2.800699473665784790e-03
9.962310819941662121e-01 2.802287588229474338e-03
9.972278113577441871e-01 2.803992504638325861e-03
9.982255379492167569e-01 2.807247852566700091e-03
9.992242627663093790e-01 2.808033126007782911e-03
1.000223986807747600e+00 2.809587890932321516e-03
1.001224711073256834e+00 2.810391390146168601e-03
1.002226436563560474e+00 2.811451163421916158e-03
1.003229164280384333e+00 2.811649884779171635e-03
1.004232895226455646e+00 2.815388753440874192e-03
1.005237630405505511e+00 2.819803071341784977e-03
1.006243370822270000e+00 2.823797794729805688e-03
1.007250117482488161e+00 2.827140490895465458e-03
1.008257871392907346e+00 2.830823946034908938e-03
1.009266633561284321e+00 2.834819432213121337e-03
1.010276404996379940e+00 2.838919393428562376e-03
1.011287186707962471e+00 2.842068383290834947e-03
1.012298979706815372e+00 2.846380587147204905e-03
1.013311785004731513e+00 2.850062815154577080e-03
1.014325603614517401e+00 2.856165261905534505e-03
1.015340436549991621e+00 2.860711049206528332e-03
1.016356284825987721e+00 2.862174632591759239e-03
1.017373149458352000e+00 2.863301475744378741e-03
1.018391031463949936e+00 2.860872875035407829e-03
1.019409931860664198e+00 2.859415133712054150e-03
1.020429851667395971e+00 2.857620917940584607e-03
1.021450791904064959e+00 2.854101714839294476e-03
1.022472753591610495e+00 2.853939638942510661e-03
1.023495737751995538e+00 2.850531166006940731e-03
1.024519745408203342e+00 2.849863309079882570e-03
1.025544777584241007e+00 2.848102829172162280e-03
1.026570835305141705e+00 2.847209353956666779e-03
1.027597919596963782e+00 2.845222245604342101e-03
1.028626031486790104e+00 2.842257559235770049e-03
1.029655172002734043e+00 2.844330709273736914e-03
1.030685342173935926e+00 2.848972026935551408e-03
1.031716543030566147e+00 2.856850958242188043e-03
1.032748775603824720e+00 2.862401527699243772e-03
1.033782040925944834e+00 2.863983446841997498e-03
1.034816340030192627e+00 2.858991150157923818e-03
1.035851673950866303e+00 2.855747887009683645e-03
1.036888043723299679e+00 2.851289207056023709e-03
1.037925450383862858e+00 2.851930546212024745e-03
1.038963894969963331e+00 2.852104682741198050e-03
1.040003378520046207e+00 2.849427671844803178e-03
1.041043902073592431e+00 2.848416286591055457e-03
1.042085466671125449e+00 2.846005319561071591e-03
1.043128073354212981e+00 2.845120479643142939e-03
1.044171723165462140e+00 2.840269141491194495e-03
1.045216417148520982e+00 2.839807161579491722e-03
1.046262156348083616e+00 2.836949639379813051e-03
1.047308941809890870e+00 2.836060941743206911e-03
1.048356774580727402e+00 2.835332511198352615e-03
1.049405655708424367e+00 2.832899019716429278e-03
1.050455586241864525e+00 2.832511463898353121e-03
1.051506567230979794e+00 2.828870214397326971e-03
1.052558599726749256e+00 2.826488500801316479e-03
1.053611684781205371e+00 2.824250295090662780e-03
1.054665823447434869e+00 2.822212242422892682e-03
1.055721016779575638e+00 2.818796932034151395e-03
1.056777265832821389e+00 2.816952371852370247e-03
1.057834571663421430e+00 2.815437342330087082e-03
1.058892935328680673e+00 2.814543898408470527e-03
1.059952357886963181e+00 2.811709151915612378e-03
1.061012840397692836e+00 2.810574513421308217e-03
1.062074383921351339e+00 2.810515820034466955e-03
1.063136989519481546e+00 2.809728991593153126e-03
1.064200658254688792e+00 2.806909742359595464e-03
1.065265391190642452e+00 2.807132197349515579e-03
1.066331189392076162e+00 2.805345725865266218e-03
1.067398053924788259e+00 2.805149808188887178e-03
1.068465985855643563e+00 2.804934444941577752e-03
1.069534986252574260e+00 2.804608012891147452e-03
1.070605056184579462e+00 2.803083097310804864e-03
1.071676196721730756e+00 2.801227092290630750e-03
1.072748408935168429e+00 2.799958449072107152e-03
1.073821693897103469e+00 2.797755470297052897e-03
1.074896052680821112e+00 2.795554623796477588e-03
1.075971486360680407e+00 2.795126121949220461e-03
1.077047996012116871e+00 2.793903806618792517e-03
1.078125582711639385e+00 2.792466943494812618e-03
1.079204247536833972e+00 2.789949118401676385e-03
1.080283991566367119e+00 2.788710246749613163e-03
1.081364815879982011e+00 2.788258826336719592e-03
1.082446721558502079e+00 2.787427124299658113e-03
1.083529709683832998e+00 2.786303821475141339e-03
1.084613781338964023e+00 2.786176074115143293e-03
1.085698937607967762e+00 2.786816118359804282e-03
1.086785179575999072e+00 2.787047418538720570e-03
1.087872508329299936e+00 2.787437789051193555e-03
1.088960924955200360e+00 2.789016106442315963e-03
1.090050430542115478e+00 2.788011789826732624e-03
1.091141026179552442e+00 2.786083266354598929e-03
1.092232712958106200e+00 2.784576508600413499e-03
1.093325491969463270e+00 2.784895684104803960e-03
1.094419364306403519e+00 2.783845990661098363e-03
1.095514331062799718e+00 2.782742883338238001e-03
1.096610393333617983e+00 2.781012517621204820e-03
1.097707552214920890e+00 2.782075945176995871e-03
1.098805808803868134e+00 2.781054018221210816e-03
1.099905164198715202e+00 2.780369271402902305e-03
1.101005619498818477e+00 2.781407019694991361e-03
1.102107175804632577e+00 2.780856496576535487e-03
1.103209834217713237e+00 2.781250485068018606e-03
1.104313595840720197e+00 2.781204700086233571e-03
1.105418461777413652e+00 2.783116997877417391e-03
1.106524433132661356e+00 2.782900876043470449e-03
1.107631511012435288e+00 2.785162429262317847e-03
1.108739696523812546e+00 2.784081312497138725e-03
1.109848990774979782e+00 2.786209720432299749e-03
1.110959394875229211e+00 2.789774299291717351e-03
1.112070909934964602e+00 2.789028943494370992e-03
1.113183537065703277e+00 2.792109818270417220e-03
1.114297277380072559e+00 2.794025935571547645e-03
1.115412131991812217e+00 2.798612209816485601e-03
1.116528102015776458e+00 2.802080955879257887e-03
1.117645188567933490e+00 2.802060287125619168e-03
1.118763392765371512e+00 2.803915824724033130e-03
1.119882715726297162e+00 2.805750676008473676e-03
1.121003158570033076e+00 2.803135247757374948e-03
1.122124722417020326e+00 2.804126262337946606e-03
1.123247408388822866e+00 2.803193558642011821e-03
1.124371217608127527e+00 2.801254684264366072e-03
1.125496151198744688e+00 2.800884020654876259e-03
1.126622210285607384e+00 2.799239982135598350e-03
1.127749395994771975e+00 2.797983760458867299e-03
1.128877709453426359e+00 2.792886564187072127e-03
1.130007151789885311e+00 2.792040455367219599e-03
1.131137724133588929e+00 2.789248743136243328e-03
1.132269427615111068e+00 2.787363594425780900e-03
1.133402263366155127e+00 2.793142860923014063e-03
1.134536232519556265e+00 2.805435817756665989e-03
1.135671336209286064e+00 2.807856308610680047e-03
1.136807575570448314e+00 2.809661609605383290e-03
1.137944951739279231e+00 2.805649966945967209e-03
1.139083465853155674e+00 2.802272597682390308e-03
1.140223119050594480e+00 2.801282078889082757e-03
1.141363912471246245e+00 2.800521319877891796e-03
1.142505847255904872e+00 2.800414088834022805e-03
1.143648924546506684e+00 2.802842349467253146e-03
1.144793145486128871e+00 2.804209381912180915e-03
1.145938511218992373e+00 2.806987751975813586e-03
1.147085022890461214e+00 2.809996650617937498e-03
1.148232681647048281e+00 2.813650745270220108e-03
1.149381488636412874e+00 2.820684034047814866e-03
1.150531445007361153e+00 2.827180268110088702e-03
1.151682551909849916e+00 2.833518436409283858e-03
1.152834810494985263e+00 2.839251380881879089e-03
1.153988221915028811e+00 2.844389648341403252e-03
1.155142787323389930e+00 2.846465311897809942e-03
1.156298507874635062e+00 2.849844542725036602e-03
1.157455384724486835e+00 2.849365304684490716e-03
1.158613419029816960e+00 2.849088638479872759e-03
1.159772611948661325e+00 2.849616414718686170e-03
1.160932964640214893e+00 2.849005718507835634e-03
1.162094478264829478e+00 2.848409572743594836e-03
1.163257153984020631e+00 2.845721916602795675e-03
1.164420992960464529e+00 2.842740323758679005e-03
1.165585996357997089e+00 2.842030679649582437e-03
1.166752165341621739e+00 2.839403536420028948e-03
1.167919501077509192e+00 2.840039755776805654e-03
1.169088004732994568e+00 2.842853051910268405e-03
1.170257677476581604e+00 2.846831883885440288e-03
1.171428520477943325e+00 2.858341414930302277e-03
1.172600534907923375e+00 2.873550712909910248e-03
1.173773721938536241e+00 2.880007502234359969e-03
1.174948082742969024e+00 2.877188884006628890e-03
1.176123618495583001e+00 2.871267547834628620e-03
1.177300330371911397e+00 2.864792592817676144e-03
1.178478219548668493e+00 2.862790518264521616e-03
1.179657287203744964e+00 2.861583451028906072e-03
1.180837534516205212e+00 2.863477107177332670e-03
1.182018962666298245e+00 2.870903513793354386e-03
1.183201572835452797e+00 2.871987636796073662e-03
1.184385366206279766e+00 2.871132718183875849e-03
1.185570343962571549e+00 2.871558988044529189e-03
1.186756507289305596e+00 2.874512139008994493e-03
1.187943857372644185e+00 2.878518661614442968e-03
1.189132395399938202e+00 2.879911707130609465e-03
1.190322122559727358e+00 2.879896781487681703e-03
1.191513040041739746e+00 2.883498996239988038e-03
1.192705149036892065e+00 2.883754189499451379e-03
1.193898450737292283e+00 2.883408820111923749e-03
1.195092946336242523e+00 2.885892077903408261e-03
1.196288637028239288e+00 2.885893054886151665e-03
1.197485524008971902e+00 2.886607572589928832e-03
1.198683608475328288e+00 2.886772607295865628e-03
1.199882891625392523e+00 2.887539477596698899e-03
1.201083374658448388e+00 2.886127297071377530e-03
1.202285058774978488e+00 2.886338965257345852e-03
1.203487945176667351e+00 2.886946118391953836e-03
1.204692035066401878e+00 2.883366021345870004e-03
1.205897329648271787e+00 2.883213792660598539e-03
1.207103830127570721e+00 2.883524292407390992e-03
1.208311537710799799e+00 2.882908254012277356e-03
1.209520453605668511e+00 2.884350274546989244e-03
1.210730579021092268e+00 2.887013260072764011e-03
1.211941915167195072e+00 2.880719020111725120e-03
1.213154463255313065e+00 2.878981748976666786e-03
1.214368224497995641e+00 2.880993011071978499e-03
1.215583200109004336e+00 2.880126027842295523e-03
1.216799391303313715e+00 2.882407737205740922e-03
1.218016799297116037e+00 2.885539940979018995e-03
1.219235425307820142e+00 2.885504203409871085e-03
1.220455270554050786e+00 2.879551880839156114e-03
1.221676336255654416e+00 2.878903823827318360e-03
1.222898623633697612e+00 2.879623082144692515e-03
1.224122133910464649e+00 2.880051243392379827e-03
1.225346868309468595e+00 2.880082380025890051e-03
1.226572828055445985e+00 2.879252884794878103e-03
1.227800014374351933e+00 2.877681116106506776e-03
1.229028428493374347e+00 2.876172970005027880e-03
1.230258071640927708e+00 2.874399558185667530e-03
1.231488945046652184e+00 2.871201082018292640e-03
1.232721049941425173e+00 2.870766435555653032e-03
1.233954387557350874e+00 2.867017468229281652e-03
1.235188959127763386e+00 2.869485452759393089e-03
1.236424765887237598e+00 2.867061513968924454e-03
1.237661809071581853e+00 2.866374133437436540e-03
1.238900089917839509e+00 2.865091422507393820e-03
1.240139609664291376e+00 2.863205463571428817e-03
1.241380369550453722e+00 2.863736998209812090e-03
1.242622370817087374e+00 2.862421419288065181e-03
1.243865614706197942e+00 2.862678677808018924e-03
1.245110102461026935e+00 2.861761499788159635e-03
1.246355835326061534e+00 2.862039180390760738e-03
1.247602814547033478e+00 2.860840002704819786e-03
1.248851041370924841e+00 2.859187268702510342e-03
1.250100517045962700e+00 2.857966849376906461e-03
1.251351242821620691e+00 2.856526232284868280e-03
1.252603219948625890e+00 2.855101828614788409e-03
1.253856449678957707e+00 2.854042339860290295e-03
1.255110933265842998e+00 2.851166479138572164e-03
1.256366671963763171e+00 2.850182924637261871e-03
1.257623667028460623e+00 2.847285463052464174e-03
1.258881919716930087e+00 2.844111989987735747e-03
1.260141431287421954e+00 2.838812441847552489e-03
1.261402202999453381e+00 2.838614973982142489e-03
1.262664236113794747e+00 2.836304584383753623e-03
1.263927531892475642e+00 2.832508127000133574e-03
1.265192091598793755e+00 2.832599544484032394e-03
1.266457916497307101e+00 2.830078588204703455e-03
1.267725007853840458e+00 2.829356737308399115e-03
1.268993366935489364e+00 2.831424882296506174e-03
1.270262995010613016e+00 2.833341195735254031e-03
1.271533893348834932e+00 2.836440666151638160e-03
1.272806063221056050e+00 2.839411461564691000e-03
1.274079505899448517e+00 2.842754615859427979e-03
1.275354222657453018e+00 2.846568042556342840e-03
1.276630214769785443e+00 2.850745988164825589e-03
1.277907483512440212e+00 2.856291379852063383e-03
1.279186030162684506e+00 2.858989556142284717e-03
1.280465855999067148e+00 2.862880028427689395e-03
1.281746962301411275e+00 2.866665263524189461e-03
1.283029350350822995e+00 2.869247676552823863e-03
1.284313021429691171e+00 2.871658495798900222e-03
1.285597976821686306e+00 2.872456469780501620e-03
1.286884217811765874e+00 2.873910413930487462e-03
1.288171745686169212e+00 2.872827935973102081e-03
1.289460561732425514e+00 2.873993977757252800e-03
1.290750667239352723e+00 2.872846556029129070e-03
1.292042063497055082e+00 2.871576705436945653e-03
1.293334751796928028e+00 2.868834690272668679e-03
1.294628733431660184e+00 2.871306144682709942e-03
1.295924009695232693e+00 2.871367537652817770e-03
1.297220581882923440e+00 2.869180455415057916e-03
1.298518451291303943e+00 2.868615793450529378e-03
1.299817619218243570e+00 2.870215064566081394e-03
1.301118086962911757e+00 2.872324844732490438e-03
1.302419855825775574e+00 2.873191618953388742e-03
1.303722927108603713e+00 2.875009305406687771e-03
1.305027302114467824e+00 2.875224864272666030e-03
1.306332982147742738e+00 2.874924648100789671e-03
1.307639968514106243e+00 2.875805532260362028e-03
1.308948262520545081e+00 2.877466068210808928e-03
1.310257865475357386e+00 2.879079642373135253e-03
1.311568778688145365e+00 2.880214552627892530e-03
1.312881003469822394e+00 2.882802102698021809e-03
1.314194541132613248e+00 2.883946464805919527e-03
1.315509392990052095e+00 2.886538175588007366e-03
1.316825560356992275e+00 2.887197827216114385e-03
1.318143044549605181e+00 2.883295327981907387e-03
1.319461846885372491e+00 2.885142364462628742e-03
1.320781968683094609e+00 2.884069450876354003e-03
1.322103411262894657e+00 2.882138716052732100e-03
1.323426175946215588e+00 2.880428185946297404e-03
1.324750264055823967e+00 2.879429834979798167e-03
1.326075676915806634e+00 2.878653701663349065e-03
1.327402415851577810e+00 2.878091887254978411e-03
1.328730482189877105e+00 2.877549764689463305e-03
1.330059877258766621e+00 2.882632481296376007e-03
1.331390602387644506e+00 2.887890881424155613e-03
1.332722658907238511e+00 2.887732930860681998e-03
1.334056048149601548e+00 2.884142087018261649e-03
1.335390771448121905e+00 2.882501921937323779e-03
1.336726830137523470e+00 2.883537767448523820e-03
1.338064225553867281e+00 2.885797377807962708e-03
1.339402959034549756e+00 2.882606349993466731e-03
1.340743031918303130e+00 2.882469038789471118e-03
1.342084445545197235e+00 2.883828326652922332e-03
1.343427201256649495e+00 2.882527532701431323e-03
1.344771300395417146e+00 2.884148381224223637e-03
1.346116744305594359e+00 2.883061898908057061e-03
1.347463534332628665e+00 2.882794583023933540e-03
1.348811671823311853e+00 2.881913652169602880e-03
1.350161158125778860e+00 2.883244799174672704e-03
1.351511994589517540e+00 2.881629037777143527e-03
1.352864182565362894e+00 2.882785988174806861e-03
1.354217723405502616e+00 2.886568572540317186e-03
1.355572618463477541e+00 2.885094400693012564e-03
1.356928869094182311e+00 2.884391405747204970e-03
1.358286476653869368e+00 2.889419368015562744e-03
1.359645442500145185e+00 2.892327392223428308e-03
1.361005767991978699e+00 2.890533155478731270e-03
1.362367454489693541e+00 2.889786123463718506e-03
1.363730503354976253e+00 2.883911370120478823e-03
1.365094915950876286e+00 2.882817720414666916e-03
1.366460693641805557e+00 2.877660882362925981e-03
1.367827837793544221e+00 2.875563538628248157e-03
1.369196349773232901e+00 2.875461472799817689e-03
1.370566230949384456e+00 2.877333682385357569e-03
1.371937482691882648e+00 2.878288885642747621e-03
1.373310106371978812e+00 2.879461141951318581e-03
1.374684103362296073e+00 2.879578059402689190e-03
1.376059475036832236e+00 2.878150157216007900e-03
1.377436222770957119e+00 2.878381807637038145e-03
1.378814347941416329e+00 2.880197384814770032e-03
1.380193851926337034e+00 2.880047914503806612e-03
1.381574736105227075e+00 2.881188598048653807e-03
1.382957001858968082e+00 2.885932898869001707e-03
1.384340650569826359e+00 2.882352212815581481e-03
1.385725683621453097e+00 2.882955914713199695e-03
1.387112102398877056e+00 2.879705304349906587e-03
1.388499908288514106e+00 2.881036174506560257e-03
1.389889102678176336e+00 2.879407880501048868e-03
1.391279686957059170e+00 2.881965486178130961e-03
1.392671662515744480e+00 2.882654628162496097e-03
1.394065030746209910e+00 2.882685572250994702e-03
1.395459793041823549e+00 2.883635647344109151e-03
1.396855950797346368e+00 2.884355822059515850e-03
1.398253505408935560e+00 2.885278297837664922e-03
1.399652458274146971e+00 2.884553173790870787e-03
1.401052810791931336e+00 2.889403127450385772e-03
1.402454564362640488e+00 2.883745670763895007e-03
1.403857720388033359e+00 2.883656797977421620e-03
1.405262280271267539e+00 2.884280299655668685e-03
1.406668245416895724e+00 2.884014756793169647e-03
1.408075617230885701e+00 2.883665180074635424e-03
1.409484397120611021e+00 2.887340607271972684e-03
1.410894586494849667e+00 2.886674104885929033e-03
1.412306186763792493e+00 2.888307671150116499e-03
1.413719199339038557e+00 2.891184755585943407e-03
1.415133625633601788e+00 2.890493827362118975e-03
1.416549467061908762e+00 2.889633366234960719e-03
1.417966725039802256e+00 2.894066718620366165e-03
1.419385400984539025e+00 2.897233540500887897e-03
1.420805496314794913e+00 2.898244089621790798e-03
1.422227012450665296e+00 2.899974229383778072e-03
1.423649950813663079e+00 2.902466036288216603e-03
1.425074312826731360e+00 2.901340496646451477e-03
1.426500099914232100e+00 2.900137901983473702e-03
1.427927313501950124e+00 2.902964231645305433e-03
1.429355955017101332e+00 2.902459834696556260e-03
1.430786025888328483e+00 2.901505254122555867e-03
1.432217527545700975e+00 2.900324544255740867e-03
1.433650461420720168e+00 2.904418391881504434e-03
1.435084828946318947e+00 2.900979355845221489e-03
1.436520631556862826e+00 2.899364728638912855e-03
1.437957870688159057e+00 2.900736575498202158e-03
1.439396547777445301e+00 2.903368912634284905e-03
1.440836664263399847e+00 2.900790179190047662e-03
1.442278221586138942e+00 2.901059799371689604e-03
1.443721221187219905e+00 2.897625490166857651e-03
1.445165664509644454e+00 2.903355230241096846e-03
1.446611552997854488e+00 2.901971869962273812e-03
1.448058888097737640e+00 2.903574264400972382e-03
1.449507671256628161e+00 2.905171374421328806e-03
1.450957903923310921e+00 2.909550271451926372e-03
1.452409587548018299e+00 2.909873940034011022e-03
1.453862723582431071e+00 2.914959961043817396e-03
1.455317313479687957e+00 2.921416591164632467e-03
1.456773358694377629e+00 2.926962778527724025e-03
1.458230860682547148e+00 2.931171688376856162e-03
1.459689820901702628e+00 2.936716805975816708e-03
1.461150240810803247e+00 2.942333222812890635e-03
1.462612121870266346e+00 2.948272997523296649e-03
1.464075465541970544e+00 2.953236799558033639e-03
1.465540273289261508e+00 2.956822861931596418e-03
1.467006546576947734e+00 2.959285353369226108e-03
1.468474286871301882e+00 2.962133345244829293e-03
1.469943495640066322e+00 2.965957505506451770e-03
1.471414174352450921e+00 2.971067356556711218e-03
1.472886324479134590e+00 2.972673696753574003e-03
1.474359947492264622e+00 2.969377649339081243e-03
1.475835044865461132e+00 2.967941195734427780e-03
1.477311618073823940e+00 2.968412207893953055e-03
1.478789668593927464e+00 2.965261160264901462e-03
1.480269197903824496e+00 2.964771627995774032e-03
1.481750207483043980e+00 2.964408811469662272e-03
1.483232698812595229e+00 2.961296448747950671e-03
1.484716673374970375e+00 2.958296207233042374e-03
1.486202132654143915e+00 2.958897821490663518e-03
1.487689078135571830e+00 2.962616370788735166e-03
1.489177511306200907e+00 2.956529392005764929e-03
1.490667433654462082e+00 2.955711336793506901e-03
1.492158846670277539e+00 2.960159865415277602e-03
1.493651751845064934e+00 2.958841175674378071e-03
1.495146150671732066e+00 2.962300949553483762e-03
1.496642044644675762e+00 2.962776194430681923e-03
1.498139435259789654e+00 2.956527713143286638e-03
1.499638324014464175e+00 2.956838791083791617e-03
1.501138712407587894e+00 2.957581459554526303e-03
1.502640601939549292e+00 2.959252680837354699e-03
1.504143994112236538e+00 2.961922761002954742e-03
1.505648890429041931e+00 2.965066048329682846e-03
1.507155292394863233e+00 2.968079171359347922e-03
1.508663201516102337e+00 2.968899288870602022e-03
1.510172619300667263e+00 2.970971882295613507e-03
1.511683547257977489e+00 2.974819934792637469e-03
1.513195986898960399e+00 2.972446864220979618e-03
1.514709939736056388e+00 2.973582841536031619e-03
1.516225407283221971e+00 2.974626771390985122e-03
1.517742391055919793e+00 2.973307814579615252e-03
1.519260892571135058e+00 2.969954127496177154e-03
1.520780913347369978e+00 2.970173811095347567e-03
1.522302454904641111e+00 2.966929739676936115e-03
1.523825518764496234e+00 2.969424585747856057e-03
1.525350106449998355e+00 2.969421237565291957e-03
1.526876219485730601e+00 2.969821052658074608e-03
1.528403859397809539e+00 2.969328219007264826e-03
1.529933027713875626e+00 2.963773700662106301e-03
1.531463725963096323e+00 2.962236100149429584e-03
1.532995955676171640e+00 2.963990876849790807e-03
1.534529718385328367e+00 2.964883025310027700e-03
1.536065015624331398e+00 2.964153141079985121e-03
1.537601848928477732e+00 2.959205125494091156e-03
1.539140219834601586e+00 2.960724859333391853e-03
1.540680129881076166e+00 2.958467175097016962e-03
1.542221580607809006e+00 2.955491626303782902e-03
1.543764573556249298e+00 2.956945125533635022e-03
1.545309110269391661e+00 2.951918621816905682e-03
1.546855192291775483e+00 2.954856575274655665e-03
1.548402821169480026e+00 2.956120044006710183e-03
1.549951998450135093e+00 2.953321318181612205e-03
1.551502725682915251e+00 2.950439140200873927e-03
1.553055004418552043e+00 2.951587149078277374e-03
1.554608836209321776e+00 2.948714449480851693e-03
1.556164222609055736e+00 2.946866392659465081e-03
1.557721165173142852e+00 2.945848619553373925e-03
1.559279665458526809e+00 2.941755800216261200e-03
1.560839725023707159e+00 2.939707733455463635e-03
1.562401345428738431e+00 2.940006547529712758e-03
1.563964528235243456e+00 2.935907132540294465e-03
1.565529275006407373e+00 2.935231293840085895e-03
1.567095587306978954e+00 2.931573888101492338e-03
1.568663466703268616e+00 2.930719980097222597e-03
1.570232914763154186e+00 2.928548851753501499e-03
1.571803933056086233e+00 2.927137654427458199e-03
1.573376523153083406e+00 2.927032854140647518e-03
1.574950686626736207e+00 2.920842582797744842e-03
1.576526425051205660e+00 2.920538710298373804e-03
1.578103740002232414e+00 2.921179351444798920e-03
1.579682633057129193e+00 2.916675021129263787e-03
1.581263105794789903e+00 2.914993369950663257e-03
1.582845159795690959e+00 2.915037705163811554e-03
1.584428796641883297e+00 2.911172425687325732e-03
1.586014017917000585e+00 2.912325999648046095e-03
1.587600825206265887e+00 2.909188782431673323e-03
1.589189220096486999e+00 2.906804624094469058e-03
1.590779204176061778e+00 2.905885481474209872e-03
1.592370779034972816e+00 2.904932295001200378e-03
1.593963946264796538e+00 2.905129023933288729e-03
1.595558707458699654e+00 2.903624042427244492e-03
1.597155064211443820e+00 2.901435017477597446e-03
1.598753018119386970e+00 2.901739367496174518e-03
1.600352570780481987e+00 2.901769756571919053e-03
1.601953723794279805e+00 2.901111260419309435e-03
1.603556478761936521e+00 2.902449159542830857e-03
1.605160837286207842e+00 2.902913849220937516e-03
1.606766800971446418e+00 2.904384661636401788e-03
1.608374371423619609e+00 2.905621338150000347e-03
1.609983550250299711e+00 2.907801351045842357e-03
1.611594339060662628e+00 2.907831676497208556e-03
1.613206739465496975e+00 2.909434950674440884e-03
1.614820753077206072e+00 2.912759240702196464e-03
1.616436381509801290e+00 2.910708761195176034e-03
1.618053626378912035e+00 2.915294146820453930e-03
1.619672489301787088e+00 2.918647279345630736e-03
1.621292971897287050e+00 2.918058936248651373e-03
1.622915075785891670e+00 2.919786324984330848e-03
1.624538802589707176e+00 2.917894373845258005e-03
1.626164153932458944e+00 2.921201273546074687e-03
1.627791131439499495e+00 2.922217066471069491e-03
1.629419736737808710e+00 2.917915444513883693e-03
1.631049971455992953e+00 2.922896641969848289e-03
1.632681837224285060e+00 2.922369878123572302e-03
1.634315335674550784e+00 2.916845341316378314e-03
1.635950468440285910e+00 2.919384064586932285e-03
1.637587237156621134e+00 2.915822749683613137e-03
1.639225643460328952e+00 2.913076503430620228e-03
1.640865688989819882e+00 2.915216196938377052e-03
1.642507375385137580e+00 2.912215028586184751e-03
1.644150704287967502e+00 2.912551708719446179e-03
1.645795677341638452e+00 2.913786878720629921e-03
1.647442296191123257e+00 2.912806523721583885e-03
1.649090562483041200e+00 2.912891698512694652e-03
1.650740477865659139e+00 2.910215995585257315e-03
1.652392043988892389e+00 2.909232082147365176e-03
1.654045262504306946e+00 2.912194431898948357e-03
1.655700135065121037e+00 2.916458616188472887e-03
1.657356663326206681e+00 2.918554767170499289e-03
1.659014848944093901e+00 2.915858347077862449e-03
1.660674693576969618e+00 2.910701248125199987e-03
1.662336198884679206e+00 2.912757576853186939e-03
1.663999366528727597e+00 2.913385857488708618e-03
1.665664198172280175e+00 2.922287910417705609e-03
1.667330695480168323e+00 2.934842594415008540e-03
1.668998860118890315e+00 2.937756659869211924e-03
1.670668693756610423e+00 2.931198716204398182e-03
1.672340198063163363e+00 2.933980170324768273e-03
1.674013374710054736e+00 2.931843107126065780e-03
1.675688225370461693e+00 2.927255936087649370e-03
1.677364751719235381e+00 2.923920450308770298e-03
1.679042955432901163e+00 2.921397539310178169e-03
1.680722838189662172e+00 2.920080299481969850e-03
1.682404401669400640e+00 2.919177242619935657e-03
1.684087647553678346e+00 2.919453526046392015e-03
1.685772577525743277e+00 2.916632414523893241e-03
1.687459193270526736e+00 2.920317143777867615e-03
1.689147496474642685e+00 2.919727439000702109e-03
1.690837488826394841e+00 2.923699205401308898e-03
1.692529172015778904e+00 2.924406489572899635e-03
1.694222547734476558e+00 2.925663977510197574e-03
1.695917617675862132e+00 2.925032798760890049e-03
1.697614383535007043e+00 2.927560422471814534e-03
1.699312847008676020e+00 2.927963226706271817e-03
1.701013009795334652e+00 2.929803198180811093e-03
1.702714873595143619e+00 2.927676745877017418e-03
1.704418440109970900e+00 2.925165973838247425e-03
1.706123711043382896e+00 2.921318104583544087e-03
1.707830688100642424e+00 2.921109407580387701e-03
1.709539372988733374e+00 2.919535344197729358e-03
1.711249767416338718e+00 2.921409608644674402e-03
1.712961873093852061e+00 2.922892747476599565e-03
1.714675691733381635e+00 2.921643797465095505e-03
1.716391225048744973e+00 2.916330493790378342e-03
1.718108474755477122e+00 2.916904940299734454e-03
1.719827442570826870e+00 2.912376533733750279e-03
1.721548130213762073e+00 2.911730862819183249e-03
1.723270539404973212e+00 2.910245982513598798e-03
1.724994671866867391e+00 2.909346840050302044e-03
1.726720529323575670e+00 2.911491021139754436e-03
1.728448113500954619e+00 2.912709497617605413e-03
1.730177426126591422e+00 2.912592144170570753e-03
1.731908468929799882e+00 2.912298107293055313e-03
1.733641243641623975e+00 2.912760042682102993e-03
1.735375751994837401e+00 2.912179738153761188e-03
1.737111995723943592e+00 2.911606097215291115e-03
1.738849976565191469e+00 2.911388620744121032e-03
1.740589696256562569e+00 2.909830451108352464e-03
1.742331156537773262e+00 2.905795704318129072e-03
1.744074359150284748e+00 2.902538588669986534e-03
1.745819305837302604e+00 2.902281156023097265e-03
1.747565998343771909e+00 2.900540594602304088e-03
1.749314438416384787e+00 2.898578522319122594e-03
1.751064627803578855e+00 2.897270707339956973e-03
1.752816568255545659e+00 2.895970641894288905e-03
1.754570261524226682e+00 2.898358692512448178e-03
1.756325709363313337e+00 2.898121610709067982e-03
1.758082913528259406e+00 2.897637602149961186e-03
1.759841875776264164e+00 2.895760590665951741e-03
1.761602597866290143e+00 2.896274160694915605e-03
1.763365081559061576e+00 2.898616990331471036e-03
1.765129328617062621e+00 2.896578775614666156e-03
1.766895340804538028e+00 2.895973042683595844e-03
1.768663119887500246e+00 2.897238312508289542e-03
1.770432667633730528e+00 2.898162533217069591e-03
1.772203985812774718e+00 2.897565177570826482e-03
1.773977076195953018e+00 2.897916352688914912e-03
1.775751940556356212e+00 2.896202390875452296e-03
1.777528580668849223e+00 2.889797305308639420e-03
1.779306998310069110e+00 2.887169415304609472e-03
1.781087195258436395e+00 2.887583138396597991e-03
1.782869173294147958e+00 2.884275485682429117e-03
1.784652934199179475e+00 2.888161330320266999e-03
1.786438479757295417e+00 2.889696594025729839e-03
1.788225811754038830e+00 2.890305549648493084e-03
1.790014931976740220e+00 2.893281650328713775e-03
1.791805842214524880e+00 2.896888051572379420e-03
1.793598544258301342e+00 2.896619317402655391e-03
1.795393039900771148e+00 2.892881287799593110e-03
1.797189330936433072e+00 2.892941067681924737e-03
1.798987419161574230e+00 2.888353647664271794e-03
1.800787306374282082e+00 2.889568234346650069e-03
1.802588994374447084e+00 2.886569751239312365e-03
1.804392484963757148e+00 2.882400004362248216e-03
1.806197779945701409e+00 2.881639716456236427e-03
1.808004881125578445e+00 2.880181620841013902e-03
1.809813790310486503e+00 2.877734054769048519e-03
1.811624509309332831e+00 2.880053764602009351e-03
1.813437039932837891e+00 2.877750328793459138e-03
1.815251383993535805e+00 2.876896484136613492e-03
1.817067543305768362e+00 2.877688435717968424e-03
1.818885519685696339e+00 2.881735519508889752e-03
1.820705314951296394e+00 2.880460111308322420e-03
1.822526930922362842e+00 2.881401475661913517e-03
1.824350369420509876e+00 2.877808449244093677e-03
1.826175632269178672e+00 2.883659372270364930e-03
1.828002721293634281e+00 2.885641512025248576e-03
1.829831638320961185e+00 2.883680721601842960e-03
1.831662385180077957e+00 2.883371376404073299e-03
1.833494963701736369e+00 2.885132552698016148e-03
1.835329375718512734e+00 2.888965390173406887e-03
1.837165623064816344e+00 2.891779221769419806e-03
1.839003707576895463e+00 2.890986242167050638e-03
1.840843631092833554e+00 2.888503874449923660e-03
1.842685395452556607e+00 2.892157721332976224e-03
1.844529002497830250e+00 2.892109811825535094e-03
1.846374454072257976e+00 2.896406338975029277e-03
1.848221752021293796e+00 2.898616420057862318e-03
1.850070898192236912e+00 2.899074657116397502e-03
1.851921894434231275e+00 2.895532189611227034e-03
1.853774742598273795e+00 2.901688636919196127e-03
1.855629444537212569e+00 2.904235268897449249e-03
1.857486002105753542e+00 2.907651043963361409e-03
1.859344417160451179e+00 2.909369214270551146e-03
1.861204691559718905e+00 2.910728444686806055e-03
1.863066827163835537e+00 2.912090142943659938e-03
1.864930825834933525e+00 2.916761864514378841e-03
1.866796689437008716e+00 2.915665641333078668e-03
1.868664419835927903e+00 2.922866236964663696e-03
1.870534018899425055e+00 2.924958303513479178e-03
1.872405488497095316e+00 2.926335525789703837e-03
1.874278830500408777e+00 2.925360296295105317e-03
1.876154046782708917e+00 2.928056801725308599e-03
1.878031139219214163e+00 2.932200717025073254e-03
1.879910109687015440e+00 2.933600371203897231e-03
1.881790960065083063e+00 2.934818965889025941e-03
1.883673692234267838e+00 2.935767666393852577e-03
1.885558308077303735e+00 2.943897343375688567e-03
1.887444809478806107e+00 2.946118474707073304e-03
1.889333198325271468e+00 2.944848029755321381e-03
1.891223476505090817e+00 2.949538116255958665e-03
1.893115645908544309e+00 2.952940893609054627e-03
1.895009708427802808e+00 2.951301665868199045e-03
1.896905665956926557e+00 2.955837697570064433e-03
1.898803520391874500e+00 2.960243318957151912e-03
1.900703273630501844e+00 2.962062223947369878e-03
1.902604927572561166e+00 2.964355153981547680e-03
1.904508484119706857e+00 2.969746158997528356e-03
1.906413945175493785e+00 2.967858715720874362e-03
1.908321312645386625e+00 2.964964648218247796e-03
1.910230588436751864e+00 2.968653166554003145e-03
1.912141774458864463e+00 2.974991313281603530e-03
1.914054872622910297e+00 2.972702110361574723e-03
1.915969884841984605e+00 2.979246186762301869e-03
1.917886813031101978e+00 2.976860686394042742e-03
1.919805659107191032e+00 2.980639473547987486e-03
1.921726424989099069e+00 2.981906338791998241e-03
1.923649112597595190e+00 2.982650519957051258e-03
1.925573723855365182e+00 2.982368749038352175e-03
1.927500260687016409e+00 2.985056464543413106e-03
1.929428725019089796e+00 2.985306328523004444e-03
1.931359118780051842e+00 2.985619872398658208e-03
1.933291443900291728e+00 2.984699381801351331e-03
1.935225702312133089e+00 2.986951453988629518e-03
1.937161895949837120e+00 2.985795902229380037e-03
1.939100026749601025e+00 2.987232465504380957e-03
1.941040096649554014e+00 2.988861365416908313e-03
1.942982107589765972e+00 2.988725833190657329e-03
1.944926061512247673e+00 2.988849009156020146e-03
1.946871960360953446e+00 2.987987203521626743e-03
1.948819806081781847e+00 2.986755586713594167e-03
1.950769600622574540e+00 2.986404786142623884e-03
1.952721345933129404e+00 2.989913857630354180e-03
1.954675043965192760e+00 2.990890626016364569e-03
1.956630696672465364e+00 2.989392954700259824e-03
1.958588306010599522e+00 2.990528230151461367e-03
1.960547873937202201e+00 2.987927011026070279e-03
1.962509402411841242e+00 2.990013921040382550e-03
1.964472893396044695e+00 2.989650403179043483e-03
1.966438348853305484e+00 2.990335441129733218e-03
1.968405770749081407e+00 2.986950953145906321e-03
1.970375161050789359e+00 2.994326735141023856e-03
1.972346521727821544e+00 2.988726837349307223e-03
1.974319854751539927e+00 2.991265834785431215e-03
1.976295162095277336e+00 2.989527087556422252e-03
1.978272445734343465e+00 2.993214649090538380e-03
1.980251707646021986e+00 2.990051569110064277e-03
1.982232949809572320e+00 2.990035872732733132e-03
1.984216174206235195e+00 2.989361908105231478e-03
1.986201382819236860e+00 2.985477424690284945e-03
1.988188577633788201e+00 2.984229474082206353e-03
1.990177760637084958e+00 2.988666296486157739e-03
1.992168933818306620e+00 2.985848746579094267e-03
1.994162099168625746e+00 2.983089779600081072e-03
1.996157258681210633e+00 2.982693906179229547e-03
1.998154414351219765e+00 2.984402239594502373e-03
2.000153568175812691e+00 2.980224619070871023e-03
2.002154722154140476e+00 2.982981393823449113e-03
2.004157878287355921e+00 2.980295409479248245e-03
2.006163038578616220e+00 2.982071714853470890e-03
2.008170205033081412e+00 2.976052966211724642e-03
2.010179379657917487e+00 2.980642845305717277e-03
2.012190564462303932e+00 2.978925244738480672e-03
2.014203761457421749e+00 2.981761303144904018e-03
2.016218972656465880e+00 2.981796991511481525e-03
2.018236200074653208e+00 2.987993745093142986e-03
2.020255445729208343e+00 2.988449766210881861e-03
2.022276711639375613e+00 2.987189460500132288e-03
2.024299999826424390e+00 2.984222266502744268e-03
2.026325312313641991e+00 2.984375147935053579e-03
2.028352651126337669e+00 2.983015764004186190e-03
2.030382018291853274e+00 2.981021886463978109e-03
2.032413415839559701e+00 2.979758871526774679e-03
2.034446845800850667e+00 2.981322411386406936e-03
2.036482310209152935e+00 2.980501823653462692e-03
2.038519811099934298e+00 2.978984455072802850e-03
2.040559350510698700e+00 2.978466594369285486e-03
2.042600930480983124e+00 2.979154788574077482e-03
2.044644553052371361e+00 2.979479305360355646e-03
2.046690220268486460e+00 2.976526783383670605e-03
2.048737934174990283e+00 2.973190582377624111e-03
2.050787696819598604e+00 2.974263169835127292e-03
2.052839510252076671e+00 2.971091951957292431e-03
2.054893376524232984e+00 2.970855615042820169e-03
2.056949297689938838e+00 2.968601729614344167e-03
2.059007275805113224e+00 2.969624444794379415e-03
2.061067312927732598e+00 2.967229980248315725e-03
2.063129411117835765e+00 2.965645214456671432e-03
2.065193572437520775e+00 2.963284615731918200e-03
2.067259798950950689e+00 2.962268783459656198e-03
2.069328092724351809e+00 2.958913297805285288e-03
2.071398455826018559e+00 2.956611923568111359e-03
2.073470890326312155e+00 2.956173582539717293e-03
2.075545398297670818e+00 2.952227718229023107e-03
2.077621981814598229e+00 2.951077856444580920e-03
2.079700642953679068e+00 2.952251621294559557e-03
2.081781383793575468e+00 2.950420446845543679e-03
2.083864206415028342e+00 2.945479413166880896e-03
2.085949112900863156e+00 2.945651294915762469e-03
2.088036105335985937e+00 2.942939482849299491e-03
2.090125185807389485e+00 2.939008577214952383e-03
2.092216356404151156e+00 2.938781477201675429e-03
2.094309619217441298e+00 2.939950814183319491e-03
2.096404976340524140e+00 2.936347583736059232e-03
2.098502429868758679e+00 2.935172087492542940e-03
2.100601981899600457e+00 2.935701068394049734e-03
2.102703634532599342e+00 2.933264328094237205e-03
2.104807389869406631e+00 2.929350789879893967e-03
2.106913250013779493e+00 2.927282928572799182e-03
2.109021217071576970e+00 2.927912031880654763e-03
2.111131293150767529e+00 2.926744032463620554e-03
2.113243480361425952e+00 2.924272224316696624e-03
2.115357780815740441e+00 2.922968537518721120e-03
2.117474196628013505e+00 2.923793354420224123e-03
2.119592729914662410e+00 2.922676019066762412e-03
2.121713382794218727e+00 2.921138980773789647e-03
2.123836157387335444e+00 2.922597960262514338e-03
2.125961055816782963e+00 2.923301393422560700e-03
2.128088080207463761e+00 2.923407104781879182e-03
2.130217232686400397e+00 2.924710564524768582e-03
2.132348515382747944e+00 2.927430255879530201e-03
2.134481930427789997e+00 2.926423170497455609e-03
2.136617479954937782e+00 2.932270620891512525e-03
2.138755166099743921e+00 2.932123321458970141e-03
2.140894990999892666e+00 2.929560983471529365e-03
2.143036956795210557e+00 2.936892040260285532e-03
2.145181065627663308e+00 2.937131368954281133e-03
2.147327319641362031e+00 2.941357095168795066e-03
2.149475720982560567e+00 2.944516609578796615e-03
2.151626271799656820e+00 2.946446613413068304e-03
2.153778974243205191e+00 2.945923528834913825e-03
2.155933830465906809e+00 2.948665575844489767e-03
2.158090842622617522e+00 2.952917946119799041e-03
2.160250012870349678e+00 2.958265097382128256e-03
2.162411343368275229e+00 2.962066262389035157e-03
2.164574836277725733e+00 2.959516824997055623e-03
2.166740493762190578e+00 2.964623571291842390e-03
2.168908317987328083e+00 2.965245354663858211e-03
2.171078311120967275e+00 2.968727005776463073e-03
2.173250475333098564e+00 2.971540608359270891e-03
2.175424812795882623e+00 2.971893720979450378e-03
2.177601325683664601e+00 2.975640298659286420e-03
2.179780016172958135e+00 2.975407871970420573e-03
2.181960886442447567e+00 2.974826578945806953e-03
2.184143938673002605e+00 2.975564659717057879e-03
2.186329175047673878e+00 2.978472830876850632e-03
2.188516597751704484e+00 2.978615126485988779e-03
2.190706208972517111e+00 2.982521397190536667e-03
2.192898010899720695e+00 2.985902761220088179e-03
2.195092005725113538e+00 2.987052444039560786e-03
2.197288195642695285e+00 2.987308111355236381e-03
2.199486582848655836e+00 2.992592777503821390e-03
2.201687169541381994e+00 2.994986091532442912e-03
2.203889957921462806e+00 2.996587289655510723e-03
2.206094950191685111e+00 2.998290933475290798e-03
2.208302148557042432e+00 2.996886172990357103e-03
2.210511555224734526e+00 2.995110122359377451e-03
2.212723172404166938e+00 2.994149156542341358e-03
2.214937002306953673e+00 2.989008875063165187e-03
2.217153047146927847e+00 2.987396707761817705e-03
2.219371309140135029e+00 2.986272286450343798e-03
2.221591790504835906e+00 2.992261248162185212e-03
2.223814493461512498e+00 2.991476232488749464e-03
2.226039420232865051e+00 2.990709581413401180e-03
2.228266573043822252e+00 2.992585159744105393e-03
2.230495954121538116e+00 2.995222173063504141e-03
2.232727565695393768e+00 2.994898028729298632e-03
2.234961409997000992e+00 2.992736675660931031e-03
2.237197489260204897e+00 2.995375161780151115e-03
2.239435805721083028e+00 2.998353602051536705e-03
2.241676361617952473e+00 2.999554679647123932e-03
2.243919159191369861e+00 2.998048790647713652e-03
2.246164200684134915e+00 3.002397880724458172e-03
2.248411488341286901e+00 3.003099173406244618e-03
2.250661024410114397e+00 3.001629217796452764e-03
2.252912811140153959e+00 3.001800778093201630e-03
2.255166850783189680e+00 3.007019456404557908e-03
2.257423145593265623e+00 3.007006885235749723e-03
2.259681697826675162e+00 3.005273964931978216e-03
2.261942509741970753e+00 3.005942627027760605e-03
2.264205583599968374e+00 3.007677301216149512e-03
2.266470921663737315e+00 3.008575417870204896e-03
2.268738526198614380e+00 3.011371998431039768e-03
2.271008399472205674e+00 3.009161719173888624e-03
2.273280543754384819e+00 3.009787016466282210e-03
2.275554961317296954e+00 3.010174300154251290e-03
2.277831654435360065e+00 3.011269896879196356e-03
2.280110625385271206e+00 3.011535343096863934e-03
2.282391876445996282e+00 3.011810076500165759e-03
2.284675409898784704e+00 3.013560948623774348e-03
2.286961228027174720e+00 3.012726290847532115e-03
2.289249333116983198e+00 3.013896883607028974e-03
2.291539727456316289e+00 3.013649263890781811e-03
2.293832413335568976e+00 3.012146597264154201e-03
2.296127393047421972e+00 3.012665016719679335e-03
2.298424668886857702e+00 3.012339917414750233e-03
2.300724243151156312e+00 3.011030824562887197e-03
2.303026118139892109e+00 3.010014142384073374e-03
2.305330296154935787e+00 3.006075317682556022e-03
2.307636779500468638e+00 3.003937740391279896e-03
2.309945570482975441e+00 3.001624163885565320e-03
2.312256671411244913e+00 3.000686664313560563e-03
2.314570084596378141e+00 3.003582292123402157e-03
2.316885812351787255e+00 3.011338142118152872e-03
2.319203856993203861e+00 3.014165954002877203e-03
2.321524220838667496e+00 3.013617924829533386e-03
2.323846906208542507e+00 3.013831905721842813e-03
2.326171915425521153e+00 3.015321276146498523e-03
2.328499250814608956e+00 3.017475511931493222e-03
2.330828914703140686e+00 3.020051931978975923e-03
2.333160909420783025e+00 3.018664382844027209e-03
2.335495237299529681e+00 3.018441771231743145e-03
2.337831900673706720e+00 3.016453946815995067e-03
2.340170901879977006e+00 3.014635843101676465e-03
2.342512243257343751e+00 3.015541965375710849e-03
2.344855927147150965e+00 3.016363115454394513e-03
2.347201955893081671e+00 3.016344909319730420e-03
2.349550331841163242e+00 3.014199576605784345e-03
2.351901057339769618e+00 3.013186125849290353e-03
2.354254134739628412e+00 3.010405221252273732e-03
2.356609566393821797e+00 3.008633799152863383e-03
2.358967354657777626e+00 3.009327432338605897e-03
2.361327501889283642e+00 3.007819066139911374e-03
2.363690010448485701e+00 3.004817398221784012e-03
2.366054882697895767e+00 3.005424362014028159e-03
2.368422121002386582e+00 3.006670242610084715e-03
2.370791727729192999e+00 3.012715905391260239e-03
2.373163705247925304e+00 3.010156002435261137e-03
2.375538055930560777e+00 3.010022604583687152e-03
2.377914782151449469e+00 3.011851079850351443e-03
2.380293886287319527e+00 3.014050936208416236e-03
2.382675370717276309e+00 3.014080509591311567e-03
2.385059237822801048e+00 3.011687870986024494e-03
2.387445489987759739e+00 3.008104492856587299e-03
2.389834129598410239e+00 3.006966955775565269e-03
2.392225159043389393e+00 3.005411276068027746e-03
2.394618580713724132e+00 3.005815555550662120e-03
2.397014397002838582e+00 3.005418789639429517e-03
2.399412610306550508e+00 3.002069749177884231e-03
2.401813223023073984e+00 2.997326261849318080e-03
2.404216237553020274e+00 2.998819337935850968e-03
2.406621656299405387e+00 2.998658909708249668e-03
2.409029481667643413e+00 2.999232655028314688e-03
2.411439716065562955e+00 2.997212059059081377e-03
2.413852361903402688e+00 2.996712669562416696e-03
2.416267421593802922e+00 2.997098592728487075e-03
2.418684897551825586e+00 2.995584464547402202e-03
2.421104792194948896e+00 2.996078254121514739e-03
2.423527107943065584e+00 2.996344604491203364e-03
2.425951847218492219e+00 2.993622585571835415e-03
2.428379012445967433e+00 2.993137515252089140e-03
2.430808606052657250e+00 2.994051366284761380e-03
2.433240630468156418e+00 2.995841731134728236e-03
2.435675088124486631e+00 2.995214730403265597e-03
2.438111981456106747e+00 2.991011379181336954e-03
2.440551312899912340e+00 2.989863320643069110e-03
2.442993084895234812e+00 2.991300461044285770e-03
2.445437299883853832e+00 2.991152026923314233e-03
2.447883960309978679e+00 2.990492723838607952e-03
2.450333068620265564e+00 2.986420433759378289e-03
2.452784627263817629e+00 2.986729305077941241e-03
2.455238638692204489e+00 2.987716123860382524e-03
2.457695105359435583e+00 2.989535042917165243e-03
2.460154029721969948e+00 2.986012091996002524e-03
2.462615414238743750e+00 2.983885447840584418e-03
2.465079261371134756e+00 2.982558559716208882e-03
2.467545573582992535e+00 2.985686667560481268e-03
2.470014353340631796e+00 2.985712504761215205e-03
2.472485603112830166e+00 2.985585071591625225e-03
2.474959325370837071e+00 2.984397440488047691e-03
2.477435522588375516e+00 2.985612799439514489e-03
2.479914197241639418e+00 2.986586115073670052e-03
2.482395351809302930e+00 2.981854376314402311e-03
2.484878988772528885e+00 2.979008056237324696e-03
2.487365110614955910e+00 2.980031260111521904e-03
2.489853719822701983e+00 2.983035126288021907e-03
2.492344818884375535e+00 2.979277654219771032e-03
2.494838410291070119e+00 2.974123148613511645e-03
2.497334496536383064e+00 2.975179812518970179e-03
2.499833080116400819e+00 2.975270360798516409e-03
2.502334163529706945e+00 2.974896633662941006e-03
2.504837749277384784e+00 2.974531247372048937e-03
2.507343839863014345e+00 2.970499531666068518e-03
2.509852437792693625e+00 2.969428111810289411e-03
2.512363545575026169e+00 2.972764396535863309e-03
2.514877165721113972e+00 2.969046502949801956e-03
2.517393300744581008e+00 2.963620795332969331e-03
2.519911953161556806e+00 2.963865885419122992e-03
2.522433125490685768e+00 2.964860423078148188e-03
2.524956820253147161e+00 2.965664030080632230e-03
2.527483039972646228e+00 2.962168036975033978e-03
2.530011787175398652e+00 2.959104069432830740e-03
2.532543064390146537e+00 2.956736351646224899e-03
2.535076874148167292e+00 2.956843059541313518e-03
2.537613218983271413e+00 2.955295000772459497e-03
2.540152101431809584e+00 2.951935285362426546e-03
2.542693524032659802e+00 2.950899864855754604e-03
2.545237489327245139e+00 2.954231968497055428e-03
2.547783999859532411e+00 2.955243915042510272e-03
2.550333058176029954e+00 2.950283358964436893e-03
2.552884666825803173e+00 2.950933185523488701e-03
2.555438828360458547e+00 2.948149214568937006e-03
2.557995545334152077e+00 2.950411467204234507e-03
2.560554820303596824e+00 2.950918559371698991e-03
2.563116655828076684e+00 2.946757768580284854e-03
2.565681054469429956e+00 2.947678524565027717e-03
2.568248018792045784e+00 2.948460744590830802e-03
2.570817551362897468e+00 2.949965911186160084e-03
2.573389654751518485e+00 2.949705262803963869e-03
2.575964331530008256e+00 2.952036590963469896e-03
2.578541584273044585e+00 2.948108077302318691e-03
2.581121415557876553e+00 2.945873057893089522e-03
2.583703827964337840e+00 2.946571877682878458e-03
2.586288824074843617e+00 2.947967030823430735e-03
2.588876406474390546e+00 2.948736342887248521e-03
2.591466577750558553e+00 2.948098869122200982e-03
2.594059340493518384e+00 2.952326253440727948e-03
2.596654697296031600e+00 2.958872448567394578e-03
2.599252650753462568e+00 2.961868749988932382e-03
2.601853203463758923e+00 2.959333757747270935e-03
2.604456358027470220e+00 2.959252450567417467e-03
2.607062117047760808e+00 2.956821331658343252e-03
2.609670483130389851e+00 2.952907463506043717e-03
2.612281458883716656e+00 2.950687396260258995e-03
2.614895046918714883e+00 2.951224701974130421e-03
2.617511249848980981e+00 2.951442298135220806e-03
2.620130070290716873e+00 2.946782461594806869e-03
2.622751510862746382e+00 2.943473048342045047e-03
2.625375574186502803e+00 2.940271596284537749e-03
2.628002262886047546e+00 2.941992856375539103e-03
2.630631579588075031e+00 2.943496779982099180e-03
2.633263526921897135e+00 2.943362014175244026e-03
2.635898107519465849e+00 2.939812555773814971e-03
2.638535324015363503e+00 2.935866955883645758e-03
2.641175179046807653e+00 2.936859386818228054e-03
2.643817675253651078e+00 2.929153881195792862e-03
2.646462815278393332e+00 2.932384037896008065e-03
2.649110601766170969e+00 2.935235802073743374e-03
2.651761037364768647e+00 2.935399304982891366e-03
2.654414124724629342e+00 2.937501290158423678e-03
2.657069866498836586e+00 2.938587099180001334e-03
2.659728265343126452e+00 2.938914357419885291e-03
2.662389323915903550e+00 2.945651733474842146e-03
2.665053044878226807e+00 2.953504316605827084e-03
2.667719430893810806e+00 2.956406528711475606e-03
2.670388484629045323e+00 2.958279948041585197e-03
2.673060208752994438e+00 2.951591696989776161e-03
2.675734605937373445e+00 2.952508454934290281e-03
2.678411678856579048e+00 2.955875090105396404e-03
2.681091430187691138e+00 2.952893252283266164e-03
2.683773862610453698e+00 2.954568539463011019e-03
2.686458978807302778e+00 2.957837188480139535e-03
2.689146781463357616e+00 2.956798420384028001e-03
2.691837273266414865e+00 2.959146467766665851e-03
2.694530456906965021e+00 2.965565872258752074e-03
2.697226335078197312e+00 2.963733852528537428e-03
2.699924910475991258e+00 2.957303347100973499e-03
2.702626185798916225e+00 2.962041996446443913e-03
2.705330163748253192e+00 2.965094923487319317e-03
2.708036847027985861e+00 2.966649123726070644e-03
2.710746238344789560e+00 2.971059706838554554e-03
2.713458340408054781e+00 2.969180495859664176e-03
2.716173155929883176e+00 2.963190136147897738e-03
2.718890687625096891e+00 2.966343429466187630e-03
2.721610938211223907e+00 2.972271590307704915e-03
2.724333910408513137e+00 2.975692260224066087e-03
2.727059606939940650e+00 2.969821411228132368e-03
2.729788030531202114e+00 2.969253122591288072e-03
2.732519183910722571e+00 2.971969602349936942e-03
2.735253069809658211e+00 2.978706165384084701e-03
2.737989690961888822e+00 2.983806925930494042e-03
2.740729050104034226e+00 2.977921304560483297e-03
2.743471149975461376e+00 2.976964608339708815e-03
2.746215993318269266e+00 2.984149991267945508e-03
2.748963582877296030e+00 2.985826472819886994e-03
2.751713921400137153e+00 2.984472250038599367e-03
2.754467011637128149e+00 2.989187064877586730e-03
2.757222856341353445e+00 2.989354545655218982e-03
2.759981458268668142e+00 2.987780688059900932e-03
2.762742820177677583e+00 2.990682895481229248e-03
2.765506944829736025e+00 2.993253935370993740e-03
2.768273834988963955e+00 2.991610145766349961e-03
2.771043493422256532e+00 2.994172285394289604e-03
2.773815922899276032e+00 2.990642858983229117e-03
2.776591126192445191e+00 2.993723714796256256e-03
2.779369106076971185e+00 2.996859043122821007e-03
2.782149865330835858e+00 2.997911127383767835e-03
2.784933406734796613e+00 2.995899212891162816e-03
2.787719733072396178e+00 2.998092029701332484e-03
2.790508847129963499e+00 2.997261099155885088e-03
2.793300751696610629e+00 2.998047491363735936e-03
2.796095449564240720e+00 2.994608200909813257e-03
2.798892943527549360e+00 2.993292146079591393e-03
2.801693236384038332e+00 2.997230699643804730e-03
2.804496330933999637e+00 3.002751203635881279e-03
2.807302229980519481e+00 3.000235782945577263e-03
2.810110936329506703e+00 3.000181103865824563e-03
2.812922452789668348e+00 3.000296277885857940e-03
2.815736782172511887e+00 2.999495385630998948e-03
2.818553927292374528e+00 2.996919879831844331e-03
2.821373890966397902e+00 3.001442125431079584e-03
2.824196676014550711e+00 2.997278468458685827e-03
2.827022285259616297e+00 2.997387782862064899e-03
2.829850721527202406e+00 2.998220210984000027e-03
2.832681987645746524e+00 3.000064920760897418e-03
2.835516086446511874e+00 3.001658692430305732e-03
2.838353020763594525e+00 2.997413661197846461e-03
2.841192793433933605e+00 2.991667625851126937e-03
2.844035407297307749e+00 2.993028740511802059e-03
2.846880865196327104e+00 2.997455581837654010e-03
2.849729169976447540e+00 2.996021803068533301e-03
2.852580324485975538e+00 2.996331544187714503e-03
2.855434331576065077e+00 2.998992906779571373e-03
2.858291194100722521e+00 2.997206857052848485e-03
2.861150914916811061e+00 2.991242366237774775e-03
2.864013496884051602e+00 2.996969109498794515e-03
2.866878942865026314e+00 2.997580640590649225e-03
2.869747255725183521e+00 2.995105335289098211e-03
2.872618438332836366e+00 2.999309507307095120e-03
2.875492493559169027e+00 2.989481681010650212e-03
2.878369424278236277e+00 2.992340654960186797e-03
2.881249233366968809e+00 2.998286601741859646e-03
2.884131923705171907e+00 2.999150657637901073e-03
2.887017498175541874e+00 2.996066401897503478e-03
2.889905959663658042e+00 2.994636955638128699e-03
2.892797311057972998e+00 2.991904101317485742e-03
2.895691555249836124e+00 2.997100346777281307e-03
2.898588695133490045e+00 2.997067064074912870e-03
2.901488733606079062e+00 3.001026816801517436e-03
2.904391673567642052e+00 2.996834926962283711e-03
2.907297517921122676e+00 2.994290305631436104e-03
2.910206269572368054e+00 2.995990875241650447e-03
2.913117931430124763e+00 2.998558211800110129e-03
2.916032506406053049e+00 2.998572968139126722e-03
2.918949997414726827e+00 2.996348617483575796e-03
2.921870407373641676e+00 2.995918529306984719e-03
2.924793739203208620e+00 2.992532244721290112e-03
2.927719995826757238e+00 2.997525277683349854e-03
2.930649180170546320e+00 2.998539465895020198e-03
2.933581295163762093e+00 2.995963186666520707e-03
2.936516343738513779e+00 2.996160068371769934e-03
2.939454328829848251e+00 2.994427721468570676e-03
2.942395253375765130e+00 2.994693535423620465e-03
2.945339120317177706e+00 2.997851420232018615e-03
2.948285932597951575e+00 3.001489570917908849e-03
2.951235693164907747e+00 3.003695747756178827e-03
2.954188404967802217e+00 3.000316842113979945e-03
2.957144070959347282e+00 3.003711464627779881e-03
2.960102694095215980e+00 3.000837873603300933e-03
2.963064277334023888e+00 3.002012424801005219e-03
2.966028823637354872e+00 2.998336040303684752e-03
