8.099554455959743215e-01 2.726961936239535953e-03
8.107658061542900585e-01 2.726826470482240309e-03
8.115769774784792334e-01 2.726578020534721827e-03
8.123889603797121994e-01 2.726411802360100868e-03
8.132017556699727701e-01 2.726206705475887459e-03
8.140153641620563318e-01 2.725964749390049572e-03
8.148297866695717317e-01 2.725711967303270054e-03
8.156450240069411661e-01 2.725467519550815211e-03
8.164610769894029563e-01 2.725200331815009602e-03
8.172779464330105492e-01 2.724930688285390461e-03
8.180956331546322957e-01 2.724605004444287121e-03
8.189141379719558911e-01 2.724273909366066102e-03
8.197334617034857107e-01 2.723962688760131305e-03
8.205536051685444754e-01 2.723615907058771386e-03
8.213745691872769150e-01 2.723219612241714604e-03
8.221963545806487694e-01 2.722854848756564843e-03
8.230189621704429026e-01 2.722493610748592200e-03
8.238423927792670742e-01 2.722054801890131347e-03
8.246666472305524964e-01 2.721622332750573553e-03
8.254917263485536116e-01 2.721201588580901814e-03
8.263176309583500911e-01 2.720787841226113193e-03
8.271443618858455027e-01 2.720362479899094028e-03
8.279719199577725286e-01 2.719947024941019205e-03
8.288003060016881918e-01 2.719567930443371646e-03
8.296295208459781856e-01 2.719161998104749345e-03
8.304595653198585392e-01 2.718743351606207719e-03
8.312904402533747295e-01 2.718897476349643825e-03
8.321221464773999044e-01 2.749773741333290389e-03
8.329546848236402123e-01 2.872193100211716411e-03
8.337880561246344691e-01 2.908747974067117052e-03
8.346222612137542685e-01 2.912377999931149881e-03
8.354573009252049820e-01 2.913707370024209813e-03
8.362931760940265358e-01 2.916004474638222207e-03
8.371298875560944097e-01 2.918500236546601838e-03
8.379674361481189715e-01 2.920405436285378534e-03
8.388058227076495843e-01 2.920871124101502309e-03
8.396450480730722754e-01 2.921192878756764810e-03
8.404851130836130668e-01 2.921262958056722054e-03
8.413260185793379753e-01 2.924547576469234758e-03
8.421677654011512359e-01 2.926914757413865645e-03
8.430103543908002983e-01 2.928494587344728645e-03
8.438537863908742720e-01 2.928966077281522189e-03
8.446980622448042597e-01 2.926037871184524949e-03
8.455431827968671321e-01 2.922913606827262992e-03
8.463891488921824191e-01 2.922964606836276659e-03
8.472359613767166397e-01 2.924908035853858879e-03
8.480836210972833022e-01 2.925945450380905855e-03
8.489321289015407945e-01 2.925813173124120273e-03
8.497814856379983794e-01 2.925259692456964530e-03
8.506316921560135302e-01 2.925315467834330684e-03
8.514827493057913754e-01 2.925071245922416553e-03
8.523346579383890287e-01 2.925544181532506449e-03
8.531874189057161439e-01 2.926159013629846609e-03
8.540410330605319178e-01 2.926500297884502069e-03
8.548955012564523059e-01 2.927453814428806513e-03
8.557508243479458043e-01 2.928577110889024875e-03
8.566070031903338933e-01 2.928525236553541043e-03
8.574640386397960334e-01 2.928154471517244173e-03
8.583219315533672233e-01 2.926493532645249151e-03
8.591806827889413301e-01 2.925495408378778889e-03
8.600402932052715332e-01 2.925648020199423174e-03
8.609007636619676607e-01 2.926321774743223525e-03
8.617620950194990748e-01 2.923543615341841085e-03
8.626242881391973372e-01 2.921931546089228966e-03
8.634873438832556536e-01 2.920254981790207458e-03
8.643512631147296510e-01 2.919134296947347666e-03
8.652160466975378217e-01 2.919664359247443192e-03
8.660816954964636327e-01 2.920233678147061453e-03
8.669482103771571913e-01 2.922702037722624616e-03
8.678155922061336902e-01 2.925380836833963230e-03
8.686838418507756288e-01 2.926922484206120716e-03
8.695529601793322572e-01 2.928663587153883426e-03
8.704229480609205760e-01 2.930770407791116056e-03
8.712938063655277787e-01 2.932163640832377398e-03
8.721655359640141381e-01 2.932897342913263171e-03
8.730381377281095645e-01 2.933846528333317570e-03
8.739116125304161597e-01 2.934293452654052406e-03
8.747859612444087718e-01 2.933895958269381113e-03
8.756611847444361052e-01 2.929840751123002733e-03
8.765372839057208321e-01 2.927283971832511308e-03
8.774142596043608133e-01 2.928494952678219101e-03
8.782921127173328735e-01 2.931737376877262269e-03
8.791708441224919124e-01 2.934284832864420770e-03
8.800504546985693510e-01 2.933414699917829931e-03
8.809309453251749078e-01 2.931186182240880927e-03
8.818123168827982639e-01 2.929109530245158598e-03
8.826945702528108395e-01 2.928387303595111901e-03
8.835777063174676815e-01 2.928806126286674204e-03
8.844617259599056869e-01 2.930406254625477803e-03
8.853466300641437137e-01 2.932833182629295508e-03
8.862324195150838024e-01 2.935930011640988310e-03
8.871190951985163942e-01 2.940265538978384125e-03
8.880066580011191091e-01 2.944043945504874835e-03
8.888951088104538600e-01 2.947246400150353111e-03
8.897844485149719596e-01 2.952215940717633352e-03
8.906746780040118994e-01 2.959881258527304743e-03
8.915657981678065669e-01 2.966877922776527208e-03
8.924578098974739193e-01 2.972158095176051854e-03
8.933507140850214245e-01 2.974658552261414800e-03
8.942445116233572744e-01 2.972630898996666583e-03
8.951392034062801706e-01 2.969983179832260886e-03
8.960347903284814342e-01 2.964697860256649414e-03
8.969312732855473369e-01 2.961090671567627019e-03
8.978286531739603227e-01 2.965841409781789541e-03
8.987269308911014498e-01 2.980653460885278067e-03
8.996261073352495030e-01 2.979443399001004134e-03
9.005261834055795500e-01 2.973181535269168486e-03
9.014271600021682707e-01 2.967401490428874314e-03
9.023290380259918475e-01 2.962206179787576533e-03
9.032318183789278532e-01 2.960420022079728302e-03
9.041355019637584700e-01 2.960999325603775895e-03
9.050400896841658271e-01 2.959225186748789833e-03
9.059455824447376626e-01 2.958194178763069379e-03
9.068519811509679895e-01 2.956184397640030000e-03
9.077592867092548756e-01 2.953680222420344489e-03
9.086675000269045510e-01 2.950780554041523666e-03
9.095766220121302981e-01 2.946060805320142514e-03
9.104866535740545608e-01 2.941687825516966538e-03
9.113975956227070574e-01 2.937606786748651628e-03
9.123094490690316638e-01 2.932852199090620407e-03
9.132222148248820837e-01 2.927658107089550852e-03
9.141358938030226255e-01 2.923849102912470278e-03
9.150504869171317557e-01 2.919625789746535440e-03
9.159659950818033192e-01 2.914567720997656396e-03
9.168824192125480943e-01 2.909940448469767148e-03
9.177997602257875753e-01 2.905286622507232373e-03
9.187180190388626322e-01 2.900713658479645886e-03
9.196371965700328444e-01 2.896903317985432408e-03
9.205572937384781662e-01 2.892827390041937709e-03
9.214783114642939310e-01 2.888641344070404498e-03
9.224002506684964020e-01 2.883608104796786011e-03
9.233231122730257701e-01 2.880985501579442446e-03
9.242468972007444883e-01 2.879692780449576595e-03
9.251716063754391595e-01 2.878306377306056804e-03
9.260972407218166502e-01 2.876563518664558734e-03
9.270238011655114185e-01 2.875096756795275481e-03
9.279512886330849586e-01 2.874194046996189980e-03
9.288797040520245796e-01 2.873118763085452058e-03
9.298090483507445159e-01 2.872202268886952549e-03
9.307393224585915892e-01 2.871515187594307975e-03
9.316705273058381032e-01 2.871252601875311661e-03
9.326026638236895039e-01 2.870831968304227502e-03
9.335357329442838248e-01 2.870639220548061067e-03
9.344697356006889111e-01 2.870888518815262712e-03
9.354046727269068606e-01 2.870947396284932816e-03
9.363405452578753563e-01 2.871036814557990490e-03
9.372773541294663335e-01 2.871780657470506416e-03
9.382151002784899774e-01 2.873232676756334869e-03
9.391537846426917246e-01 2.875402429264495904e-03
9.400934081607547066e-01 2.876152695474527669e-03
9.410339717723049668e-01 2.875782527112226167e-03
9.419754764179059103e-01 2.876057337657766770e-03
9.429179230390614119e-01 2.877893874045727579e-03
9.438613125782181479e-01 2.878871101827362809e-03
9.448056459787667061e-01 2.880934914181805268e-03
9.457509241850403647e-01 2.883356531547437256e-03
9.466971481423157586e-01 2.885714098460420533e-03
9.476443187968174309e-01 2.889249978958566972e-03
9.485924370957175000e-01 2.891004719093042026e-03
9.495415039871341056e-01 2.889150345270526197e-03
9.504915204201344059e-01 2.894331076760399673e-03
9.514424873447341335e-01 2.894793505069324143e-03
9.523944057118994833e-01 2.896585650794471396e-03
9.533472764735499982e-01 2.898837917454074112e-03
9.543011005825563497e-01 2.899979719064609517e-03
9.552558789927436678e-01 2.901306696135103752e-03
9.562116126588898757e-01 2.904685625091464000e-03
9.571683025367276887e-01 2.908577893147220542e-03
9.581259495829482775e-01 2.907730645866538066e-03
9.590845547552002692e-01 2.909268650571401015e-03
9.600441190120854174e-01 2.913015257438024593e-03
9.610046433131675947e-01 2.916056636690067191e-03
9.619661286189739036e-01 2.916438367116209324e-03
9.629285758909905679e-01 2.919205251848812008e-03
9.638919860916628224e-01 2.921586052224441239e-03
9.648563601844011295e-01 2.921532130378808132e-03
9.658216991335795143e-01 2.923250383597955984e-03
9.667880039045362306e-01 2.925138738513506295e-03
9.677552754635757593e-01 2.924764805002074385e-03
9.687235147779708067e-01 2.928706842325361041e-03
9.696927228159630818e-01 2.937450834076262354e-03
9.706629005467596327e-01 2.935426626736127934e-03
9.716340489405361769e-01 2.930559368848491796e-03
9.726061689684449840e-01 2.929005930871853274e-03
9.735792616026035518e-01 2.929450300147975160e-03
9.745533278161038204e-01 2.932061661720762949e-03
9.755283685830130613e-01 2.932496949770579172e-03
9.765043848783711011e-01 2.932841070062781365e-03
9.774813776781959840e-01 2.934704509073833220e-03
9.784593479594798637e-01 2.935704230686128971e-03
9.794382967001936668e-01 2.937279341926604323e-03
9.804182248792859822e-01 2.939190353695671654e-03
9.813991334766843933e-01 2.939993804611142590e-03
9.823810234732978097e-01 2.941497664150774689e-03
9.833638958510170225e-01 2.943395802605351230e-03
9.843477515927149257e-01 2.945129513735988535e-03
9.853325916822468500e-01 2.947249516987559843e-03
9.863184171044501181e-01 2.949650534713753585e-03
9.873052288451531489e-01 2.952025633431451870e-03
9.882930278911683519e-01 2.952339243509676837e-03
9.892818152302930157e-01 2.952256720201073149e-03
9.902715918513149695e-01 2.948970095173942055e-03
9.912623587440111406e-01 2.946046989836959267e-03
9.922541168991476646e-01 2.947389853233430869e-03
9.932468673084843269e-01 2.951041288167493941e-03
9.942406109647716761e-01 2.956587432665978669e-03
9.952353488617531330e-01 2.964891762922967737e-03
9.962310819941662121e-01 2.961376083250778606e-03
9.972278113577441871e-01 2.952651379189865852e-03
9.982255379492167569e-01 2.950012793206932982e-03
9.992242627663093790e-01 2.951135559755914059e-03
1.000223986807747600e+00 2.951747339843585356e-03
1.001224711073256834e+00 2.951415420608698680e-03
1.002226436563560474e+00 2.952001931775016189e-03
1.003229164280384333e+00 2.952647080288820815e-03
1.004232895226455646e+00 2.953371733785347363e-03
1.005237630405505511e+00 2.954827491174416825e-03
1.006243370822270000e+00 2.956729818851331314e-03
1.007250117482488161e+00 2.957643408158476452e-03
1.008257871392907346e+00 2.957568378481500310e-03
1.009266633561284321e+00 2.955338211613100802e-03
1.010276404996379940e+00 2.951340961564291945e-03
1.011287186707962471e+00 2.949516716242698081e-03
1.012298979706815372e+00 2.948765489242027860e-03
1.013311785004731513e+00 2.952877330993007761e-03
1.014325603614517401e+00 2.959342671488483963e-03
1.015340436549991621e+00 2.958430277547437030e-03
1.016356284825987721e+00 2.954528219635562877e-03
1.017373149458352000e+00 2.952651995365299879e-03
1.018391031463949936e+00 2.953773262633999433e-03
1.019409931860664198e+00 2.955344966161686619e-03
1.020429851667395971e+00 2.953376552963121217e-03
1.021450791904064959e+00 2.952997853692237735e-03
1.022472753591610495e+00 2.954255582035175513e-03
1.023495737751995538e+00 2.954418774704049930e-03
1.024519745408203342e+00 2.955634836531597850e-03
1.025544777584241007e+00 2.957540186650862990e-03
1.026570835305141705e+00 2.957230224232232536e-03
1.027597919596963782e+00 2.956541181177207815e-03
1.028626031486790104e+00 2.955339979712029788e-03
1.029655172002734043e+00 2.953370885215111149e-03
1.030685342173935926e+00 2.950590647624959199e-03
1.031716543030566147e+00 2.947992204668879040e-03
1.032748775603824720e+00 2.944326945686805488e-03
1.033782040925944834e+00 2.942386616343556013e-03
1.034816340030192627e+00 2.940005727680703763e-03
1.035851673950866303e+00 2.937152223680944158e-03
1.036888043723299679e+00 2.934559010522595594e-03
1.037925450383862858e+00 2.931144910291881046e-03
1.038963894969963331e+00 2.928806794533483655e-03
1.040003378520046207e+00 2.926709064769938973e-03
1.041043902073592431e+00 2.923502463530425113e-03
1.042085466671125449e+00 2.920796906848573474e-03
1.043128073354212981e+00 2.919044886129122315e-03
1.044171723165462140e+00 2.916038597389315670e-03
1.045216417148520982e+00 2.914080450949856332e-03
1.046262156348083616e+00 2.911297319475634506e-03
1.047308941809890870e+00 2.909309137962553821e-03
1.048356774580727402e+00 2.906809028966455752e-03
1.049405655708424367e+00 2.905550972897043109e-03
1.050455586241864525e+00 2.902792547647341931e-03
1.051506567230979794e+00 2.900358414299147522e-03
1.052558599726749256e+00 2.898242580631124003e-03
1.053611684781205371e+00 2.896793653708159590e-03
1.054665823447434869e+00 2.894852163689018345e-03
1.055721016779575638e+00 2.893270761923201484e-03
1.056777265832821389e+00 2.891971242961672607e-03
1.057834571663421430e+00 2.891641960728255113e-03
1.058892935328680673e+00 2.889665141954937851e-03
1.059952357886963181e+00 2.888793827451633864e-03
1.061012840397692836e+00 2.887625949250341960e-03
1.062074383921351339e+00 2.887551727811248255e-03
1.063136989519481546e+00 2.888837566614224292e-03
1.064200658254688792e+00 2.890199941781367281e-03
1.065265391190642452e+00 2.890374031330755072e-03
1.066331189392076162e+00 2.890207812284050024e-03
1.067398053924788259e+00 2.887729660359483579e-03
1.068465985855643563e+00 2.885340324801396843e-03
1.069534986252574260e+00 2.882604250650594880e-03
1.070605056184579462e+00 2.880057172166594018e-03
1.071676196721730756e+00 2.878386482463577041e-03
1.072748408935168429e+00 2.876283488508484844e-03
1.073821693897103469e+00 2.875329903777906499e-03
1.074896052680821112e+00 2.874604027466203145e-03
1.075971486360680407e+00 2.875291789176638840e-03
1.077047996012116871e+00 2.874847772134451248e-03
1.078125582711639385e+00 2.874862361281313190e-03
1.079204247536833972e+00 2.874678270566480547e-03
1.080283991566367119e+00 2.875065105291375010e-03
1.081364815879982011e+00 2.877245612179571855e-03
1.082446721558502079e+00 2.880310896265849806e-03
1.083529709683832998e+00 2.882451504261177369e-03
1.084613781338964023e+00 2.885384887467505252e-03
1.085698937607967762e+00 2.889911734045865540e-03
1.086785179575999072e+00 2.893384041060395248e-03
1.087872508329299936e+00 2.897349151961035787e-03
1.088960924955200360e+00 2.902417121361773079e-03
1.090050430542115478e+00 2.906271267964479800e-03
1.091141026179552442e+00 2.909459283023147543e-03
1.092232712958106200e+00 2.912102823398052612e-03
1.093325491969463270e+00 2.914605564377790396e-03
1.094419364306403519e+00 2.915210899715921667e-03
1.095514331062799718e+00 2.914780233077934185e-03
1.096610393333617983e+00 2.913519393766204803e-03
1.097707552214920890e+00 2.913961121727360899e-03
1.098805808803868134e+00 2.914166252619408617e-03
1.099905164198715202e+00 2.911149299262828088e-03
1.101005619498818477e+00 2.906933526530000589e-03
1.102107175804632577e+00 2.909401723203960954e-03
1.103209834217713237e+00 2.912805674130834136e-03
1.104313595840720197e+00 2.916488983101908974e-03
1.105418461777413652e+00 2.921388453861443676e-03
1.106524433132661356e+00 2.928879103984164713e-03
1.107631511012435288e+00 2.925606776167374162e-03
1.108739696523812546e+00 2.931709701963966345e-03
1.109848990774979782e+00 2.932715932237124103e-03
1.110959394875229211e+00 2.931228527681448148e-03
1.112070909934964602e+00 2.933209664282236846e-03
1.113183537065703277e+00 2.937798691971803787e-03
1.114297277380072559e+00 2.941484553803963911e-03
1.115412131991812217e+00 2.945068462856455759e-03
1.116528102015776458e+00 2.947137758846559222e-03
1.117645188567933490e+00 2.950100040885850899e-03
1.118763392765371512e+00 2.952028328348420272e-03
1.119882715726297162e+00 2.954804909041193993e-03
1.121003158570033076e+00 2.956803663900689667e-03
1.122124722417020326e+00 2.960430756286861267e-03
1.123247408388822866e+00 2.963228049188560819e-03
1.124371217608127527e+00 2.962638292040301741e-03
1.125496151198744688e+00 2.964848550465335603e-03
1.126622210285607384e+00 2.968489202949431069e-03
1.127749395994771975e+00 2.968840690065090940e-03
1.128877709453426359e+00 2.960586333855076691e-03
1.130007151789885311e+00 2.958809269124980292e-03
1.131137724133588929e+00 2.956136026829079156e-03
1.132269427615111068e+00 2.952613228824828642e-03
1.133402263366155127e+00 2.952274900136232436e-03
1.134536232519556265e+00 2.962394680502596685e-03
1.135671336209286064e+00 2.969879161717918926e-03
1.136807575570448314e+00 2.973106854767167302e-03
1.137944951739279231e+00 2.966771990627143675e-03
1.139083465853155674e+00 2.960100253936400784e-03
1.140223119050594480e+00 2.956838161243863141e-03
1.141363912471246245e+00 2.958745213077049532e-03
1.142505847255904872e+00 2.959903029975984642e-03
1.143648924546506684e+00 2.960532767570381481e-03
1.144793145486128871e+00 2.960777006234989895e-03
1.145938511218992373e+00 2.959435392752087640e-03
1.147085022890461214e+00 2.958267351655778817e-03
1.148232681647048281e+00 2.959528833065561311e-03
1.149381488636412874e+00 2.959944258995895854e-03
1.150531445007361153e+00 2.961512616949870877e-03
1.151682551909849916e+00 2.964030356649833241e-03
1.152834810494985263e+00 2.965000604688038978e-03
1.153988221915028811e+00 2.965596650510001799e-03
1.155142787323389930e+00 2.968182484098793802e-03
1.156298507874635062e+00 2.971851220671823876e-03
1.157455384724486835e+00 2.974403775196083569e-03
1.158613419029816960e+00 2.976796094471843845e-03
1.159772611948661325e+00 2.978408400087167486e-03
1.160932964640214893e+00 2.978774797209774328e-03
1.162094478264829478e+00 2.977306455028941486e-03
1.163257153984020631e+00 2.974880517068681333e-03
1.164420992960464529e+00 2.972457617140648878e-03
1.165585996357997089e+00 2.971635638777791327e-03
1.166752165341621739e+00 2.970010024318552738e-03
1.167919501077509192e+00 2.969699343545025016e-03
1.169088004732994568e+00 2.973305509214035827e-03
1.170257677476581604e+00 2.977029279273520068e-03
1.171428520477943325e+00 2.984083809041861504e-03
1.172600534907923375e+00 2.991688751808904354e-03
1.173773721938536241e+00 2.988922779016643921e-03
1.174948082742969024e+00 2.980185642702180317e-03
1.176123618495583001e+00 2.974146370111103652e-03
1.177300330371911397e+00 2.971491895170498207e-03
1.178478219548668493e+00 2.971861876111669444e-03
1.179657287203744964e+00 2.971514694104304168e-03
1.180837534516205212e+00 2.971829906742601193e-03
1.182018962666298245e+00 2.971726614985870443e-03
1.183201572835452797e+00 2.972762208760739485e-03
1.184385366206279766e+00 2.972468651034726808e-03
1.185570343962571549e+00 2.971264961744248846e-03
1.186756507289305596e+00 2.971725124896768423e-03
1.187943857372644185e+00 2.969298757441406894e-03
1.189132395399938202e+00 2.967441861211259340e-03
1.190322122559727358e+00 2.965999339021616749e-03
1.191513040041739746e+00 2.963138017369760721e-03
1.192705149036892065e+00 2.961021853335818986e-03
1.193898450737292283e+00 2.959430861685083403e-03
1.195092946336242523e+00 2.958057551001699176e-03
1.196288637028239288e+00 2.956835103414579956e-03
1.197485524008971902e+00 2.953988072405667673e-03
1.198683608475328288e+00 2.951331315932614885e-03
1.199882891625392523e+00 2.948586189068934122e-03
1.201083374658448388e+00 2.947070410063545171e-03
1.202285058774978488e+00 2.947046459769713661e-03
1.203487945176667351e+00 2.946478263711225370e-03
1.204692035066401878e+00 2.944710805161294531e-03
1.205897329648271787e+00 2.943803731671363298e-03
1.207103830127570721e+00 2.941720595317799496e-03
1.208311537710799799e+00 2.938780356179158428e-03
1.209520453605668511e+00 2.936652566073768254e-03
1.210730579021092268e+00 2.935014034442331912e-03
1.211941915167195072e+00 2.931420906124680183e-03
1.213154463255313065e+00 2.930618932205989770e-03
1.214368224497995641e+00 2.930050418395311902e-03
1.215583200109004336e+00 2.928286412916353450e-03
1.216799391303313715e+00 2.928951119208437343e-03
1.218016799297116037e+00 2.927209937892850250e-03
1.219235425307820142e+00 2.925320841558007659e-03
1.220455270554050786e+00 2.923547107111939408e-03
1.221676336255654416e+00 2.922682151383123282e-03
1.222898623633697612e+00 2.922575792958886226e-03
1.224122133910464649e+00 2.923286074015617186e-03
1.225346868309468595e+00 2.922408928346545073e-03
1.226572828055445985e+00 2.921509079442346883e-03
1.227800014374351933e+00 2.919465451500421246e-03
1.229028428493374347e+00 2.917810036303875552e-03
1.230258071640927708e+00 2.918466204052848172e-03
1.231488945046652184e+00 2.914866060575842417e-03
1.232721049941425173e+00 2.911227717497649574e-03
1.233954387557350874e+00 2.910632330836450052e-03
1.235188959127763386e+00 2.910277581167440304e-03
1.236424765887237598e+00 2.907630897384689585e-03
1.237661809071581853e+00 2.904385987523339790e-03
1.238900089917839509e+00 2.903254905991001049e-03
1.240139609664291376e+00 2.904541404095913049e-03
1.241380369550453722e+00 2.903643729918587834e-03
1.242622370817087374e+00 2.900431229728680279e-03
1.243865614706197942e+00 2.899189888405128909e-03
1.245110102461026935e+00 2.899148777641780226e-03
1.246355835326061534e+00 2.896943054870075411e-03
1.247602814547033478e+00 2.895894147128937057e-03
1.248851041370924841e+00 2.894065154090050100e-03
1.250100517045962700e+00 2.892906240392520770e-03
1.251351242821620691e+00 2.893029430296890653e-03
1.252603219948625890e+00 2.890375011039627261e-03
1.253856449678957707e+00 2.890180755561242484e-03
1.255110933265842998e+00 2.889856580624463548e-03
1.256366671963763171e+00 2.888144244951752933e-03
1.257623667028460623e+00 2.886027313832442882e-03
1.258881919716930087e+00 2.881334756159247348e-03
1.260141431287421954e+00 2.878678107087713229e-03
1.261402202999453381e+00 2.877311978076418919e-03
1.262664236113794747e+00 2.875104810556756117e-03
1.263927531892475642e+00 2.872753001795369868e-03
1.265192091598793755e+00 2.871670111183561268e-03
1.266457916497307101e+00 2.871963074518535820e-03
1.267725007853840458e+00 2.871413075455086800e-03
1.268993366935489364e+00 2.870352374198224983e-03
1.270262995010613016e+00 2.870157072092398374e-03
1.271533893348834932e+00 2.872088079312907875e-03
1.272806063221056050e+00 2.871587690399252622e-03
1.274079505899448517e+00 2.871926066608942660e-03
1.275354222657453018e+00 2.872765699802878620e-03
1.276630214769785443e+00 2.876797095293408962e-03
1.277907483512440212e+00 2.877899486753144470e-03
1.279186030162684506e+00 2.881197251326816401e-03
1.280465855999067148e+00 2.883705250282703279e-03
1.281746962301411275e+00 2.885071045296182506e-03
1.283029350350822995e+00 2.888858019940676938e-03
1.284313021429691171e+00 2.892580816706057448e-03
1.285597976821686306e+00 2.893619001240867270e-03
1.286884217811765874e+00 2.896031741286241891e-03
1.288171745686169212e+00 2.901108890419291583e-03
1.289460561732425514e+00 2.903949101654541842e-03
1.290750667239352723e+00 2.906902927018735483e-03
1.292042063497055082e+00 2.910477819722757410e-03
1.293334751796928028e+00 2.911869030666894027e-03
1.294628733431660184e+00 2.913946768268406082e-03
1.295924009695232693e+00 2.913418209129216632e-03
1.297220581882923440e+00 2.915187790153814414e-03
1.298518451291303943e+00 2.916278046341687011e-03
1.299817619218243570e+00 2.918197438296260375e-03
1.301118086962911757e+00 2.919528982784264787e-03
1.302419855825775574e+00 2.920618458373036401e-03
1.303722927108603713e+00 2.919706434464269459e-03
1.305027302114467824e+00 2.919641822562250681e-03
1.306332982147742738e+00 2.921634442310343943e-03
1.307639968514106243e+00 2.922917501761948533e-03
1.308948262520545081e+00 2.923742135093100342e-03
1.310257865475357386e+00 2.923762590881829465e-03
1.311568778688145365e+00 2.926974248411740118e-03
1.312881003469822394e+00 2.931291414869264741e-03
1.314194541132613248e+00 2.932610155043835400e-03
1.315509392990052095e+00 2.932923969809307120e-03
1.316825560356992275e+00 2.937436707900410900e-03
1.318143044549605181e+00 2.935609406588737553e-03
1.319461846885372491e+00 2.932845512531400897e-03
1.320781968683094609e+00 2.936111996911328591e-03
1.322103411262894657e+00 2.934323531137801241e-03
1.323426175946215588e+00 2.934394392173652819e-03
1.324750264055823967e+00 2.933574892152618699e-03
1.326075676915806634e+00 2.932771357794083239e-03
1.327402415851577810e+00 2.939716181179604509e-03
1.328730482189877105e+00 2.950429049619770171e-03
1.330059877258766621e+00 2.951621498061087791e-03
1.331390602387644506e+00 2.963712526589884835e-03
1.332722658907238511e+00 2.957816436715069754e-03
1.334056048149601548e+00 2.953356209537859149e-03
1.335390771448121905e+00 2.953280816512093149e-03
1.336726830137523470e+00 2.954348093166048964e-03
1.338064225553867281e+00 2.952308303365409024e-03
1.339402959034549756e+00 2.955905809874200679e-03
1.340743031918303130e+00 2.958392225971271002e-03
1.342084445545197235e+00 2.960260981737736392e-03
1.343427201256649495e+00 2.959688509390860471e-03
1.344771300395417146e+00 2.961727548132657255e-03
1.346116744305594359e+00 2.962601772561620182e-03
1.347463534332628665e+00 2.963036401919926215e-03
1.348811671823311853e+00 2.964357120265470255e-03
1.350161158125778860e+00 2.965194490385862983e-03
1.351511994589517540e+00 2.968060589999788404e-03
1.352864182565362894e+00 2.968662426127794893e-03
1.354217723405502616e+00 2.967105312523608818e-03
1.355572618463477541e+00 2.968191006009599300e-03
1.356928869094182311e+00 2.972653433092908339e-03
1.358286476653869368e+00 2.977739692217168214e-03
1.359645442500145185e+00 2.977732975287492555e-03
1.361005767991978699e+00 2.976455925977894434e-03
1.362367454489693541e+00 2.975135277023252707e-03
1.363730503354976253e+00 2.968213757174095919e-03
1.365094915950876286e+00 2.965365892211677991e-03
1.366460693641805557e+00 2.969105320682981566e-03
1.367827837793544221e+00 2.968809927164138204e-03
1.369196349773232901e+00 2.968198560735857069e-03
1.370566230949384456e+00 2.972930255173927491e-03
1.371937482691882648e+00 2.975539215902355157e-03
1.373310106371978812e+00 2.976501082075672100e-03
1.374684103362296073e+00 2.975087144930178059e-03
1.376059475036832236e+00 2.975571208977081071e-03
1.377436222770957119e+00 2.976694591517799800e-03
1.378814347941416329e+00 2.979241906804684821e-03
1.380193851926337034e+00 2.980331751531654742e-03
1.381574736105227075e+00 2.980070712642380899e-03
1.382957001858968082e+00 2.978830436661371144e-03
1.384340650569826359e+00 2.980052900331322044e-03
1.385725683621453097e+00 2.981027622368368456e-03
1.387112102398877056e+00 2.980471756793314376e-03
1.388499908288514106e+00 2.977861427942174802e-03
1.389889102678176336e+00 2.977170743078265923e-03
1.391279686957059170e+00 2.978413251819818537e-03
1.392671662515744480e+00 2.980461128527868257e-03
1.394065030746209910e+00 2.981265489304145248e-03
1.395459793041823549e+00 2.981900867960375449e-03
1.396855950797346368e+00 2.983427836587153152e-03
1.398253505408935560e+00 2.985250961890589805e-03
1.399652458274146971e+00 2.981695148180947032e-03
1.401052810791931336e+00 2.980781371012232277e-03
1.402454564362640488e+00 2.978094308603761176e-03
1.403857720388033359e+00 2.978539945501749910e-03
1.405262280271267539e+00 2.977876341481952918e-03
1.406668245416895724e+00 2.977935737820331871e-03
1.408075617230885701e+00 2.977196237074150771e-03
1.409484397120611021e+00 2.976061379438462752e-03
1.410894586494849667e+00 2.973383330531861012e-03
1.412306186763792493e+00 2.971969690813247404e-03
1.413719199339038557e+00 2.972363482972479286e-03
1.415133625633601788e+00 2.972128378094473361e-03
1.416549467061908762e+00 2.972017575849696894e-03
1.417966725039802256e+00 2.972668865032154339e-03
1.419385400984539025e+00 2.971213934674532542e-03
1.420805496314794913e+00 2.971986098970117070e-03
1.422227012450665296e+00 2.971445500523640405e-03
1.423649950813663079e+00 2.969964009166998174e-03
1.425074312826731360e+00 2.967475637079283225e-03
1.426500099914232100e+00 2.966362223101115872e-03
1.427927313501950124e+00 2.966735302070696873e-03
1.429355955017101332e+00 2.964811477738760366e-03
1.430786025888328483e+00 2.964269995425409913e-03
1.432217527545700975e+00 2.962202038461140240e-03
1.433650461420720168e+00 2.959816939028058966e-03
1.435084828946318947e+00 2.958466231373422465e-03
1.436520631556862826e+00 2.959020248711876754e-03
1.437957870688159057e+00 2.959945231213602368e-03
1.439396547777445301e+00 2.961123323420078012e-03
1.440836664263399847e+00 2.961542448682718317e-03
1.442278221586138942e+00 2.959206586969809379e-03
1.443721221187219905e+00 2.956123875569209754e-03
1.445165664509644454e+00 2.955035846476843867e-03
1.446611552997854488e+00 2.955284483711509078e-03
1.448058888097737640e+00 2.953828059943592547e-03
1.449507671256628161e+00 2.953798110615386309e-03
1.450957903923310921e+00 2.953304979510130903e-03
1.452409587548018299e+00 2.953810232758882770e-03
1.453862723582431071e+00 2.952796163659265980e-03
1.455317313479687957e+00 2.951266562083275022e-03
1.456773358694377629e+00 2.948772517865604244e-03
1.458230860682547148e+00 2.947303725788432034e-03
1.459689820901702628e+00 2.945341869360133986e-03
1.461150240810803247e+00 2.945790382618565083e-03
1.462612121870266346e+00 2.943707320885010671e-03
1.464075465541970544e+00 2.945192567472072059e-03
1.465540273289261508e+00 2.945033736752973412e-03
1.467006546576947734e+00 2.942828001060119637e-03
1.468474286871301882e+00 2.942030045201380825e-03
1.469943495640066322e+00 2.939835421374359034e-03
1.471414174352450921e+00 2.941728374632579524e-03
1.472886324479134590e+00 2.944341097250561395e-03
1.474359947492264622e+00 2.941639054096326610e-03
1.475835044865461132e+00 2.937388368162593272e-03
1.477311618073823940e+00 2.932636793044891658e-03
1.478789668593927464e+00 2.931559439413203988e-03
1.480269197903824496e+00 2.930691163124894694e-03
1.481750207483043980e+00 2.929141427939123930e-03
1.483232698812595229e+00 2.930183280627120766e-03
1.484716673374970375e+00 2.929138758540752313e-03
1.486202132654143915e+00 2.925355633017827535e-03
1.487689078135571830e+00 2.923702389741199628e-03
1.489177511306200907e+00 2.923858215832933222e-03
1.490667433654462082e+00 2.923102130134328132e-03
1.492158846670277539e+00 2.926762758445917469e-03
1.493651751845064934e+00 2.923555001371297597e-03
1.495146150671732066e+00 2.920958161418121465e-03
1.496642044644675762e+00 2.919440866867026654e-03
1.498139435259789654e+00 2.917304796748849960e-03
1.499638324014464175e+00 2.919181844828074544e-03
1.501138712407587894e+00 2.922459688220773420e-03
1.502640601939549292e+00 2.921660743278495578e-03
1.504143994112236538e+00 2.918642795402316865e-03
1.505648890429041931e+00 2.918147617224750752e-03
1.507155292394863233e+00 2.915646491292337578e-03
1.508663201516102337e+00 2.913054646073526700e-03
1.510172619300667263e+00 2.909554738353452991e-03
1.511683547257977489e+00 2.908631959876127864e-03
1.513195986898960399e+00 2.907908515614095538e-03
1.514709939736056388e+00 2.905726070331959409e-03
1.516225407283221971e+00 2.904231914155564788e-03
1.517742391055919793e+00 2.902915695466799437e-03
1.519260892571135058e+00 2.903578715103237017e-03
1.520780913347369978e+00 2.901266155078035050e-03
1.522302454904641111e+00 2.900220746643080057e-03
1.523825518764496234e+00 2.900915685828134305e-03
1.525350106449998355e+00 2.901638043094472222e-03
1.526876219485730601e+00 2.900999386279802007e-03
1.528403859397809539e+00 2.899872023694035402e-03
1.529933027713875626e+00 2.900974156042015854e-03
1.531463725963096323e+00 2.900147793400999902e-03
1.532995955676171640e+00 2.900488826841400580e-03
1.534529718385328367e+00 2.900523597347831259e-03
1.536065015624331398e+00 2.898719022309528045e-03
1.537601848928477732e+00 2.899294115714531016e-03
1.539140219834601586e+00 2.898769352642113252e-03
1.540680129881076166e+00 2.898534124948537981e-03
1.542221580607809006e+00 2.893452322970424193e-03
1.543764573556249298e+00 2.890628595385899124e-03
1.545309110269391661e+00 2.893272792803432830e-03
1.546855192291775483e+00 2.896644868555912390e-03
1.548402821169480026e+00 2.893438601089151456e-03
1.549951998450135093e+00 2.890399056668978631e-03
1.551502725682915251e+00 2.899627009857302581e-03
1.553055004418552043e+00 2.905374937231543307e-03
1.554608836209321776e+00 2.904780432310402789e-03
1.556164222609055736e+00 2.905049875047456195e-03
1.557721165173142852e+00 2.902812561750183103e-03
1.559279665458526809e+00 2.907503315259897265e-03
1.560839725023707159e+00 2.910151795506351041e-03
1.562401345428738431e+00 2.908850657103021452e-03
1.563964528235243456e+00 2.909276149719797460e-03
1.565529275006407373e+00 2.906751877708667851e-03
1.567095587306978954e+00 2.909787330626849300e-03
1.568663466703268616e+00 2.911133370830393079e-03
1.570232914763154186e+00 2.912332377275202513e-03
1.571803933056086233e+00 2.912328745700333565e-03
1.573376523153083406e+00 2.909772370762187151e-03
1.574950686626736207e+00 2.907511192221861468e-03
1.576526425051205660e+00 2.906847325329649668e-03
1.578103740002232414e+00 2.906655582282828033e-03
1.579682633057129193e+00 2.904822213693258014e-03
1.581263105794789903e+00 2.904919349548688336e-03
1.582845159795690959e+00 2.901295910480876372e-03
1.584428796641883297e+00 2.898975874593487292e-03
1.586014017917000585e+00 2.899126225137215428e-03
1.587600825206265887e+00 2.897892720825432766e-03
1.589189220096486999e+00 2.898519675980181995e-03
1.590779204176061778e+00 2.900055763861130072e-03
1.592370779034972816e+00 2.900389073482862335e-03
1.593963946264796538e+00 2.901600196599376374e-03
1.595558707458699654e+00 2.903984217219057924e-03
1.597155064211443820e+00 2.907445797163689047e-03
1.598753018119386970e+00 2.910607389522435091e-03
1.600352570780481987e+00 2.914591786562096068e-03
1.601953723794279805e+00 2.915601780853931298e-03
1.603556478761936521e+00 2.919536973926691384e-03
1.605160837286207842e+00 2.920367988568240824e-03
1.606766800971446418e+00 2.923860076977765655e-03
1.608374371423619609e+00 2.925623266145243456e-03
1.609983550250299711e+00 2.928744958337115879e-03
1.611594339060662628e+00 2.931763970751641822e-03
1.613206739465496975e+00 2.932554509581593478e-03
1.614820753077206072e+00 2.936344564910224088e-03
1.616436381509801290e+00 2.936424853043419735e-03
1.618053626378912035e+00 2.939215182839879752e-03
1.619672489301787088e+00 2.942114475376642144e-03
1.621292971897287050e+00 2.944523886543852758e-03
1.622915075785891670e+00 2.945484628326538318e-03
1.624538802589707176e+00 2.945722920771265234e-03
1.626164153932458944e+00 2.950091858810573175e-03
1.627791131439499495e+00 2.953996053749460143e-03
1.629419736737808710e+00 2.950569226978025893e-03
1.631049971455992953e+00 2.952883457048333105e-03
1.632681837224285060e+00 2.954627339728009647e-03
1.634315335674550784e+00 2.951043194229340492e-03
1.635950468440285910e+00 2.951723398770784903e-03
1.637587237156621134e+00 2.949044683750050994e-03
1.639225643460328952e+00 2.948449672989789452e-03
1.640865688989819882e+00 2.950217268716398729e-03
1.642507375385137580e+00 2.950462793814638204e-03
1.644150704287967502e+00 2.952896696455411564e-03
1.645795677341638452e+00 2.958219967639592364e-03
1.647442296191123257e+00 2.963988314099758221e-03
1.649090562483041200e+00 2.968871916642614774e-03
1.650740477865659139e+00 2.961571458813349808e-03
1.652392043988892389e+00 2.949334625236339335e-03
1.654045262504306946e+00 2.950769329519191669e-03
1.655700135065121037e+00 2.963115037047769906e-03
1.657356663326206681e+00 2.958894613674800753e-03
1.659014848944093901e+00 2.952790689891738631e-03
1.660674693576969618e+00 2.948010744319950766e-03
1.662336198884679206e+00 2.948284630377278823e-03
1.663999366528727597e+00 2.952099032803498328e-03
1.665664198172280175e+00 2.968675533055548967e-03
1.667330695480168323e+00 2.972207601530187353e-03
1.668998860118890315e+00 2.969680405576577246e-03
1.670668693756610423e+00 2.962028150253730695e-03
1.672340198063163363e+00 2.962992377945341919e-03
1.674013374710054736e+00 2.962349952421613336e-03
1.675688225370461693e+00 2.960224020987401936e-03
1.677364751719235381e+00 2.961665728996298701e-03
1.679042955432901163e+00 2.959952769675779343e-03
1.680722838189662172e+00 2.962168697236074698e-03
1.682404401669400640e+00 2.958788431846781381e-03
1.684087647553678346e+00 2.960937646842289224e-03
1.685772577525743277e+00 2.961316089593363839e-03
1.687459193270526736e+00 2.961240991464002877e-03
1.689147496474642685e+00 2.961667732202230563e-03
1.690837488826394841e+00 2.963167092251639111e-03
1.692529172015778904e+00 2.965332336454662085e-03
1.694222547734476558e+00 2.967965275227430616e-03
1.695917617675862132e+00 2.969630904057364573e-03
1.697614383535007043e+00 2.972693763972124054e-03
1.699312847008676020e+00 2.976120334065299362e-03
1.701013009795334652e+00 2.978521200743684295e-03
1.702714873595143619e+00 2.980086161136930901e-03
1.704418440109970900e+00 2.977837194501552123e-03
1.706123711043382896e+00 2.977035653693767790e-03
1.707830688100642424e+00 2.973723867827880035e-03
1.709539372988733374e+00 2.973342495102989768e-03
1.711249767416338718e+00 2.978097623865637832e-03
1.712961873093852061e+00 2.978001906286341198e-03
1.714675691733381635e+00 2.973981584855841381e-03
1.716391225048744973e+00 2.963969432801778249e-03
1.718108474755477122e+00 2.962796331713180541e-03
1.719827442570826870e+00 2.962920238998929985e-03
1.721548130213762073e+00 2.965694142402194693e-03
1.723270539404973212e+00 2.969990186384068379e-03
1.724994671866867391e+00 2.971153969444693607e-03
1.726720529323575670e+00 2.975495549339010355e-03
1.728448113500954619e+00 2.978823585148257340e-03
1.730177426126591422e+00 2.976172798735167435e-03
1.731908468929799882e+00 2.975051138982285140e-03
1.733641243641623975e+00 2.974550714607359248e-03
1.735375751994837401e+00 2.971729856277673543e-03
1.737111995723943592e+00 2.969669228144199580e-03
1.738849976565191469e+00 2.968424349960013548e-03
1.740589696256562569e+00 2.966995638334379327e-03
1.742331156537773262e+00 2.965165224402506634e-03
1.744074359150284748e+00 2.964949524487844358e-03
1.745819305837302604e+00 2.962457355533081212e-03
1.747565998343771909e+00 2.964870815871277314e-03
1.749314438416384787e+00 2.964498805636801501e-03
1.751064627803578855e+00 2.962414844509864836e-03
1.752816568255545659e+00 2.963409080890294645e-03
1.754570261524226682e+00 2.966076460111212801e-03
1.756325709363313337e+00 2.964435406165086447e-03
1.758082913528259406e+00 2.966598525137951331e-03
1.759841875776264164e+00 2.966551155002603198e-03
1.761602597866290143e+00 2.964761302275616215e-03
1.763365081559061576e+00 2.965519098072637912e-03
1.765129328617062621e+00 2.967148373412049726e-03
1.766895340804538028e+00 2.966362441063205221e-03
1.768663119887500246e+00 2.966799517253823106e-03
1.770432667633730528e+00 2.970897925422772388e-03
1.772203985812774718e+00 2.974688354247854646e-03
1.773977076195953018e+00 2.976860663393015010e-03
1.775751940556356212e+00 2.970768585704644440e-03
1.777528580668849223e+00 2.964050546905386187e-03
1.779306998310069110e+00 2.956779255784186024e-03
1.781087195258436395e+00 2.958638515184798014e-03
1.782869173294147958e+00 2.964126739045033158e-03
1.784652934199179475e+00 2.970572049253598478e-03
1.786438479757295417e+00 2.970765282955776642e-03
1.788225811754038830e+00 2.971104515711260607e-03
1.790014931976740220e+00 2.975565241778873292e-03
1.791805842214524880e+00 2.974906197946370050e-03
1.793598544258301342e+00 2.971713961242711689e-03
1.795393039900771148e+00 2.967527943630347657e-03
1.797189330936433072e+00 2.963310205580393236e-03
1.798987419161574230e+00 2.960595940516196935e-03
1.800787306374282082e+00 2.960680891518013315e-03
1.802588994374447084e+00 2.959251013559234013e-03
1.804392484963757148e+00 2.960060284348642323e-03
1.806197779945701409e+00 2.958528397322866647e-03
1.808004881125578445e+00 2.955126600306085850e-03
1.809813790310486503e+00 2.953313916965153926e-03
1.811624509309332831e+00 2.955959625942672017e-03
1.813437039932837891e+00 2.956360736269021336e-03
1.815251383993535805e+00 2.957339255884943244e-03
1.817067543305768362e+00 2.955487853351054014e-03
1.818885519685696339e+00 2.956903084447531308e-03
1.820705314951296394e+00 2.955312100492852624e-03
1.822526930922362842e+00 2.953977709947657078e-03
1.824350369420509876e+00 2.954260405508743990e-03
1.826175632269178672e+00 2.953767047468812239e-03
1.828002721293634281e+00 2.953616452553346414e-03
1.829831638320961185e+00 2.951079017492632892e-03
1.831662385180077957e+00 2.952579303227903171e-03
1.833494963701736369e+00 2.955427713359813982e-03
1.835329375718512734e+00 2.957275968806163426e-03
1.837165623064816344e+00 2.956061616073782546e-03
1.839003707576895463e+00 2.956632253287317172e-03
1.840843631092833554e+00 2.952128557185609327e-03
1.842685395452556607e+00 2.950644513130438844e-03
1.844529002497830250e+00 2.947569805999467399e-03
1.846374454072257976e+00 2.951251890494431887e-03
1.848221752021293796e+00 2.952901507276453012e-03
1.850070898192236912e+00 2.952258633914894674e-03
1.851921894434231275e+00 2.947682385505281423e-03
1.853774742598273795e+00 2.946862002536887112e-03
1.855629444537212569e+00 2.946285277076725155e-03
1.857486002105753542e+00 2.944878693802471803e-03
1.859344417160451179e+00 2.944259584127579491e-03
1.861204691559718905e+00 2.941994945049720631e-03
1.863066827163835537e+00 2.939895512798923645e-03
1.864930825834933525e+00 2.940969244385841300e-03
1.866796689437008716e+00 2.939578696762995373e-03
1.868664419835927903e+00 2.937380730958021394e-03
1.870534018899425055e+00 2.935900102530641063e-03
1.872405488497095316e+00 2.935702269806562612e-03
1.874278830500408777e+00 2.934509697450889652e-03
1.876154046782708917e+00 2.934726790143870820e-03
1.878031139219214163e+00 2.933532271186541952e-03
1.879910109687015440e+00 2.932019235748095642e-03
1.881790960065083063e+00 2.934532279808622565e-03
1.883673692234267838e+00 2.931871641439646146e-03
1.885558308077303735e+00 2.930525278740781555e-03
1.887444809478806107e+00 2.928857441498787170e-03
1.889333198325271468e+00 2.928742931644144881e-03
1.891223476505090817e+00 2.929839755137966101e-03
1.893115645908544309e+00 2.926104410332391013e-03
1.895009708427802808e+00 2.924998866199624882e-03
1.896905665956926557e+00 2.926495111203643393e-03
1.898803520391874500e+00 2.925872579167582317e-03
1.900703273630501844e+00 2.925332345287925961e-03
1.902604927572561166e+00 2.925452394808032014e-03
1.904508484119706857e+00 2.926581313594314292e-03
1.906413945175493785e+00 2.925285390776560541e-03
1.908321312645386625e+00 2.922998545690821959e-03
1.910230588436751864e+00 2.924257642694474447e-03
1.912141774458864463e+00 2.927461421559404697e-03
1.914054872622910297e+00 2.921621309101858806e-03
1.915969884841984605e+00 2.921254354862917995e-03
1.917886813031101978e+00 2.921836300803610023e-03
1.919805659107191032e+00 2.927402622773912690e-03
1.921726424989099069e+00 2.930583003624218606e-03
1.923649112597595190e+00 2.928789837828565425e-03
1.925573723855365182e+00 2.922976116040859954e-03
1.927500260687016409e+00 2.918125392385863964e-03
1.929428725019089796e+00 2.917666442906148572e-03
1.931359118780051842e+00 2.922055093990373435e-03
1.933291443900291728e+00 2.921940112798201809e-03
1.935225702312133089e+00 2.917684188097163529e-03
1.937161895949837120e+00 2.918006000044481678e-03
1.939100026749601025e+00 2.919206929597896200e-03
1.941040096649554014e+00 2.917204925499956684e-03
1.942982107589765972e+00 2.919730971464781603e-03
1.944926061512247673e+00 2.922159431722314276e-03
1.946871960360953446e+00 2.926723150223055781e-03
1.948819806081781847e+00 2.929772640982352024e-03
1.950769600622574540e+00 2.928708952517711760e-03
1.952721345933129404e+00 2.930973057286612865e-03
1.954675043965192760e+00 2.931328327597813865e-03
1.956630696672465364e+00 2.931491644547505257e-03
1.958588306010599522e+00 2.928675651517428924e-03
1.960547873937202201e+00 2.922586919913144812e-03
1.962509402411841242e+00 2.924580392783734765e-03
1.964472893396044695e+00 2.925072931319860556e-03
1.966438348853305484e+00 2.923804118331490773e-03
1.968405770749081407e+00 2.920704908982153965e-03
1.970375161050789359e+00 2.918539511558138240e-03
1.972346521727821544e+00 2.913095299472236600e-03
1.974319854751539927e+00 2.908649889191797580e-03
1.976295162095277336e+00 2.906081438160790665e-03
1.978272445734343465e+00 2.903420303175851484e-03
1.980251707646021986e+00 2.901091782902644363e-03
1.982232949809572320e+00 2.898482274692554261e-03
1.984216174206235195e+00 2.897081039451914093e-03
1.986201382819236860e+00 2.894337419901426428e-03
1.988188577633788201e+00 2.894909889633170280e-03
1.990177760637084958e+00 2.895798289911952293e-03
1.992168933818306620e+00 2.893989673033176523e-03
1.994162099168625746e+00 2.899796436969117631e-03
1.996157258681210633e+00 2.909641889505881415e-03
1.998154414351219765e+00 2.921974831001691864e-03
2.000153568175812691e+00 2.929211984016706800e-03
2.002154722154140476e+00 2.934028914500401604e-03
2.004157878287355921e+00 2.936137511083752698e-03
2.006163038578616220e+00 2.934294452508571897e-03
2.008170205033081412e+00 2.930124381271186594e-03
2.010179379657917487e+00 2.930230819768299064e-03
2.012190564462303932e+00 2.933230401952915609e-03
2.014203761457421749e+00 2.934306905952191111e-03
2.016218972656465880e+00 2.931440484404048558e-03
2.018236200074653208e+00 2.929693482954550624e-03
2.020255445729208343e+00 2.926136656642925118e-03
2.022276711639375613e+00 2.923865180814060223e-03
2.024299999826424390e+00 2.919395379737257240e-03
2.026325312313641991e+00 2.916982181209702880e-03
2.028352651126337669e+00 2.913982803392800927e-03
2.030382018291853274e+00 2.911724510489950308e-03
2.032413415839559701e+00 2.908593998329215852e-03
2.034446845800850667e+00 2.907093722279547286e-03
2.036482310209152935e+00 2.903785785838325275e-03
2.038519811099934298e+00 2.901301318936847645e-03
2.040559350510698700e+00 2.900256837833204218e-03
2.042600930480983124e+00 2.899922550740345779e-03
2.044644553052371361e+00 2.902016668282778392e-03
2.046690220268486460e+00 2.904423707031434862e-03
2.048737934174990283e+00 2.907892715011865716e-03
2.050787696819598604e+00 2.911850234546649579e-03
2.052839510252076671e+00 2.916168097091745466e-03
2.054893376524232984e+00 2.916003216557718283e-03
2.056949297689938838e+00 2.914215741204537365e-03
2.059007275805113224e+00 2.910183161806625604e-03
2.061067312927732598e+00 2.905875510646554159e-03
2.063129411117835765e+00 2.912383769877629688e-03
2.065193572437520775e+00 2.916212968776016930e-03
2.067259798950950689e+00 2.916182329742438017e-03
2.069328092724351809e+00 2.916550881134614449e-03
2.071398455826018559e+00 2.915294265452011632e-03
2.073470890326312155e+00 2.915169319609789162e-03
2.075545398297670818e+00 2.912708732344036940e-03
2.077621981814598229e+00 2.913332632840573595e-03
2.079700642953679068e+00 2.910523375968842360e-03
2.081781383793575468e+00 2.910993811374267860e-03
2.083864206415028342e+00 2.912454337428864882e-03
2.085949112900863156e+00 2.911852338720884170e-03
2.088036105335985937e+00 2.911375746494298568e-03
2.090125185807389485e+00 2.911879226563086464e-03
2.092216356404151156e+00 2.912612343846507010e-03
2.094309619217441298e+00 2.911931180797176257e-03
2.096404976340524140e+00 2.912464131443231324e-03
2.098502429868758679e+00 2.912576651160615499e-03
2.100601981899600457e+00 2.912527784419409460e-03
2.102703634532599342e+00 2.912380535853776285e-03
2.104807389869406631e+00 2.913672447140591877e-03
2.106913250013779493e+00 2.914855020053578639e-03
2.109021217071576970e+00 2.914774689981330935e-03
2.111131293150767529e+00 2.917271518719974886e-03
2.113243480361425952e+00 2.918777257766411084e-03
2.115357780815740441e+00 2.917197749674227923e-03
2.117474196628013505e+00 2.919359898183759416e-03
2.119592729914662410e+00 2.921324147474782269e-03
2.121713382794218727e+00 2.919793000829155709e-03
2.123836157387335444e+00 2.923398141565215075e-03
2.125961055816782963e+00 2.924490002026575164e-03
2.128088080207463761e+00 2.929373181244879654e-03
2.130217232686400397e+00 2.928010561529248868e-03
2.132348515382747944e+00 2.928884297262152048e-03
2.134481930427789997e+00 2.928699672327656107e-03
2.136617479954937782e+00 2.931251235770310996e-03
2.138755166099743921e+00 2.930442718936011534e-03
2.140894990999892666e+00 2.931181175165596155e-03
2.143036956795210557e+00 2.938347279876883395e-03
2.145181065627663308e+00 2.935313496220416478e-03
2.147327319641362031e+00 2.935100555761218678e-03
2.149475720982560567e+00 2.939352880231567433e-03
2.151626271799656820e+00 2.940271904371709842e-03
2.153778974243205191e+00 2.936812309626626871e-03
2.155933830465906809e+00 2.943260750082845288e-03
2.158090842622617522e+00 2.942819642121097777e-03
2.160250012870349678e+00 2.947584342366030112e-03
2.162411343368275229e+00 2.947979476339714945e-03
2.164574836277725733e+00 2.947805135749115030e-03
2.166740493762190578e+00 2.954455607465867901e-03
2.168908317987328083e+00 2.953088067502359151e-03
2.171078311120967275e+00 2.952631481998831305e-03
2.173250475333098564e+00 2.951633547544708740e-03
2.175424812795882623e+00 2.948049849105597794e-03
2.177601325683664601e+00 2.946789058218260947e-03
2.179780016172958135e+00 2.941929700480581771e-03
2.181960886442447567e+00 2.938073586887848462e-03
2.184143938673002605e+00 2.943943116651081236e-03
2.186329175047673878e+00 2.941705321733662469e-03
2.188516597751704484e+00 2.941216734584270985e-03
2.190706208972517111e+00 2.943610590886188653e-03
2.192898010899720695e+00 2.951030911854665012e-03
2.195092005725113538e+00 2.956937004998111060e-03
2.197288195642695285e+00 2.968923233131718405e-03
2.199486582848655836e+00 2.982925733139455381e-03
2.201687169541381994e+00 2.986032766635719760e-03
2.203889957921462806e+00 2.979058671066685433e-03
2.206094950191685111e+00 2.968860186369163840e-03
2.208302148557042432e+00 2.957728049520882800e-03
2.210511555224734526e+00 2.956042470801365212e-03
2.212723172404166938e+00 2.955378876404877314e-03
2.214937002306953673e+00 2.953502521555215025e-03
2.217153047146927847e+00 2.957247382370316487e-03
2.219371309140135029e+00 2.955108985504677124e-03
2.221591790504835906e+00 2.958876707698030427e-03
2.223814493461512498e+00 2.958249036269039456e-03
2.226039420232865051e+00 2.961701946665990567e-03
2.228266573043822252e+00 2.961952826996610416e-03
2.230495954121538116e+00 2.961577122606435380e-03
2.232727565695393768e+00 2.964744868420852650e-03
2.234961409997000992e+00 2.965089646900937945e-03
2.237197489260204897e+00 2.970785317200506405e-03
2.239435805721083028e+00 2.968671952757322673e-03
2.241676361617952473e+00 2.971989531737311702e-03
2.243919159191369861e+00 2.972653045131865707e-03
2.246164200684134915e+00 2.979869849060883674e-03
2.248411488341286901e+00 2.977948416650208919e-03
2.250661024410114397e+00 2.979405739515851408e-03
2.252912811140153959e+00 2.979078675697830608e-03
2.255166850783189680e+00 2.978071070113883119e-03
2.257423145593265623e+00 2.977098003720878277e-03
2.259681697826675162e+00 2.974993187934127890e-03
2.261942509741970753e+00 2.977641709038705842e-03
2.264205583599968374e+00 2.976487228214509673e-03
2.266470921663737315e+00 2.973747847023954123e-03
2.268738526198614380e+00 2.975635244953294539e-03
2.271008399472205674e+00 2.971798086249143565e-03
2.273280543754384819e+00 2.973474519643062777e-03
2.275554961317296954e+00 2.974114046310122328e-03
2.277831654435360065e+00 2.972476026745692404e-03
2.280110625385271206e+00 2.969754988204723577e-03
2.282391876445996282e+00 2.972848030433511771e-03
2.284675409898784704e+00 2.976422008657042366e-03
2.286961228027174720e+00 2.976145121938683028e-03
2.289249333116983198e+00 2.982078378005006622e-03
2.291539727456316289e+00 2.984528557776509623e-03
2.293832413335568976e+00 2.984741444707407574e-03
2.296127393047421972e+00 2.985403576820101421e-03
2.298424668886857702e+00 2.982514329432278243e-03
2.300724243151156312e+00 2.981767963011318009e-03
2.303026118139892109e+00 2.981944179007278879e-03
2.305330296154935787e+00 2.977160785221226111e-03
2.307636779500468638e+00 2.970857388131332988e-03
2.309945570482975441e+00 2.963255340069663110e-03
2.312256671411244913e+00 2.958667367229076903e-03
2.314570084596378141e+00 2.965069648771847741e-03
2.316885812351787255e+00 2.988883470912691992e-03
2.319203856993203861e+00 2.990722197990988533e-03
2.321524220838667496e+00 2.982323778168979173e-03
2.323846906208542507e+00 2.976245838705775162e-03
2.326171915425521153e+00 2.974958949878103460e-03
2.328499250814608956e+00 2.972964727517316171e-03
2.330828914703140686e+00 2.970390349533716043e-03
2.333160909420783025e+00 2.972715678833130239e-03
2.335495237299529681e+00 2.976697586310819710e-03
2.337831900673706720e+00 2.976183004563370815e-03
2.340170901879977006e+00 2.979792452394683551e-03
2.342512243257343751e+00 2.978471570077984715e-03
2.344855927147150965e+00 2.981658365740102578e-03
2.347201955893081671e+00 2.980114828649776254e-03
2.349550331841163242e+00 2.979079349305954749e-03
2.351901057339769618e+00 2.977283614819374938e-03
2.354254134739628412e+00 2.976592714772234582e-03
2.356609566393821797e+00 2.976051727133473615e-03
2.358967354657777626e+00 2.976291787469183443e-03
2.361327501889283642e+00 2.969520331789627689e-03
2.363690010448485701e+00 2.968607627638103225e-03
2.366054882697895767e+00 2.971188298033676338e-03
2.368422121002386582e+00 2.975139035630971172e-03
2.370791727729192999e+00 2.985549608283187377e-03
2.373163705247925304e+00 2.981437460177253918e-03
2.375538055930560777e+00 2.974978779736982964e-03
2.377914782151449469e+00 2.970063820915252225e-03
2.380293886287319527e+00 2.971525974706797947e-03
2.382675370717276309e+00 2.970968437859452735e-03
2.385059237822801048e+00 2.970433108458114639e-03
2.387445489987759739e+00 2.970287572706871784e-03
2.389834129598410239e+00 2.968696492237231713e-03
2.392225159043389393e+00 2.967590059569855977e-03
2.394618580713724132e+00 2.970287872906465267e-03
2.397014397002838582e+00 2.968389054499333962e-03
2.399412610306550508e+00 2.968561962939724255e-03
2.401813223023073984e+00 2.967033156353472267e-03
2.404216237553020274e+00 2.965457294064865676e-03
2.406621656299405387e+00 2.962314552928507847e-03
2.409029481667643413e+00 2.960835166448268566e-03
2.411439716065562955e+00 2.956576748931542473e-03
2.413852361903402688e+00 2.956639911058339502e-03
2.416267421593802922e+00 2.959894209766330414e-03
2.418684897551825586e+00 2.965294421282284494e-03
2.421104792194948896e+00 2.967238739336646239e-03
2.423527107943065584e+00 2.975898187110545198e-03
2.425951847218492219e+00 2.972980399559358757e-03
2.428379012445967433e+00 2.967852057483373086e-03
2.430808606052657250e+00 2.961556955800932929e-03
2.433240630468156418e+00 2.962965734772257925e-03
2.435675088124486631e+00 2.966392202053664585e-03
2.438111981456106747e+00 2.963655436488450354e-03
2.440551312899912340e+00 2.959507926309285462e-03
2.442993084895234812e+00 2.955652848933101352e-03
2.445437299883853832e+00 2.955279361241451574e-03
2.447883960309978679e+00 2.957810872937566803e-03
2.450333068620265564e+00 2.953396571595931670e-03
2.452784627263817629e+00 2.954711875199194857e-03
2.455238638692204489e+00 2.956011496735060778e-03
2.457695105359435583e+00 2.955145771404715013e-03
2.460154029721969948e+00 2.951922008063646158e-03
2.462615414238743750e+00 2.952738960571702365e-03
2.465079261371134756e+00 2.950436026832757228e-03
2.467545573582992535e+00 2.950201424250743429e-03
2.470014353340631796e+00 2.952663903442333433e-03
2.472485603112830166e+00 2.948814394002899873e-03
2.474959325370837071e+00 2.946536288862396276e-03
2.477435522588375516e+00 2.947497963106246108e-03
2.479914197241639418e+00 2.947551201378280882e-03
2.482395351809302930e+00 2.944276612411171699e-03
2.484878988772528885e+00 2.947450966414835206e-03
2.487365110614955910e+00 2.948106437452652911e-03
2.489853719822701983e+00 2.945959123041718905e-03
2.492344818884375535e+00 2.944648071734024333e-03
2.494838410291070119e+00 2.943654429055071395e-03
2.497334496536383064e+00 2.941858708384610839e-03
2.499833080116400819e+00 2.944491965684014126e-03
2.502334163529706945e+00 2.942332699167575592e-03
2.504837749277384784e+00 2.942163886526865182e-03
2.507343839863014345e+00 2.941551779739928589e-03
2.509852437792693625e+00 2.942766764941225251e-03
2.512363545575026169e+00 2.943034821585640854e-03
2.514877165721113972e+00 2.940892539998714219e-03
2.517393300744581008e+00 2.940704270591319898e-03
2.519911953161556806e+00 2.942392377618183088e-03
2.522433125490685768e+00 2.940403825788357253e-03
2.524956820253147161e+00 2.938828868532673399e-03
2.527483039972646228e+00 2.941392573044211180e-03
2.530011787175398652e+00 2.937654982418763140e-03
2.532543064390146537e+00 2.936917827520798673e-03
2.535076874148167292e+00 2.937808685791830528e-03
2.537613218983271413e+00 2.938256810665351888e-03
2.540152101431809584e+00 2.936451317214924979e-03
2.542693524032659802e+00 2.938146280363136773e-03
2.545237489327245139e+00 2.942570195719289555e-03
2.547783999859532411e+00 2.947784905763525982e-03
2.550333058176029954e+00 2.948047760376367853e-03
2.552884666825803173e+00 2.946060630427745942e-03
2.555438828360458547e+00 2.946812197488045924e-03
2.557995545334152077e+00 2.953985661218297247e-03
2.560554820303596824e+00 2.952337389607634539e-03
2.563116655828076684e+00 2.949393166409535697e-03
2.565681054469429956e+00 2.952596962400506550e-03
2.568248018792045784e+00 2.949955383074058350e-03
2.570817551362897468e+00 2.954940458410460283e-03
2.573389654751518485e+00 2.952421958167282708e-03
2.575964331530008256e+00 2.949806650341911529e-03
2.578541584273044585e+00 2.945565104174704268e-03
2.581121415557876553e+00 2.942834252036318973e-03
2.583703827964337840e+00 2.945006336559920571e-03
2.586288824074843617e+00 2.955639654031224500e-03
2.588876406474390546e+00 2.959679382262484469e-03
2.591466577750558553e+00 2.955799318786027797e-03
2.594059340493518384e+00 2.951992604457703145e-03
2.596654697296031600e+00 2.947405407468369973e-03
2.599252650753462568e+00 2.946408964800292796e-03
2.601853203463758923e+00 2.946945159287838421e-03
2.604456358027470220e+00 2.944019101541846088e-03
2.607062117047760808e+00 2.943364359995073211e-03
2.609670483130389851e+00 2.944461268677900020e-03
2.612281458883716656e+00 2.944966883808888304e-03
2.614895046918714883e+00 2.943382062283887712e-03
2.617511249848980981e+00 2.938826451192316433e-03
2.620130070290716873e+00 2.937138625104483529e-03
2.622751510862746382e+00 2.939374048999086712e-03
2.625375574186502803e+00 2.936329555830152413e-03
2.628002262886047546e+00 2.936664950271752200e-03
2.630631579588075031e+00 2.937074691671023429e-03
2.633263526921897135e+00 2.935343210142907396e-03
2.635898107519465849e+00 2.930496284263311123e-03
2.638535324015363503e+00 2.930547420709015728e-03
2.641175179046807653e+00 2.931322251990711378e-03
2.643817675253651078e+00 2.928112434870834731e-03
2.646462815278393332e+00 2.926337198970934556e-03
2.649110601766170969e+00 2.923110333714158768e-03
2.651761037364768647e+00 2.925994316747411624e-03
2.654414124724629342e+00 2.929795140560422471e-03
2.657069866498836586e+00 2.928250078070702110e-03
2.659728265343126452e+00 2.927339399837347415e-03
2.662389323915903550e+00 2.934728389908278570e-03
2.665053044878226807e+00 2.941529524981258137e-03
2.667719430893810806e+00 2.945219287991587831e-03
2.670388484629045323e+00 2.951915123979739070e-03
2.673060208752994438e+00 2.958280703154941588e-03
2.675734605937373445e+00 2.961591805381537899e-03
2.678411678856579048e+00 2.964764295197591139e-03
2.681091430187691138e+00 2.967374360116118402e-03
2.683773862610453698e+00 2.969170136674584119e-03
2.686458978807302778e+00 2.969040160216858924e-03
2.689146781463357616e+00 2.966082535696659001e-03
2.691837273266414865e+00 2.960623757555997000e-03
2.694530456906965021e+00 2.962763092595767627e-03
2.697226335078197312e+00 2.964603358215367641e-03
2.699924910475991258e+00 2.964633955674539009e-03
2.702626185798916225e+00 2.963612667977366145e-03
2.705330163748253192e+00 2.961093360870976909e-03
2.708036847027985861e+00 2.957925313944696766e-03
2.710746238344789560e+00 2.955379952588889012e-03
2.713458340408054781e+00 2.951286834041246671e-03
2.716173155929883176e+00 2.947083307577709477e-03
2.718890687625096891e+00 2.944294596432821612e-03
2.721610938211223907e+00 2.939348258421035486e-03
2.724333910408513137e+00 2.933487244802252501e-03
2.727059606939940650e+00 2.930758785065998209e-03
2.729788030531202114e+00 2.927760464709655043e-03
2.732519183910722571e+00 2.925377169409946847e-03
2.735253069809658211e+00 2.925291050531468335e-03
2.737989690961888822e+00 2.926187270844524558e-03
2.740729050104034226e+00 2.930506918835558243e-03
2.743471149975461376e+00 2.936653491610526599e-03
2.746215993318269266e+00 2.943562376808522146e-03
2.748963582877296030e+00 2.949868703193346455e-03
2.751713921400137153e+00 2.955646087034407600e-03
2.754467011637128149e+00 2.959895680744245409e-03
2.757222856341353445e+00 2.962353531655232027e-03
2.759981458268668142e+00 2.962531543314039610e-03
2.762742820177677583e+00 2.962685056064906682e-03
2.765506944829736025e+00 2.956391886420534250e-03
2.768273834988963955e+00 2.951598371877763548e-03
2.771043493422256532e+00 2.956969386142725698e-03
2.773815922899276032e+00 2.961309403632560178e-03
2.776591126192445191e+00 2.962195141550569809e-03
2.779369106076971185e+00 2.961097189278492393e-03
2.782149865330835858e+00 2.958546727364902082e-03
2.784933406734796613e+00 2.955541693883063318e-03
2.787719733072396178e+00 2.952902645243211596e-03
2.790508847129963499e+00 2.950516434336158435e-03
2.793300751696610629e+00 2.950014624035340698e-03
2.796095449564240720e+00 2.947980241585023906e-03
2.798892943527549360e+00 2.945062982078450707e-03
2.801693236384038332e+00 2.942809550174712435e-03
2.804496330933999637e+00 2.942792068817142587e-03
2.807302229980519481e+00 2.941240403983479395e-03
2.810110936329506703e+00 2.938959853698605400e-03
2.812922452789668348e+00 2.937039102525540804e-03
2.815736782172511887e+00 2.935676290825286507e-03
2.818553927292374528e+00 2.934414916366471192e-03
2.821373890966397902e+00 2.932261722612000427e-03
2.824196676014550711e+00 2.930034123744375621e-03
2.827022285259616297e+00 2.926545158906463523e-03
2.829850721527202406e+00 2.925678125831712370e-03
2.832681987645746524e+00 2.925071458152689839e-03
2.835516086446511874e+00 2.924151274984506353e-03
2.838353020763594525e+00 2.921941519094807885e-03
2.841192793433933605e+00 2.919547668885564759e-03
2.844035407297307749e+00 2.917173880726221455e-03
2.846880865196327104e+00 2.915685906763798921e-03
2.849729169976447540e+00 2.914457584194506210e-03
2.852580324485975538e+00 2.913916734694663516e-03
2.855434331576065077e+00 2.913252518023832886e-03
2.858291194100722521e+00 2.909839983765128389e-03
2.861150914916811061e+00 2.908375929102369629e-03
2.864013496884051602e+00 2.906160332379499438e-03
2.866878942865026314e+00 2.904147933523879010e-03
2.869747255725183521e+00 2.903116892185697573e-03
2.872618438332836366e+00 2.902033512570362066e-03
2.875492493559169027e+00 2.900615743837354175e-03
2.878369424278236277e+00 2.899508511922554987e-03
2.881249233366968809e+00 2.898677484527736187e-03
2.884131923705171907e+00 2.896843961892673659e-03
2.887017498175541874e+00 2.895852607110537165e-03
2.889905959663658042e+00 2.894691402061750664e-03
2.892797311057972998e+00 2.894131880914023892e-03
2.895691555249836124e+00 2.894091219919976005e-03
2.898588695133490045e+00 2.892743372835810539e-03
2.901488733606079062e+00 2.892258951285856059e-03
2.904391673567642052e+00 2.892702122936354273e-03
2.907297517921122676e+00 2.891443675084528694e-03
2.910206269572368054e+00 2.891829629117942044e-03
2.913117931430124763e+00 2.892000129659194011e-03
2.916032506406053049e+00 2.892536397725952672e-03
2.918949997414726827e+00 2.891271638636783159e-03
2.921870407373641676e+00 2.891241326324644947e-03
2.924793739203208620e+00 2.890183754954114143e-03
2.927719995826757238e+00 2.891932770642628540e-03
2.930649180170546320e+00 2.893561981609392951e-03
2.933581295163762093e+00 2.895217218223930956e-03
2.936516343738513779e+00 2.894866153956986328e-03
2.939454328829848251e+00 2.895340010092702001e-03
2.942395253375765130e+00 2.894528491919833371e-03
2.945339120317177706e+00 2.897409577766583803e-03
2.948285932597951575e+00 2.896737577463012227e-03
2.951235693164907747e+00 2.899010422248405119e-03
2.954188404967802217e+00 2.900173320776532754e-03
2.957144070959347282e+00 2.900416326118989297e-03
2.960102694095215980e+00 2.900475215730023704e-03
2.963064277334023888e+00 2.902363072214831155e-03
2.966028823637354872e+00 2.903206652178752598e-03
