8.099554455959743215e-01 2.883119827472910898e-03
8.107658061542900585e-01 2.883132411399387703e-03
8.115769774784792334e-01 2.883149175568103240e-03
8.123889603797121994e-01 2.883167603132336457e-03
8.132017556699727701e-01 2.883192286385453246e-03
8.140153641620563318e-01 2.883206319014086551e-03
8.148297866695717317e-01 2.883200156438228082e-03
8.156450240069411661e-01 2.883190224243759297e-03
8.164610769894029563e-01 2.883179536301658935e-03
8.172779464330105492e-01 2.883098996411038051e-03
8.180956331546322957e-01 2.883053357449844034e-03
8.189141379719558911e-01 2.882950567335207902e-03
8.197334617034857107e-01 2.882859465333760876e-03
8.205536051685444754e-01 2.882737633860052353e-03
8.213745691872769150e-01 2.882641471315644521e-03
8.221963545806487694e-01 2.882617344407892041e-03
8.230189621704429026e-01 2.882691163976075933e-03
8.238423927792670742e-01 2.882466311279011009e-03
8.246666472305524964e-01 2.882318478854306500e-03
8.254917263485536116e-01 2.882232008927634870e-03
8.263176309583500911e-01 2.882132819050955454e-03
8.271443618858455027e-01 2.882049192360781626e-03
8.279719199577725286e-01 2.882020871225911187e-03
8.288003060016881918e-01 2.881962677090340458e-03
8.296295208459781856e-01 2.881854001909856054e-03
8.304595653198585392e-01 2.881779052699282116e-03
8.312904402533747295e-01 2.881749808974238582e-03
8.321221464773999044e-01 2.885313735275703197e-03
8.329546848236402123e-01 2.899612326691984425e-03
8.337880561246344691e-01 2.905061170023815354e-03
8.346222612137542685e-01 2.906345625060034396e-03
8.354573009252049820e-01 2.906944856642220548e-03
8.362931760940265358e-01 2.907660648359731634e-03
8.371298875560944097e-01 2.908335091086179571e-03
8.379674361481189715e-01 2.908900488591545114e-03
8.388058227076495843e-01 2.909023769667210338e-03
8.396450480730722754e-01 2.909081335802615742e-03
8.404851130836130668e-01 2.909053919955025339e-03
8.413260185793379753e-01 2.910206735687207585e-03
8.421677654011512359e-01 2.911019618130269992e-03
8.430103543908002983e-01 2.911476797098523119e-03
8.438537863908742720e-01 2.911580936545272742e-03
8.446980622448042597e-01 2.910583853504491916e-03
8.455431827968671321e-01 2.909557948702339893e-03
8.463891488921824191e-01 2.909559407094209835e-03
8.472359613767166397e-01 2.910285680031038727e-03
8.480836210972833022e-01 2.910854909748906028e-03
8.489321289015407945e-01 2.911008928703931985e-03
8.497814856379983794e-01 2.910804039706782909e-03
8.506316921560135302e-01 2.910778848123747597e-03
8.514827493057913754e-01 2.910616544605764116e-03
8.523346579383890287e-01 2.910729152612374047e-03
8.531874189057161439e-01 2.910942806101410145e-03
8.540410330605319178e-01 2.910974274371032171e-03
8.548955012564523059e-01 2.911167992579197748e-03
8.557508243479458043e-01 2.911527609824767632e-03
8.566070031903338933e-01 2.911455068025199482e-03
8.574640386397960334e-01 2.911260049892288367e-03
8.583219315533672233e-01 2.910697737826868896e-03
8.591806827889413301e-01 2.910359676879055359e-03
8.600402932052715332e-01 2.910430178190797496e-03
8.609007636619676607e-01 2.910848678538619123e-03
8.617620950194990748e-01 2.910073829771800315e-03
8.626242881391973372e-01 2.909533242456396277e-03
8.634873438832556536e-01 2.908945944377131637e-03
8.643512631147296510e-01 2.908582221288515991e-03
8.652160466975378217e-01 2.908805674365915958e-03
8.660816954964636327e-01 2.909008782745560462e-03
8.669482103771571913e-01 2.909928634678010228e-03
8.678155922061336902e-01 2.910942186865263844e-03
8.686838418507756288e-01 2.911580728332004066e-03
8.695529601793322572e-01 2.912303278882500193e-03
8.704229480609205760e-01 2.912986772550087491e-03
8.712938063655277787e-01 2.913390544415144987e-03
8.721655359640141381e-01 2.913639727609516460e-03
8.730381377281095645e-01 2.913838751499375074e-03
8.739116125304161597e-01 2.913696686320460007e-03
8.747859612444087718e-01 2.913346864249323834e-03
8.756611847444361052e-01 2.911849123986366087e-03
8.765372839057208321e-01 2.910993346375527827e-03
8.774142596043608133e-01 2.911419678960376796e-03
8.782921127173328735e-01 2.912621975345485587e-03
8.791708441224919124e-01 2.913836504589982154e-03
8.800504546985693510e-01 2.913942910614344874e-03
8.809309453251749078e-01 2.913431385000443165e-03
8.818123168827982639e-01 2.912766739627598109e-03
8.826945702528108395e-01 2.912502461618089213e-03
8.835777063174676815e-01 2.912638744045462774e-03
8.844617259599056869e-01 2.913309641881597564e-03
8.853466300641437137e-01 2.914766568179638813e-03
8.862324195150838024e-01 2.917169198794754802e-03
8.871190951985163942e-01 2.920601733624598670e-03
8.880066580011191091e-01 2.923706808973464480e-03
8.888951088104538600e-01 2.927227743055995333e-03
8.897844485149719596e-01 2.932262468332525254e-03
8.906746780040118994e-01 2.938020926044080348e-03
8.915657981678065669e-01 2.940936354119260722e-03
8.924578098974739193e-01 2.941254026361881345e-03
8.933507140850214245e-01 2.940048342971445308e-03
8.942445116233572744e-01 2.936390000787473045e-03
8.951392034062801706e-01 2.933488350775907173e-03
8.960347903284814342e-01 2.929844137169439894e-03
8.969312732855473369e-01 2.927775107410076141e-03
8.978286531739603227e-01 2.931637583441861622e-03
8.987269308911014498e-01 2.944146011628943817e-03
8.996261073352495030e-01 2.945603065306318276e-03
9.005261834055795500e-01 2.941106632180126579e-03
9.014271600021682707e-01 2.935700404373968626e-03
9.023290380259918475e-01 2.931033354460557683e-03
9.032318183789278532e-01 2.929502118851471694e-03
9.041355019637584700e-01 2.930225164250581729e-03
9.050400896841658271e-01 2.929856030375386014e-03
9.059455824447376626e-01 2.929852126125143032e-03
9.068519811509679895e-01 2.929626844664714753e-03
9.077592867092548756e-01 2.929412894752946375e-03
9.086675000269045510e-01 2.928711835009163884e-03
9.095766220121302981e-01 2.926683498994486592e-03
9.104866535740545608e-01 2.924842500695247829e-03
9.113975956227070574e-01 2.922925939254829124e-03
9.123094490690316638e-01 2.920312365771885431e-03
9.132222148248820837e-01 2.917113420927266824e-03
9.141358938030226255e-01 2.914710362631747591e-03
9.150504869171317557e-01 2.912123208617034206e-03
9.159659950818033192e-01 2.909050657868296995e-03
9.168824192125480943e-01 2.906217284717152634e-03
9.177997602257875753e-01 2.903470444151016322e-03
9.187180190388626322e-01 2.900999945668885673e-03
9.196371965700328444e-01 2.899060580498908669e-03
9.205572937384781662e-01 2.897107804873661971e-03
9.214783114642939310e-01 2.895389300549792468e-03
9.224002506684964020e-01 2.893355662358505949e-03
9.233231122730257701e-01 2.892411799804636696e-03
9.242468972007444883e-01 2.891975208881107477e-03
9.251716063754391595e-01 2.891612065333715002e-03
9.260972407218166502e-01 2.891009028633672630e-03
9.270238011655114185e-01 2.890475571634745170e-03
9.279512886330849586e-01 2.890346727449780769e-03
9.288797040520245796e-01 2.890263040498019555e-03
9.298090483507445159e-01 2.890186439152348050e-03
9.307393224585915892e-01 2.890327289080930895e-03
9.316705273058381032e-01 2.890518360197374438e-03
9.326026638236895039e-01 2.890460792231621528e-03
9.335357329442838248e-01 2.890561289422386056e-03
9.344697356006889111e-01 2.890981231497201549e-03
9.354046727269068606e-01 2.890920384028754925e-03
9.363405452578753563e-01 2.891033580422428320e-03
9.372773541294663335e-01 2.891368991190087102e-03
9.382151002784899774e-01 2.891821124388903406e-03
9.391537846426917246e-01 2.892580062496065679e-03
9.400934081607547066e-01 2.892671809358542730e-03
9.410339717723049668e-01 2.892387560073382373e-03
9.419754764179059103e-01 2.892385591370010174e-03
9.429179230390614119e-01 2.893257218680242524e-03
9.438613125782181479e-01 2.893644550922178441e-03
9.448056459787667061e-01 2.894564405589514743e-03
9.457509241850403647e-01 2.895629047871394607e-03
9.466971481423157586e-01 2.896627397983799271e-03
9.476443187968174309e-01 2.897917063805472912e-03
9.485924370957175000e-01 2.898435453073827141e-03
9.495415039871341056e-01 2.897469962722461819e-03
9.504915204201344059e-01 2.899457497585784457e-03
9.514424873447341335e-01 2.899642300013675379e-03
9.523944057118994833e-01 2.900357669375145699e-03
9.533472764735499982e-01 2.901155542615605973e-03
9.543011005825563497e-01 2.901563679824499010e-03
9.552558789927436678e-01 2.902009016575438603e-03
9.562116126588898757e-01 2.903263194793511727e-03
9.571683025367276887e-01 2.904655184441939063e-03
9.581259495829482775e-01 2.904373884031311720e-03
9.590845547552002692e-01 2.904971134223752020e-03
9.600441190120854174e-01 2.906371184507714703e-03
9.610046433131675947e-01 2.907426714360077883e-03
9.619661286189739036e-01 2.907560406684947009e-03
9.629285758909905679e-01 2.908490441060758783e-03
9.638919860916628224e-01 2.909359769652283996e-03
9.648563601844011295e-01 2.909374647186739257e-03
9.658216991335795143e-01 2.909978179067108060e-03
9.667880039045362306e-01 2.910760686777412801e-03
9.677552754635757593e-01 2.910752445953461616e-03
9.687235147779708067e-01 2.912436058289373346e-03
9.696927228159630818e-01 2.916039584652172639e-03
9.706629005467596327e-01 2.915100656042133708e-03
9.716340489405361769e-01 2.913080694269942067e-03
9.726061689684449840e-01 2.912412033518913413e-03
9.735792616026035518e-01 2.912602543224169886e-03
9.745533278161038204e-01 2.913594497813464315e-03
9.755283685830130613e-01 2.913924597763712255e-03
9.765043848783711011e-01 2.914466486410979308e-03
9.774813776781959840e-01 2.915465920414090761e-03
9.784593479594798637e-01 2.916108162987999988e-03
9.794382967001936668e-01 2.916923746742573244e-03
9.804182248792859822e-01 2.917879547218608059e-03
9.813991334766843933e-01 2.918411180057138999e-03
9.823810234732978097e-01 2.919076556981453630e-03
9.833638958510170225e-01 2.919896796651465665e-03
9.843477515927149257e-01 2.920524353168319105e-03
9.853325916822468500e-01 2.921224873079143313e-03
9.863184171044501181e-01 2.921964961786442140e-03
9.873052288451531489e-01 2.922436363208369241e-03
9.882930278911683519e-01 2.922239541767301246e-03
9.892818152302930157e-01 2.922159076622944662e-03
9.902715918513149695e-01 2.920632759949782185e-03
9.912623587440111406e-01 2.919368249109678508e-03
9.922541168991476646e-01 2.920099057832051433e-03
9.932468673084843269e-01 2.922388944197456921e-03
9.942406109647716761e-01 2.925850373392070974e-03
9.952353488617531330e-01 2.931005093861910413e-03
9.962310819941662121e-01 2.930139895344928413e-03
9.972278113577441871e-01 2.924767364525995318e-03
9.982255379492167569e-01 2.922391100336120366e-03
9.992242627663093790e-01 2.922606988097158250e-03
1.000223986807747600e+00 2.923237113002051697e-03
1.001224711073256834e+00 2.923960201028274076e-03
1.002226436563560474e+00 2.924995261276111536e-03
1.003229164280384333e+00 2.926196794575417447e-03
1.004232895226455646e+00 2.927784412033777438e-03
1.005237630405505511e+00 2.929308102730703543e-03
1.006243370822270000e+00 2.930015130928938054e-03
1.007250117482488161e+00 2.929485519500604762e-03
1.008257871392907346e+00 2.928509182536315203e-03
1.009266633561284321e+00 2.926609381430697945e-03
1.010276404996379940e+00 2.924239908055683082e-03
1.011287186707962471e+00 2.922649328618868916e-03
1.012298979706815372e+00 2.921748621819447115e-03
1.013311785004731513e+00 2.923708072547549254e-03
1.014325603614517401e+00 2.927534931156832929e-03
1.015340436549991621e+00 2.927515587117319497e-03
1.016356284825987721e+00 2.925417617791981235e-03
1.017373149458352000e+00 2.924251428050386910e-03
1.018391031463949936e+00 2.924548459052667311e-03
1.019409931860664198e+00 2.924878986022454771e-03
1.020429851667395971e+00 2.923370479871114855e-03
1.021450791904064959e+00 2.923013342001222394e-03
1.022472753591610495e+00 2.924028123569934624e-03
1.023495737751995538e+00 2.924488673336879570e-03
1.024519745408203342e+00 2.925000232536174426e-03
1.025544777584241007e+00 2.926033686463146502e-03
1.026570835305141705e+00 2.926309907816472371e-03
1.027597919596963782e+00 2.926529355311800577e-03
1.028626031486790104e+00 2.926245426437138267e-03
1.029655172002734043e+00 2.925473851363557393e-03
1.030685342173935926e+00 2.924189211919604042e-03
1.031716543030566147e+00 2.922940442191569992e-03
1.032748775603824720e+00 2.921267194878029473e-03
1.033782040925944834e+00 2.920106551422943335e-03
1.034816340030192627e+00 2.918924235113007880e-03
1.035851673950866303e+00 2.917883632569199734e-03
1.036888043723299679e+00 2.916775575858298903e-03
1.037925450383862858e+00 2.915305071812720680e-03
1.038963894969963331e+00 2.914112986022128482e-03
1.040003378520046207e+00 2.913156199095998447e-03
1.041043902073592431e+00 2.911756326111426645e-03
1.042085466671125449e+00 2.910645824566791481e-03
1.043128073354212981e+00 2.909792390779092266e-03
1.044171723165462140e+00 2.908417644249265428e-03
1.045216417148520982e+00 2.907439718070565626e-03
1.046262156348083616e+00 2.906180314875041800e-03
1.047308941809890870e+00 2.905302400766693501e-03
1.048356774580727402e+00 2.904306185577217383e-03
1.049405655708424367e+00 2.904057640489709265e-03
1.050455586241864525e+00 2.902778197993571580e-03
1.051506567230979794e+00 2.901756768510612913e-03
1.052558599726749256e+00 2.900971964281143234e-03
1.053611684781205371e+00 2.900491788746074363e-03
1.054665823447434869e+00 2.899706743679800192e-03
1.055721016779575638e+00 2.899143833231164480e-03
1.056777265832821389e+00 2.898710612385064188e-03
1.057834571663421430e+00 2.898627903564891285e-03
1.058892935328680673e+00 2.897943220900512339e-03
1.059952357886963181e+00 2.897669266190030374e-03
1.061012840397692836e+00 2.897379889590235083e-03
1.062074383921351339e+00 2.897404974776840968e-03
1.063136989519481546e+00 2.898178182844874176e-03
1.064200658254688792e+00 2.898850407957750605e-03
1.065265391190642452e+00 2.898966263303068801e-03
1.066331189392076162e+00 2.898977124851174168e-03
1.067398053924788259e+00 2.898207907010468334e-03
1.068465985855643563e+00 2.897395614104293117e-03
1.069534986252574260e+00 2.896427770620363558e-03
1.070605056184579462e+00 2.895447922139713325e-03
1.071676196721730756e+00 2.894876479840251086e-03
1.072748408935168429e+00 2.894068293768074177e-03
1.073821693897103469e+00 2.893707974845561182e-03
1.074896052680821112e+00 2.893372597100435893e-03
1.075971486360680407e+00 2.893589591903354252e-03
1.077047996012116871e+00 2.893331867256484363e-03
1.078125582711639385e+00 2.893227452718704924e-03
1.079204247536833972e+00 2.892953035428236057e-03
1.080283991566367119e+00 2.892840345329941547e-03
1.081364815879982011e+00 2.893453595500360652e-03
1.082446721558502079e+00 2.894368283540419470e-03
1.083529709683832998e+00 2.894852670098832601e-03
1.084613781338964023e+00 2.895752681993431915e-03
1.085698937607967762e+00 2.897458461819425041e-03
1.086785179575999072e+00 2.898817032593863086e-03
1.087872508329299936e+00 2.900676105610097526e-03
1.088960924955200360e+00 2.903189909807982888e-03
1.090050430542115478e+00 2.905058648517260585e-03
1.091141026179552442e+00 2.906610020972440808e-03
1.092232712958106200e+00 2.907933912982545166e-03
1.093325491969463270e+00 2.908856393578416848e-03
1.094419364306403519e+00 2.909080687544557398e-03
1.095514331062799718e+00 2.908845142223384726e-03
1.096610393333617983e+00 2.908244446235634315e-03
1.097707552214920890e+00 2.908123086003879670e-03
1.098805808803868134e+00 2.907969653604143730e-03
1.099905164198715202e+00 2.906830756208123468e-03
1.101005619498818477e+00 2.904580373756631903e-03
1.102107175804632577e+00 2.905144107424817435e-03
1.103209834217713237e+00 2.906486277272361547e-03
1.104313595840720197e+00 2.908088691001544691e-03
1.105418461777413652e+00 2.910307219958936480e-03
1.106524433132661356e+00 2.914438422752143720e-03
1.107631511012435288e+00 2.913573428233594016e-03
1.108739696523812546e+00 2.916716682082872575e-03
1.109848990774979782e+00 2.917226792288527080e-03
1.110959394875229211e+00 2.916920877948738812e-03
1.112070909934964602e+00 2.918041739118377303e-03
1.113183537065703277e+00 2.920379296788393631e-03
1.114297277380072559e+00 2.922441507907652582e-03
1.115412131991812217e+00 2.924722667477229997e-03
1.116528102015776458e+00 2.926530164942544969e-03
1.117645188567933490e+00 2.929194103833819562e-03
1.118763392765371512e+00 2.931363743603867915e-03
1.119882715726297162e+00 2.933392921670585282e-03
1.121003158570033076e+00 2.934539046059519811e-03
1.122124722417020326e+00 2.935920614602633826e-03
1.123247408388822866e+00 2.936884378097885748e-03
1.124371217608127527e+00 2.936194351943077589e-03
1.125496151198744688e+00 2.936669526064871610e-03
1.126622210285607384e+00 2.937698654652396400e-03
1.127749395994771975e+00 2.937011639254154607e-03
1.128877709453426359e+00 2.931697191722477339e-03
1.130007151789885311e+00 2.930095271321197029e-03
1.131137724133588929e+00 2.927911266332759721e-03
1.132269427615111068e+00 2.925949511673005352e-03
1.133402263366155127e+00 2.926400183353888504e-03
1.134536232519556265e+00 2.933334670878790570e-03
1.135671336209286064e+00 2.939297897455991904e-03
1.136807575570448314e+00 2.943291741704652346e-03
1.137944951739279231e+00 2.939883503898680500e-03
1.139083465853155674e+00 2.935062386271137039e-03
1.140223119050594480e+00 2.932257246000822323e-03
1.141363912471246245e+00 2.932125098813003622e-03
1.142505847255904872e+00 2.932046109766360716e-03
1.143648924546506684e+00 2.932132154740071071e-03
1.144793145486128871e+00 2.931895934372617373e-03
1.145938511218992373e+00 2.931550179718210580e-03
1.147085022890461214e+00 2.931003763198630329e-03
1.148232681647048281e+00 2.932468192822386670e-03
1.149381488636412874e+00 2.933578566829601539e-03
1.150531445007361153e+00 2.934866882142247654e-03
1.151682551909849916e+00 2.937524688991536084e-03
1.152834810494985263e+00 2.940116362627515686e-03
1.153988221915028811e+00 2.943464152585926336e-03
1.155142787323389930e+00 2.946839622862872533e-03
1.156298507874635062e+00 2.949916599624270719e-03
1.157455384724486835e+00 2.950746378511854857e-03
1.158613419029816960e+00 2.951249761563578232e-03
1.159772611948661325e+00 2.950779282318207169e-03
1.160932964640214893e+00 2.948978141722181402e-03
1.162094478264829478e+00 2.946645846228190292e-03
1.163257153984020631e+00 2.943879949167843221e-03
1.164420992960464529e+00 2.941038012754691820e-03
1.165585996357997089e+00 2.939714368247053032e-03
1.166752165341621739e+00 2.938143938044007752e-03
1.167919501077509192e+00 2.937881168496670001e-03
1.169088004732994568e+00 2.940316555777294089e-03
1.170257677476581604e+00 2.943469397038743669e-03
1.171428520477943325e+00 2.951486931968358082e-03
1.172600534907923375e+00 2.960555061767108052e-03
1.173773721938536241e+00 2.961423181989023164e-03
1.174948082742969024e+00 2.956197242710441840e-03
1.176123618495583001e+00 2.949527281491153702e-03
1.177300330371911397e+00 2.943896204458122841e-03
1.178478219548668493e+00 2.942102427947329742e-03
1.179657287203744964e+00 2.941337065784306419e-03
1.180837534516205212e+00 2.941286686217855096e-03
1.182018962666298245e+00 2.941291959634901448e-03
1.183201572835452797e+00 2.941797904027857249e-03
1.184385366206279766e+00 2.941756231225649103e-03
1.185570343962571549e+00 2.941448229343820563e-03
1.186756507289305596e+00 2.943028509483061085e-03
1.187943857372644185e+00 2.942149295316648112e-03
1.189132395399938202e+00 2.940833696896543413e-03
1.190322122559727358e+00 2.941042235545791254e-03
1.191513040041739746e+00 2.940117570080526960e-03
1.192705149036892065e+00 2.938739838757481980e-03
1.193898450737292283e+00 2.937539605604964910e-03
1.195092946336242523e+00 2.935601598493452202e-03
1.196288637028239288e+00 2.933902738336693385e-03
1.197485524008971902e+00 2.932167643602860956e-03
1.198683608475328288e+00 2.930222526755974465e-03
1.199882891625392523e+00 2.927971726456272440e-03
1.201083374658448388e+00 2.926128327459186131e-03
1.202285058774978488e+00 2.925420562805720621e-03
1.203487945176667351e+00 2.924834125244288319e-03
1.204692035066401878e+00 2.923325591339520808e-03
1.205897329648271787e+00 2.922366686414003788e-03
1.207103830127570721e+00 2.921097738750293681e-03
1.208311537710799799e+00 2.919525652534212500e-03
1.209520453605668511e+00 2.918475254405481292e-03
1.210730579021092268e+00 2.917629225302749256e-03
1.211941915167195072e+00 2.915921890604046378e-03
1.213154463255313065e+00 2.915453938376093550e-03
1.214368224497995641e+00 2.914889612780610911e-03
1.215583200109004336e+00 2.913861502090682627e-03
1.216799391303313715e+00 2.913994629856570158e-03
1.218016799297116037e+00 2.913584866232105455e-03
1.219235425307820142e+00 2.912656724216655408e-03
1.220455270554050786e+00 2.911444076493773132e-03
1.221676336255654416e+00 2.910917607946414843e-03
1.222898623633697612e+00 2.910700893920353111e-03
1.224122133910464649e+00 2.910890530873119081e-03
1.225346868309468595e+00 2.910581688635757551e-03
1.226572828055445985e+00 2.910645630212744736e-03
1.227800014374351933e+00 2.909992255054161953e-03
1.229028428493374347e+00 2.909088427580514176e-03
1.230258071640927708e+00 2.909346396173551584e-03
1.231488945046652184e+00 2.907975453439563384e-03
1.232721049941425173e+00 2.906480173143556264e-03
1.233954387557350874e+00 2.906125897888290049e-03
1.235188959127763386e+00 2.905975753245859227e-03
1.236424765887237598e+00 2.904818118199673990e-03
1.237661809071581853e+00 2.903483346984396616e-03
1.238900089917839509e+00 2.903123599992124201e-03
1.240139609664291376e+00 2.903672808949454669e-03
1.241380369550453722e+00 2.903442403217779480e-03
1.242622370817087374e+00 2.902202872872498667e-03
1.243865614706197942e+00 2.901785172220589827e-03
1.245110102461026935e+00 2.901936560780461923e-03
1.246355835326061534e+00 2.901054009159358300e-03
1.247602814547033478e+00 2.900666403852771198e-03
1.248851041370924841e+00 2.899984296766103860e-03
1.250100517045962700e+00 2.899619778400779578e-03
1.251351242821620691e+00 2.899774162808859204e-03
1.252603219948625890e+00 2.898695233260158328e-03
1.253856449678957707e+00 2.898811586540236789e-03
1.255110933265842998e+00 2.898740154679183868e-03
1.256366671963763171e+00 2.898188303241449638e-03
1.257623667028460623e+00 2.897424772501621705e-03
1.258881919716930087e+00 2.895523715131558679e-03
1.260141431287421954e+00 2.894588748659920538e-03
1.261402202999453381e+00 2.894044190666709548e-03
1.262664236113794747e+00 2.892996672166355671e-03
1.263927531892475642e+00 2.892080006753811917e-03
1.265192091598793755e+00 2.891523633704589247e-03
1.266457916497307101e+00 2.891673008323880634e-03
1.267725007853840458e+00 2.891215403495086666e-03
1.268993366935489364e+00 2.890454664705889923e-03
1.270262995010613016e+00 2.890330654402049025e-03
1.271533893348834932e+00 2.890949525046715169e-03
1.272806063221056050e+00 2.890638795931044225e-03
1.274079505899448517e+00 2.890616413286434087e-03
1.275354222657453018e+00 2.891006379631986655e-03
1.276630214769785443e+00 2.892537738141791326e-03
1.277907483512440212e+00 2.892983421222648788e-03
1.279186030162684506e+00 2.894147431100557721e-03
1.280465855999067148e+00 2.895074902215329440e-03
1.281746962301411275e+00 2.895654631540825821e-03
1.283029350350822995e+00 2.897311178305206607e-03
1.284313021429691171e+00 2.898816214699803748e-03
1.285597976821686306e+00 2.899412200659231935e-03
1.286884217811765874e+00 2.900410526668883819e-03
1.288171745686169212e+00 2.902577750155120248e-03
1.289460561732425514e+00 2.904014966884941804e-03
1.290750667239352723e+00 2.905039239502735671e-03
1.292042063497055082e+00 2.906482682906728725e-03
1.293334751796928028e+00 2.906890408346906284e-03
1.294628733431660184e+00 2.907815746413675451e-03
1.295924009695232693e+00 2.907637040234804880e-03
1.297220581882923440e+00 2.908459442649849458e-03
1.298518451291303943e+00 2.909045372559228987e-03
1.299817619218243570e+00 2.910164686454736610e-03
1.301118086962911757e+00 2.911269467555123273e-03
1.302419855825775574e+00 2.912075475475519714e-03
1.303722927108603713e+00 2.911673953306389596e-03
1.305027302114467824e+00 2.912123540454863123e-03
1.306332982147742738e+00 2.913513381481406747e-03
1.307639968514106243e+00 2.914628334796749189e-03
1.308948262520545081e+00 2.914756825084204202e-03
1.310257865475357386e+00 2.914301128487242765e-03
1.311568778688145365e+00 2.916586894016185393e-03
1.312881003469822394e+00 2.918973132133685124e-03
1.314194541132613248e+00 2.919290705055132065e-03
1.315509392990052095e+00 2.918508731885949628e-03
1.316825560356992275e+00 2.920856691737981452e-03
1.318143044549605181e+00 2.920398946382564594e-03
1.319461846885372491e+00 2.919706205752432230e-03
1.320781968683094609e+00 2.922438170191683521e-03
1.322103411262894657e+00 2.920903541978697900e-03
1.323426175946215588e+00 2.921033543099102979e-03
1.324750264055823967e+00 2.920521197526880844e-03
1.326075676915806634e+00 2.920213698924017248e-03
1.327402415851577810e+00 2.925583692572943269e-03
1.328730482189877105e+00 2.931759986134263585e-03
1.330059877258766621e+00 2.933970265929687279e-03
1.331390602387644506e+00 2.943450270706020333e-03
1.332722658907238511e+00 2.940101132413682102e-03
1.334056048149601548e+00 2.935235888659831066e-03
1.335390771448121905e+00 2.933490687288965726e-03
1.336726830137523470e+00 2.933494390388993733e-03
1.338064225553867281e+00 2.932317271015766509e-03
1.339402959034549756e+00 2.933977661562385542e-03
1.340743031918303130e+00 2.935322281790939732e-03
1.342084445545197235e+00 2.936475407978845174e-03
1.343427201256649495e+00 2.936159827989958532e-03
1.344771300395417146e+00 2.937261277372590646e-03
1.346116744305594359e+00 2.938718412561782366e-03
1.347463534332628665e+00 2.939244668524927835e-03
1.348811671823311853e+00 2.939883357970346847e-03
1.350161158125778860e+00 2.940955580613266972e-03
1.351511994589517540e+00 2.942081020899187799e-03
1.352864182565362894e+00 2.942319595104874331e-03
1.354217723405502616e+00 2.941357238100698358e-03
1.355572618463477541e+00 2.941866466341557830e-03
1.356928869094182311e+00 2.944531768493462241e-03
1.358286476653869368e+00 2.950040886035470381e-03
1.359645442500145185e+00 2.951972038388437150e-03
1.361005767991978699e+00 2.950203563341361607e-03
1.362367454489693541e+00 2.948774394368303565e-03
1.363730503354976253e+00 2.944287898535485892e-03
1.365094915950876286e+00 2.940530568216119349e-03
1.366460693641805557e+00 2.941650655724072777e-03
1.367827837793544221e+00 2.941886962620069053e-03
1.369196349773232901e+00 2.942359574714991603e-03
1.370566230949384456e+00 2.946194932699065620e-03
1.371937482691882648e+00 2.948835749739089733e-03
1.373310106371978812e+00 2.950516061299687798e-03
1.374684103362296073e+00 2.950440571212558510e-03
1.376059475036832236e+00 2.950555417951098314e-03
1.377436222770957119e+00 2.951434232605077736e-03
1.378814347941416329e+00 2.952871733541366679e-03
1.380193851926337034e+00 2.953120235275706953e-03
1.381574736105227075e+00 2.953243658090584992e-03
1.382957001858968082e+00 2.952753349091046670e-03
1.384340650569826359e+00 2.953513858125483491e-03
1.385725683621453097e+00 2.953696896870633762e-03
1.387112102398877056e+00 2.952882845769986588e-03
1.388499908288514106e+00 2.950905359039369610e-03
1.389889102678176336e+00 2.950995469221513734e-03
1.391279686957059170e+00 2.951165374125279753e-03
1.392671662515744480e+00 2.952460436522256343e-03
1.394065030746209910e+00 2.953731104837084565e-03
1.395459793041823549e+00 2.954063065106307326e-03
1.396855950797346368e+00 2.954457149315876680e-03
1.398253505408935560e+00 2.955605791314353491e-03
1.399652458274146971e+00 2.953452829924615650e-03
1.401052810791931336e+00 2.953504349514429576e-03
1.402454564362640488e+00 2.951413849125980420e-03
1.403857720388033359e+00 2.950733458847422386e-03
1.405262280271267539e+00 2.949655183888259900e-03
1.406668245416895724e+00 2.949722971788963644e-03
1.408075617230885701e+00 2.949343629553491039e-03
1.409484397120611021e+00 2.948271383326023405e-03
1.410894586494849667e+00 2.946282725876417721e-03
1.412306186763792493e+00 2.945444511754403364e-03
1.413719199339038557e+00 2.945418740410773919e-03
1.415133625633601788e+00 2.945086704864697397e-03
1.416549467061908762e+00 2.945533615975807866e-03
1.417966725039802256e+00 2.946053235333099922e-03
1.419385400984539025e+00 2.945202501188664852e-03
1.420805496314794913e+00 2.945667510146380771e-03
1.422227012450665296e+00 2.945082280153163597e-03
1.423649950813663079e+00 2.944252301738745602e-03
1.425074312826731360e+00 2.942668965049970772e-03
1.426500099914232100e+00 2.941753967294381388e-03
1.427927313501950124e+00 2.941979498770883918e-03
1.429355955017101332e+00 2.940697790079444939e-03
1.430786025888328483e+00 2.941801716792107405e-03
1.432217527545700975e+00 2.939866246096287626e-03
1.433650461420720168e+00 2.937848673288590094e-03
1.435084828946318947e+00 2.936699938222295074e-03
1.436520631556862826e+00 2.936435911341783549e-03
1.437957870688159057e+00 2.937061027310430318e-03
1.439396547777445301e+00 2.938407714771484706e-03
1.440836664263399847e+00 2.938123493697447457e-03
1.442278221586138942e+00 2.936781047894919221e-03
1.443721221187219905e+00 2.934408735176870231e-03
1.445165664509644454e+00 2.933438513413731252e-03
1.446611552997854488e+00 2.934021084351222820e-03
1.448058888097737640e+00 2.932264343338421893e-03
1.449507671256628161e+00 2.931799162886223296e-03
1.450957903923310921e+00 2.931539051402046181e-03
1.452409587548018299e+00 2.931295910407768698e-03
1.453862723582431071e+00 2.930847374975488473e-03
1.455317313479687957e+00 2.929821664191810046e-03
1.456773358694377629e+00 2.928419818218042613e-03
1.458230860682547148e+00 2.927249922919030519e-03
1.459689820901702628e+00 2.926085941022212554e-03
1.461150240810803247e+00 2.926197594756139476e-03
1.462612121870266346e+00 2.924823333636314762e-03
1.464075465541970544e+00 2.925566555027784253e-03
1.465540273289261508e+00 2.925443694860675736e-03
1.467006546576947734e+00 2.923726967927471436e-03
1.468474286871301882e+00 2.922830521162557080e-03
1.469943495640066322e+00 2.921533196502661828e-03
1.471414174352450921e+00 2.922828601741507028e-03
1.472886324479134590e+00 2.924543339039106186e-03
1.474359947492264622e+00 2.923242046013460778e-03
1.475835044865461132e+00 2.920824143206427435e-03
1.477311618073823940e+00 2.918326708072001806e-03
1.478789668593927464e+00 2.917735823144109158e-03
1.480269197903824496e+00 2.917234056392995628e-03
1.481750207483043980e+00 2.916425905540596334e-03
1.483232698812595229e+00 2.916854745368454866e-03
1.484716673374970375e+00 2.915982953944124337e-03
1.486202132654143915e+00 2.914175238991316072e-03
1.487689078135571830e+00 2.913475514823505880e-03
1.489177511306200907e+00 2.913556898792185081e-03
1.490667433654462082e+00 2.913111603154502384e-03
1.492158846670277539e+00 2.914833190383798924e-03
1.493651751845064934e+00 2.913173695171086298e-03
1.495146150671732066e+00 2.912023300559970704e-03
1.496642044644675762e+00 2.911061518001585146e-03
1.498139435259789654e+00 2.909994533000940208e-03
1.499638324014464175e+00 2.910905579982830515e-03
1.501138712407587894e+00 2.912355649574806422e-03
1.502640601939549292e+00 2.912163413532078537e-03
1.504143994112236538e+00 2.910852953727704681e-03
1.505648890429041931e+00 2.910690371176686241e-03
1.507155292394863233e+00 2.909536254442947507e-03
1.508663201516102337e+00 2.908316591296000210e-03
1.510172619300667263e+00 2.906818685859274571e-03
1.511683547257977489e+00 2.906568136802142096e-03
1.513195986898960399e+00 2.906203007830739093e-03
1.514709939736056388e+00 2.905257372983644903e-03
1.516225407283221971e+00 2.904506336866109067e-03
1.517742391055919793e+00 2.903957584445534916e-03
1.519260892571135058e+00 2.904283647318952472e-03
1.520780913347369978e+00 2.903151420765387458e-03
1.522302454904641111e+00 2.902817351622828321e-03
1.523825518764496234e+00 2.903624010929781001e-03
1.525350106449998355e+00 2.904344946182245077e-03
1.526876219485730601e+00 2.904130727799741039e-03
1.528403859397809539e+00 2.903684066669810424e-03
1.529933027713875626e+00 2.904327745584032831e-03
1.531463725963096323e+00 2.904414613752481257e-03
1.532995955676171640e+00 2.904990473990915183e-03
1.534529718385328367e+00 2.904708595302708807e-03
1.536065015624331398e+00 2.903780224292201902e-03
1.537601848928477732e+00 2.903399465108241935e-03
1.539140219834601586e+00 2.903473570414771138e-03
1.540680129881076166e+00 2.903400509275697559e-03
1.542221580607809006e+00 2.901205442115578972e-03
1.543764573556249298e+00 2.899785809255235516e-03
1.545309110269391661e+00 2.900517674785961508e-03
1.546855192291775483e+00 2.901842860266630464e-03
1.548402821169480026e+00 2.900173210462126706e-03
1.549951998450135093e+00 2.898824177177722079e-03
1.551502725682915251e+00 2.903893574421154578e-03
1.553055004418552043e+00 2.907117078529608024e-03
1.554608836209321776e+00 2.906919912239131452e-03
1.556164222609055736e+00 2.906982396077198612e-03
1.557721165173142852e+00 2.905210837804208038e-03
1.559279665458526809e+00 2.907054194319784284e-03
1.560839725023707159e+00 2.908540494052288920e-03
1.562401345428738431e+00 2.907950526790608822e-03
1.563964528235243456e+00 2.907823147814816295e-03
1.565529275006407373e+00 2.906949274694497001e-03
1.567095587306978954e+00 2.909559265214781924e-03
1.568663466703268616e+00 2.911342325382303056e-03
1.570232914763154186e+00 2.912407271443318880e-03
1.571803933056086233e+00 2.912074150457547202e-03
1.573376523153083406e+00 2.910426394403159249e-03
1.574950686626736207e+00 2.908938899715066573e-03
1.576526425051205660e+00 2.908781533471036049e-03
1.578103740002232414e+00 2.909128838125466139e-03
1.579682633057129193e+00 2.908509563317752782e-03
1.581263105794789903e+00 2.908282056371090836e-03
1.582845159795690959e+00 2.905842125484972734e-03
1.584428796641883297e+00 2.903730634715963148e-03
1.586014017917000585e+00 2.903008675239782815e-03
1.587600825206265887e+00 2.901688166814314455e-03
1.589189220096486999e+00 2.901615893809477570e-03
1.590779204176061778e+00 2.902223968463350529e-03
1.592370779034972816e+00 2.902207857101503016e-03
1.593963946264796538e+00 2.902683935866830732e-03
1.595558707458699654e+00 2.904327242452217107e-03
1.597155064211443820e+00 2.907576740751833394e-03
1.598753018119386970e+00 2.910005700078308055e-03
1.600352570780481987e+00 2.912708309866633184e-03
1.601953723794279805e+00 2.913508939677772643e-03
1.603556478761936521e+00 2.915788717232598720e-03
1.605160837286207842e+00 2.916569154524826894e-03
1.606766800971446418e+00 2.919718597118816164e-03
1.608374371423619609e+00 2.921671005700992446e-03
1.609983550250299711e+00 2.924169653478659106e-03
1.611594339060662628e+00 2.927169218062566133e-03
1.613206739465496975e+00 2.928529699294728922e-03
1.614820753077206072e+00 2.932438015308279702e-03
1.616436381509801290e+00 2.931242525762577274e-03
1.618053626378912035e+00 2.935135172683372984e-03
1.619672489301787088e+00 2.938645896202871175e-03
1.621292971897287050e+00 2.939825826154304333e-03
1.622915075785891670e+00 2.940287986932123461e-03
1.624538802589707176e+00 2.938025067243673662e-03
1.626164153932458944e+00 2.943130584739907935e-03
1.627791131439499495e+00 2.945732486669298995e-03
1.629419736737808710e+00 2.941516410255467541e-03
1.631049971455992953e+00 2.943924664038522626e-03
1.632681837224285060e+00 2.945423299120500469e-03
1.634315335674550784e+00 2.941544099850651114e-03
1.635950468440285910e+00 2.942432146428870798e-03
1.637587237156621134e+00 2.940262080748990738e-03
1.639225643460328952e+00 2.939483095364092170e-03
1.640865688989819882e+00 2.941294129135067336e-03
1.642507375385137580e+00 2.940333767643766097e-03
1.644150704287967502e+00 2.941498578970505508e-03
1.645795677341638452e+00 2.944417783407425691e-03
1.647442296191123257e+00 2.946917121192877201e-03
1.649090562483041200e+00 2.948878625342417001e-03
1.650740477865659139e+00 2.944495388097223727e-03
1.652392043988892389e+00 2.938532939089748448e-03
1.654045262504306946e+00 2.939775792136074123e-03
1.655700135065121037e+00 2.949070416336611704e-03
1.657356663326206681e+00 2.949031053476555177e-03
1.659014848944093901e+00 2.944350610498875503e-03
1.660674693576969618e+00 2.939272331027843743e-03
1.662336198884679206e+00 2.938066984531888769e-03
1.663999366528727597e+00 2.939742012099708784e-03
1.665664198172280175e+00 2.951936843786378498e-03
1.667330695480168323e+00 2.960740775936028003e-03
1.668998860118890315e+00 2.964701296721358563e-03
1.670668693756610423e+00 2.957233093499112182e-03
1.672340198063163363e+00 2.956487214191020653e-03
1.674013374710054736e+00 2.953690982004901142e-03
1.675688225370461693e+00 2.948511654304036313e-03
1.677364751719235381e+00 2.947976750610930771e-03
1.679042955432901163e+00 2.946175734197906126e-03
1.680722838189662172e+00 2.948076352270834026e-03
1.682404401669400640e+00 2.945634644287399399e-03
1.684087647553678346e+00 2.947089968928935742e-03
1.685772577525743277e+00 2.947155751564521468e-03
1.687459193270526736e+00 2.947784057511310552e-03
1.689147496474642685e+00 2.948649937961464809e-03
1.690837488826394841e+00 2.950734735385359374e-03
1.692529172015778904e+00 2.953435510512562694e-03
1.694222547734476558e+00 2.956262315033063304e-03
1.695917617675862132e+00 2.956066157580920783e-03
1.697614383535007043e+00 2.958333934838581168e-03
1.699312847008676020e+00 2.960146665958924596e-03
1.701013009795334652e+00 2.961042229018367306e-03
1.702714873595143619e+00 2.960196131902245210e-03
1.704418440109970900e+00 2.957638271343799707e-03
1.706123711043382896e+00 2.955879783253683064e-03
1.707830688100642424e+00 2.955232916889336935e-03
1.709539372988733374e+00 2.954228049778009554e-03
1.711249767416338718e+00 2.959314760577824027e-03
1.712961873093852061e+00 2.960664481270776274e-03
1.714675691733381635e+00 2.958534731746127310e-03
1.716391225048744973e+00 2.950916881368487350e-03
1.718108474755477122e+00 2.949052963207109308e-03
1.719827442570826870e+00 2.946947233081257961e-03
1.721548130213762073e+00 2.947653925674043225e-03
1.723270539404973212e+00 2.949162816509354450e-03
1.724994671866867391e+00 2.950449845788532047e-03
1.726720529323575670e+00 2.954436797730524387e-03
1.728448113500954619e+00 2.957874185590543895e-03
1.730177426126591422e+00 2.957713626440457502e-03
1.731908468929799882e+00 2.956759133061597107e-03
1.733641243641623975e+00 2.957328813668337088e-03
1.735375751994837401e+00 2.956204887947266532e-03
1.737111995723943592e+00 2.954699688937692786e-03
1.738849976565191469e+00 2.954257368968302589e-03
1.740589696256562569e+00 2.952327903106720299e-03
1.742331156537773262e+00 2.950376021099006436e-03
1.744074359150284748e+00 2.949045968013478368e-03
1.745819305837302604e+00 2.947661603337706909e-03
1.747565998343771909e+00 2.948507103895226140e-03
1.749314438416384787e+00 2.948616730318157336e-03
1.751064627803578855e+00 2.947644103718668335e-03
1.752816568255545659e+00 2.947963753007570853e-03
1.754570261524226682e+00 2.949771733332576858e-03
1.756325709363313337e+00 2.949110457184682919e-03
1.758082913528259406e+00 2.949913091599626943e-03
1.759841875776264164e+00 2.949878817488363857e-03
1.761602597866290143e+00 2.949141032832873748e-03
1.763365081559061576e+00 2.950217417814060029e-03
1.765129328617062621e+00 2.949887746014005774e-03
1.766895340804538028e+00 2.948891462880076642e-03
1.768663119887500246e+00 2.948928390748304339e-03
1.770432667633730528e+00 2.952159994238781355e-03
1.772203985812774718e+00 2.953874832326494615e-03
1.773977076195953018e+00 2.954400326341283245e-03
1.775751940556356212e+00 2.949092420280431497e-03
1.777528580668849223e+00 2.944174928558970089e-03
1.779306998310069110e+00 2.939571585473262950e-03
1.781087195258436395e+00 2.939713612102519760e-03
1.782869173294147958e+00 2.942488759949605029e-03
1.784652934199179475e+00 2.946548304739159477e-03
1.786438479757295417e+00 2.948337133415747293e-03
1.788225811754038830e+00 2.950514899168380813e-03
1.790014931976740220e+00 2.954181290397339156e-03
1.791805842214524880e+00 2.955168540231583197e-03
1.793598544258301342e+00 2.953855404211981617e-03
1.795393039900771148e+00 2.950800541689666164e-03
1.797189330936433072e+00 2.948138684119411181e-03
1.798987419161574230e+00 2.944749988509600541e-03
1.800787306374282082e+00 2.943918188081578319e-03
1.802588994374447084e+00 2.943054333608224882e-03
1.804392484963757148e+00 2.942655647216870993e-03
1.806197779945701409e+00 2.940861031330568691e-03
1.808004881125578445e+00 2.938958196578168001e-03
1.809813790310486503e+00 2.937852344364336003e-03
1.811624509309332831e+00 2.939425524056462138e-03
1.813437039932837891e+00 2.939287679735646738e-03
1.815251383993535805e+00 2.939502998649105771e-03
1.817067543305768362e+00 2.938478313552402802e-03
1.818885519685696339e+00 2.940522845438850105e-03
1.820705314951296394e+00 2.939076335282069137e-03
1.822526930922362842e+00 2.937848988973862721e-03
1.824350369420509876e+00 2.937992553938212521e-03
1.826175632269178672e+00 2.938043972815027743e-03
1.828002721293634281e+00 2.938265803702460287e-03
1.829831638320961185e+00 2.936383811651087361e-03
1.831662385180077957e+00 2.937488358322182507e-03
1.833494963701736369e+00 2.939419178964147294e-03
1.835329375718512734e+00 2.940369997578755681e-03
1.837165623064816344e+00 2.939566923006600198e-03
1.839003707576895463e+00 2.940147849246265051e-03
1.840843631092833554e+00 2.936686741015737904e-03
1.842685395452556607e+00 2.936259375504657841e-03
1.844529002497830250e+00 2.933683634406390565e-03
1.846374454072257976e+00 2.934815918605393481e-03
1.848221752021293796e+00 2.935799100218895036e-03
1.850070898192236912e+00 2.936500207772232453e-03
1.851921894434231275e+00 2.933010895653974381e-03
1.853774742598273795e+00 2.932749512991473205e-03
1.855629444537212569e+00 2.931974417678447770e-03
1.857486002105753542e+00 2.931610771899250106e-03
1.859344417160451179e+00 2.931058291795305207e-03
1.861204691559718905e+00 2.928629608205673193e-03
1.863066827163835537e+00 2.927795343715843511e-03
1.864930825834933525e+00 2.928464498223283356e-03
1.866796689437008716e+00 2.927301432019748309e-03
1.868664419835927903e+00 2.925823967726233488e-03
1.870534018899425055e+00 2.925421636696591814e-03
1.872405488497095316e+00 2.925373811535284495e-03
1.874278830500408777e+00 2.924056275911598220e-03
1.876154046782708917e+00 2.923892361867540257e-03
1.878031139219214163e+00 2.922967429855947985e-03
1.879910109687015440e+00 2.921786391266219078e-03
1.881790960065083063e+00 2.923118735067805826e-03
1.883673692234267838e+00 2.922062494546532642e-03
1.885558308077303735e+00 2.921068195261560582e-03
1.887444809478806107e+00 2.920027461658911139e-03
1.889333198325271468e+00 2.920010480733856162e-03
1.891223476505090817e+00 2.920259278760621927e-03
1.893115645908544309e+00 2.917885725281173064e-03
1.895009708427802808e+00 2.917394595105531931e-03
1.896905665956926557e+00 2.918292755890315032e-03
1.898803520391874500e+00 2.917767114724260837e-03
1.900703273630501844e+00 2.917395691200540091e-03
1.902604927572561166e+00 2.917204104860552597e-03
1.904508484119706857e+00 2.918023630155804765e-03
1.906413945175493785e+00 2.917301857520344845e-03
1.908321312645386625e+00 2.915641764584539844e-03
1.910230588436751864e+00 2.916486375156277823e-03
1.912141774458864463e+00 2.918308477665359189e-03
1.914054872622910297e+00 2.915388474092187911e-03
1.915969884841984605e+00 2.914831617972462804e-03
1.917886813031101978e+00 2.914813249669887234e-03
1.919805659107191032e+00 2.918010784267319885e-03
1.921726424989099069e+00 2.919409053991609774e-03
1.923649112597595190e+00 2.918186324193962171e-03
1.925573723855365182e+00 2.915431935857803157e-03
1.927500260687016409e+00 2.913491417254243133e-03
1.929428725019089796e+00 2.913221645907695945e-03
1.931359118780051842e+00 2.915210230903245853e-03
1.933291443900291728e+00 2.915773435851747464e-03
1.935225702312133089e+00 2.914337286989792525e-03
1.937161895949837120e+00 2.915730811164111633e-03
1.939100026749601025e+00 2.917976249126034982e-03
1.941040096649554014e+00 2.918131021420671684e-03
1.942982107589765972e+00 2.920013708755676493e-03
1.944926061512247673e+00 2.921661465890644949e-03
1.946871960360953446e+00 2.923740486615701920e-03
1.948819806081781847e+00 2.924882562836060053e-03
1.950769600622574540e+00 2.924029990565025702e-03
1.952721345933129404e+00 2.925503421298867625e-03
1.954675043965192760e+00 2.924931394859220379e-03
1.956630696672465364e+00 2.924805350138926473e-03
1.958588306010599522e+00 2.923328382777842620e-03
1.960547873937202201e+00 2.920426483546055899e-03
1.962509402411841242e+00 2.921296664448324795e-03
1.964472893396044695e+00 2.921377953726046663e-03
1.966438348853305484e+00 2.920829614214068282e-03
1.968405770749081407e+00 2.919544533477427210e-03
1.970375161050789359e+00 2.918619850153850431e-03
1.972346521727821544e+00 2.915835766573028013e-03
1.974319854751539927e+00 2.913288273253500545e-03
1.976295162095277336e+00 2.911663915187383440e-03
1.978272445734343465e+00 2.910172361366760233e-03
1.980251707646021986e+00 2.908969811807992755e-03
1.982232949809572320e+00 2.907781478784988126e-03
1.984216174206235195e+00 2.907231308956111700e-03
1.986201382819236860e+00 2.905946859119150783e-03
1.988188577633788201e+00 2.905843579077862018e-03
1.990177760637084958e+00 2.906491261288192667e-03
1.992168933818306620e+00 2.905807550648903913e-03
1.994162099168625746e+00 2.909683786489218951e-03
1.996157258681210633e+00 2.914889523335699797e-03
1.998154414351219765e+00 2.921079287331619471e-03
2.000153568175812691e+00 2.924763301570235292e-03
2.002154722154140476e+00 2.926720419864150234e-03
2.004157878287355921e+00 2.927738750523693149e-03
2.006163038578616220e+00 2.927470220805397996e-03
2.008170205033081412e+00 2.926492752829755288e-03
2.010179379657917487e+00 2.926986892243538512e-03
2.012190564462303932e+00 2.928596719930513098e-03
2.014203761457421749e+00 2.929623015457320442e-03
2.016218972656465880e+00 2.928487996694325614e-03
2.018236200074653208e+00 2.928408587472816453e-03
2.020255445729208343e+00 2.927117798238511228e-03
2.022276711639375613e+00 2.925976081399473371e-03
2.024299999826424390e+00 2.923833605052344846e-03
2.026325312313641991e+00 2.922882624425993461e-03
2.028352651126337669e+00 2.921230591447943059e-03
2.030382018291853274e+00 2.920349168836963542e-03
2.032413415839559701e+00 2.917889070348338165e-03
2.034446845800850667e+00 2.916323469446781974e-03
2.036482310209152935e+00 2.914041739517225262e-03
2.038519811099934298e+00 2.912250320024523283e-03
2.040559350510698700e+00 2.911161753514203941e-03
2.042600930480983124e+00 2.910882857646101326e-03
2.044644553052371361e+00 2.911601169436619022e-03
2.046690220268486460e+00 2.912412882316418785e-03
2.048737934174990283e+00 2.913752856801653419e-03
2.050787696819598604e+00 2.915181041648378518e-03
2.052839510252076671e+00 2.916680716352280066e-03
2.054893376524232984e+00 2.916196610100559722e-03
2.056949297689938838e+00 2.915371734335045831e-03
2.059007275805113224e+00 2.913897111128761069e-03
2.061067312927732598e+00 2.912056945718409940e-03
2.063129411117835765e+00 2.915215491297812409e-03
2.065193572437520775e+00 2.917495533850083048e-03
2.067259798950950689e+00 2.917851790194558176e-03
2.069328092724351809e+00 2.918470426074124165e-03
2.071398455826018559e+00 2.918275230723168558e-03
2.073470890326312155e+00 2.918453034476015465e-03
2.075545398297670818e+00 2.916854388412961491e-03
2.077621981814598229e+00 2.917083466769976839e-03
2.079700642953679068e+00 2.915519744184201772e-03
2.081781383793575468e+00 2.915765929042855951e-03
2.083864206415028342e+00 2.916716893140154036e-03
2.085949112900863156e+00 2.916400656291409654e-03
2.088036105335985937e+00 2.915935580775509857e-03
2.090125185807389485e+00 2.916534950629781631e-03
2.092216356404151156e+00 2.916638032942635642e-03
2.094309619217441298e+00 2.916237604068482644e-03
2.096404976340524140e+00 2.916302955744826120e-03
2.098502429868758679e+00 2.916095996264436892e-03
2.100601981899600457e+00 2.915545956920283753e-03
2.102703634532599342e+00 2.915405379327287716e-03
2.104807389869406631e+00 2.916415239773185140e-03
2.106913250013779493e+00 2.917056544374817696e-03
2.109021217071576970e+00 2.917013562989376023e-03
2.111131293150767529e+00 2.918522497560478712e-03
2.113243480361425952e+00 2.919044761094610925e-03
2.115357780815740441e+00 2.918003140479643286e-03
2.117474196628013505e+00 2.920125064331523593e-03
2.119592729914662410e+00 2.920888210165529901e-03
2.121713382794218727e+00 2.919341141065367497e-03
2.123836157387335444e+00 2.922525230398187544e-03
2.125961055816782963e+00 2.922105830447501058e-03
2.128088080207463761e+00 2.926434054426991019e-03
2.130217232686400397e+00 2.924536738177618573e-03
2.132348515382747944e+00 2.925274216679296744e-03
2.134481930427789997e+00 2.924403962570714006e-03
2.136617479954937782e+00 2.926695375820426853e-03
2.138755166099743921e+00 2.925633953999288821e-03
2.140894990999892666e+00 2.926241698894456195e-03
2.143036956795210557e+00 2.931614127007383698e-03
2.145181065627663308e+00 2.929707614738073090e-03
2.147327319641362031e+00 2.929531131228727079e-03
2.149475720982560567e+00 2.931552715247543080e-03
2.151626271799656820e+00 2.933443901802118212e-03
2.153778974243205191e+00 2.931506461728613198e-03
2.155933830465906809e+00 2.935261370416470707e-03
2.158090842622617522e+00 2.936405751240388044e-03
2.160250012870349678e+00 2.939553171718382700e-03
2.162411343368275229e+00 2.939501075845402187e-03
2.164574836277725733e+00 2.938809516623752151e-03
2.166740493762190578e+00 2.942803403341950463e-03
2.168908317987328083e+00 2.941071794088980732e-03
2.171078311120967275e+00 2.940422405598520743e-03
2.173250475333098564e+00 2.940449525130647227e-03
2.175424812795882623e+00 2.938286220522899443e-03
2.177601325683664601e+00 2.939151351571273919e-03
2.179780016172958135e+00 2.937690564983253504e-03
2.181960886442447567e+00 2.936384651314182057e-03
2.184143938673002605e+00 2.940528845149843751e-03
2.186329175047673878e+00 2.941120829752207240e-03
2.188516597751704484e+00 2.941903094978135652e-03
2.190706208972517111e+00 2.944646282901745415e-03
2.192898010899720695e+00 2.951212594111789211e-03
2.195092005725113538e+00 2.956779297558203429e-03
2.197288195642695285e+00 2.965717348887679690e-03
2.199486582848655836e+00 2.973099719600893510e-03
2.201687169541381994e+00 2.976699291307919378e-03
2.203889957921462806e+00 2.974169626394495766e-03
2.206094950191685111e+00 2.975705799663036673e-03
2.208302148557042432e+00 2.969108723710584333e-03
2.210511555224734526e+00 2.962701708320606038e-03
2.212723172404166938e+00 2.961046196863319647e-03
2.214937002306953673e+00 2.954589686634877949e-03
2.217153047146927847e+00 2.956584717744594609e-03
2.219371309140135029e+00 2.953575975507501117e-03
2.221591790504835906e+00 2.958272367769213158e-03
2.223814493461512498e+00 2.957953567285909365e-03
2.226039420232865051e+00 2.960746085865483337e-03
2.228266573043822252e+00 2.962771487699508276e-03
2.230495954121538116e+00 2.962137875077640661e-03
2.232727565695393768e+00 2.964339179492736075e-03
2.234961409997000992e+00 2.966427195161211623e-03
2.237197489260204897e+00 2.969484476566103953e-03
2.239435805721083028e+00 2.970155474741172953e-03
2.241676361617952473e+00 2.972641786660892502e-03
2.243919159191369861e+00 2.972803518059574830e-03
2.246164200684134915e+00 2.977744985431454369e-03
2.248411488341286901e+00 2.975388624082986062e-03
2.250661024410114397e+00 2.976159729926883615e-03
2.252912811140153959e+00 2.977184823406450569e-03
2.255166850783189680e+00 2.978007436641049669e-03
2.257423145593265623e+00 2.976713316412651043e-03
2.259681697826675162e+00 2.975158413826561876e-03
2.261942509741970753e+00 2.976520923192380041e-03
2.264205583599968374e+00 2.976677479449853572e-03
2.266470921663737315e+00 2.976003230638031745e-03
2.268738526198614380e+00 2.977798532995048521e-03
2.271008399472205674e+00 2.975292497889182614e-03
2.273280543754384819e+00 2.976630659267134448e-03
2.275554961317296954e+00 2.976693642916312076e-03
2.277831654435360065e+00 2.977401100049302356e-03
2.280110625385271206e+00 2.976649446226300316e-03
2.282391876445996282e+00 2.978913451560714735e-03
2.284675409898784704e+00 2.980544948364216920e-03
2.286961228027174720e+00 2.979936394609914926e-03
2.289249333116983198e+00 2.983021553362352231e-03
2.291539727456316289e+00 2.984746362020947001e-03
2.293832413335568976e+00 2.983470605040391271e-03
2.296127393047421972e+00 2.984031071718501633e-03
2.298424668886857702e+00 2.981272510546000964e-03
2.300724243151156312e+00 2.978718859076471409e-03
2.303026118139892109e+00 2.978473075246603364e-03
2.305330296154935787e+00 2.974984444569538262e-03
2.307636779500468638e+00 2.970646856011424468e-03
2.309945570482975441e+00 2.966201875665343962e-03
2.312256671411244913e+00 2.962951768891162671e-03
2.314570084596378141e+00 2.966121519410889681e-03
2.316885812351787255e+00 2.984470195567026900e-03
2.319203856993203861e+00 2.988379342817981243e-03
2.321524220838667496e+00 2.984227852520506766e-03
2.323846906208542507e+00 2.981744431803634229e-03
2.326171915425521153e+00 2.983519889418997234e-03
2.328499250814608956e+00 2.984489770780052523e-03
2.330828914703140686e+00 2.984277262940476273e-03
2.333160909420783025e+00 2.983751721858314641e-03
2.335495237299529681e+00 2.984554239073481004e-03
2.337831900673706720e+00 2.982815858002500851e-03
2.340170901879977006e+00 2.982668988769799929e-03
2.342512243257343751e+00 2.981809637720946558e-03
2.344855927147150965e+00 2.984264641707555076e-03
2.347201955893081671e+00 2.983491500733185826e-03
2.349550331841163242e+00 2.982301544012276769e-03
2.351901057339769618e+00 2.981778138330176339e-03
2.354254134739628412e+00 2.979636850084401659e-03
2.356609566393821797e+00 2.979341012590705322e-03
2.358967354657777626e+00 2.979956132228940655e-03
2.361327501889283642e+00 2.975472026304530008e-03
2.363690010448485701e+00 2.975053878915299120e-03
2.366054882697895767e+00 2.974705106981531504e-03
2.368422121002386582e+00 2.976551617356692700e-03
2.370791727729192999e+00 2.986744811980240367e-03
2.373163705247925304e+00 2.984031276786570062e-03
2.375538055930560777e+00 2.983255496555503941e-03
2.377914782151449469e+00 2.984339024276178639e-03
2.380293886287319527e+00 2.986246248103116303e-03
2.382675370717276309e+00 2.982335231543997538e-03
2.385059237822801048e+00 2.980058576879299377e-03
2.387445489987759739e+00 2.977028799437652848e-03
2.389834129598410239e+00 2.973871645133238824e-03
2.392225159043389393e+00 2.971858565629108186e-03
2.394618580713724132e+00 2.971490906448245265e-03
2.397014397002838582e+00 2.969709645669641514e-03
2.399412610306550508e+00 2.970154257543224617e-03
2.401813223023073984e+00 2.967774562739938261e-03
2.404216237553020274e+00 2.965514358796689232e-03
2.406621656299405387e+00 2.963023900260910049e-03
2.409029481667643413e+00 2.964472504501348797e-03
2.411439716065562955e+00 2.963944865786938276e-03
2.413852361903402688e+00 2.964313780123982445e-03
2.416267421593802922e+00 2.965419133416234178e-03
2.418684897551825586e+00 2.967342994893979249e-03
2.421104792194948896e+00 2.966962582107020643e-03
2.423527107943065584e+00 2.974917976388487956e-03
2.425951847218492219e+00 2.970330556939537216e-03
2.428379012445967433e+00 2.968820419330063781e-03
2.430808606052657250e+00 2.964582538575358684e-03
2.433240630468156418e+00 2.966495121889661107e-03
2.435675088124486631e+00 2.969280599168111316e-03
2.438111981456106747e+00 2.966090392033114524e-03
2.440551312899912340e+00 2.961686788240085882e-03
2.442993084895234812e+00 2.959293643920081745e-03
2.445437299883853832e+00 2.957694861661165023e-03
2.447883960309978679e+00 2.960865536720557779e-03
2.450333068620265564e+00 2.955104710762929479e-03
2.452784627263817629e+00 2.956989821495346719e-03
2.455238638692204489e+00 2.957023279824536402e-03
2.457695105359435583e+00 2.957647591211045712e-03
2.460154029721969948e+00 2.953005147289737130e-03
2.462615414238743750e+00 2.953574059376668989e-03
2.465079261371134756e+00 2.951685748130095967e-03
2.467545573582992535e+00 2.952453024907154746e-03
2.470014353340631796e+00 2.952594261466537015e-03
2.472485603112830166e+00 2.950391597275726831e-03
2.474959325370837071e+00 2.946915697185285669e-03
2.477435522588375516e+00 2.947640169828946548e-03
2.479914197241639418e+00 2.947130799606088869e-03
2.482395351809302930e+00 2.944763485088041331e-03
2.484878988772528885e+00 2.944922847832165576e-03
2.487365110614955910e+00 2.944705361282978079e-03
2.489853719822701983e+00 2.944973555875281604e-03
2.492344818884375535e+00 2.942301086448314250e-03
2.494838410291070119e+00 2.939635058414630242e-03
2.497334496536383064e+00 2.939246421511741703e-03
2.499833080116400819e+00 2.940586953495673717e-03
2.502334163529706945e+00 2.938925990992261560e-03
2.504837749277384784e+00 2.938356445837393086e-03
2.507343839863014345e+00 2.935976486901298657e-03
2.509852437792693625e+00 2.936435257421413439e-03
2.512363545575026169e+00 2.937851650511161868e-03
2.514877165721113972e+00 2.935386620883513771e-03
2.517393300744581008e+00 2.934393618296013764e-03
2.519911953161556806e+00 2.935252274688383324e-03
2.522433125490685768e+00 2.934358616786949397e-03
2.524956820253147161e+00 2.933162966643344804e-03
2.527483039972646228e+00 2.933045658242537310e-03
2.530011787175398652e+00 2.931583498437122931e-03
2.532543064390146537e+00 2.931326913282403419e-03
2.535076874148167292e+00 2.931519677049201043e-03
2.537613218983271413e+00 2.931376727831652013e-03
2.540152101431809584e+00 2.929052109928539926e-03
2.542693524032659802e+00 2.930614107486834759e-03
2.545237489327245139e+00 2.933960487327161911e-03
2.547783999859532411e+00 2.938711434464295370e-03
2.550333058176029954e+00 2.938083043548708230e-03
2.552884666825803173e+00 2.936336656886886359e-03
2.555438828360458547e+00 2.936889738718725332e-03
2.557995545334152077e+00 2.944402161558693550e-03
2.560554820303596824e+00 2.942159598406252248e-03
2.563116655828076684e+00 2.938307494560059817e-03
2.565681054469429956e+00 2.939098019114900432e-03
2.568248018792045784e+00 2.937426730232930473e-03
2.570817551362897468e+00 2.940205950302645591e-03
2.573389654751518485e+00 2.939356631496829395e-03
2.575964331530008256e+00 2.940348691445173433e-03
2.578541584273044585e+00 2.940321426503415565e-03
2.581121415557876553e+00 2.940106062539817999e-03
2.583703827964337840e+00 2.939947956976225740e-03
2.586288824074843617e+00 2.945316622154669703e-03
2.588876406474390546e+00 2.948108229813425733e-03
2.591466577750558553e+00 2.946089382352991108e-03
2.594059340493518384e+00 2.943907998389610949e-03
2.596654697296031600e+00 2.940946485288234782e-03
2.599252650753462568e+00 2.939234317759752309e-03
2.601853203463758923e+00 2.940511682304703008e-03
2.604456358027470220e+00 2.939472743684622396e-03
2.607062117047760808e+00 2.940134250932291936e-03
2.609670483130389851e+00 2.940567578290107908e-03
2.612281458883716656e+00 2.941373302015423252e-03
2.614895046918714883e+00 2.941158459564253980e-03
2.617511249848980981e+00 2.937358119572331359e-03
2.620130070290716873e+00 2.935097073669035508e-03
2.622751510862746382e+00 2.936408720081538828e-03
2.625375574186502803e+00 2.933515624269542130e-03
2.628002262886047546e+00 2.933464653113469767e-03
2.630631579588075031e+00 2.933506262241191657e-03
2.633263526921897135e+00 2.932052245483059323e-03
2.635898107519465849e+00 2.927881781246409812e-03
2.638535324015363503e+00 2.928080547769563655e-03
2.641175179046807653e+00 2.928199604740016129e-03
2.643817675253651078e+00 2.925448100053279661e-03
2.646462815278393332e+00 2.924818332179467996e-03
2.649110601766170969e+00 2.922941594792027344e-03
2.651761037364768647e+00 2.926802003270565292e-03
2.654414124724629342e+00 2.933426108270113623e-03
2.657069866498836586e+00 2.938032978813931093e-03
2.659728265343126452e+00 2.940756379977653608e-03
2.662389323915903550e+00 2.948544744787633901e-03
2.665053044878226807e+00 2.953701321955646587e-03
2.667719430893810806e+00 2.955764621069706562e-03
2.670388484629045323e+00 2.959544367715597271e-03
2.673060208752994438e+00 2.960778878777512845e-03
2.675734605937373445e+00 2.962070319334928099e-03
2.678411678856579048e+00 2.962114234187709656e-03
2.681091430187691138e+00 2.962827188328867167e-03
2.683773862610453698e+00 2.966600178770686849e-03
2.686458978807302778e+00 2.965328113218128163e-03
2.689146781463357616e+00 2.960890858392056096e-03
2.691837273266414865e+00 2.959246234748975912e-03
2.694530456906965021e+00 2.959597855318157021e-03
2.697226335078197312e+00 2.958903105679169983e-03
2.699924910475991258e+00 2.960530281755659014e-03
2.702626185798916225e+00 2.961930409757470347e-03
2.705330163748253192e+00 2.961093558049309599e-03
2.708036847027985861e+00 2.960438479610443506e-03
2.710746238344789560e+00 2.958700121957043294e-03
2.713458340408054781e+00 2.955554085993322699e-03
2.716173155929883176e+00 2.954116922924515578e-03
2.718890687625096891e+00 2.952841524519825896e-03
2.721610938211223907e+00 2.949235721634370887e-03
2.724333910408513137e+00 2.944280414494473974e-03
2.727059606939940650e+00 2.943992020442809648e-03
2.729788030531202114e+00 2.941113972271800370e-03
2.732519183910722571e+00 2.939779178573540507e-03
2.735253069809658211e+00 2.940179321600711569e-03
2.737989690961888822e+00 2.938553871810705657e-03
2.740729050104034226e+00 2.939254294179671594e-03
2.743471149975461376e+00 2.940563286910390615e-03
2.746215993318269266e+00 2.941202382253103702e-03
2.748963582877296030e+00 2.941831233563440944e-03
2.751713921400137153e+00 2.942195455266186609e-03
2.754467011637128149e+00 2.943030236580635416e-03
2.757222856341353445e+00 2.944350563511007914e-03
2.759981458268668142e+00 2.944626512002985683e-03
2.762742820177677583e+00 2.944902232715627694e-03
2.765506944829736025e+00 2.941859595372905284e-03
2.768273834988963955e+00 2.940317650699139120e-03
2.771043493422256532e+00 2.942114417630170044e-03
2.773815922899276032e+00 2.945059559577539558e-03
2.776591126192445191e+00 2.946022782989794926e-03
2.779369106076971185e+00 2.946449258223330162e-03
2.782149865330835858e+00 2.947081696610873852e-03
2.784933406734796613e+00 2.946893671038658142e-03
2.787719733072396178e+00 2.948833760419104083e-03
2.790508847129963499e+00 2.949476457579079149e-03
2.793300751696610629e+00 2.951830457398874324e-03
2.796095449564240720e+00 2.951758730108017086e-03
2.798892943527549360e+00 2.949136480077754231e-03
2.801693236384038332e+00 2.947494192088715749e-03
2.804496330933999637e+00 2.949433630678521996e-03
2.807302229980519481e+00 2.948918813999678017e-03
2.810110936329506703e+00 2.947197281225997709e-03
2.812922452789668348e+00 2.947258435057911914e-03
2.815736782172511887e+00 2.948664449606909141e-03
2.818553927292374528e+00 2.947884631658933066e-03
2.821373890966397902e+00 2.947284859830548442e-03
2.824196676014550711e+00 2.946394994675899555e-03
2.827022285259616297e+00 2.942443741360758688e-03
2.829850721527202406e+00 2.941934592845315589e-03
2.832681987645746524e+00 2.942173966340483511e-03
2.835516086446511874e+00 2.942970056407377515e-03
2.838353020763594525e+00 2.940240965777465593e-03
2.841192793433933605e+00 2.937554730696529531e-03
2.844035407297307749e+00 2.935712728724409852e-03
2.846880865196327104e+00 2.933987060107821811e-03
2.849729169976447540e+00 2.932633850601324647e-03
2.852580324485975538e+00 2.931415323669496736e-03
2.855434331576065077e+00 2.928725473721154396e-03
2.858291194100722521e+00 2.926497263012380230e-03
2.861150914916811061e+00 2.925252704326990975e-03
2.864013496884051602e+00 2.922250635313311442e-03
2.866878942865026314e+00 2.920138308871624531e-03
2.869747255725183521e+00 2.918183233799149286e-03
2.872618438332836366e+00 2.916261243566639367e-03
2.875492493559169027e+00 2.913665630662026253e-03
2.878369424278236277e+00 2.912216655785139323e-03
2.881249233366968809e+00 2.911365272843145606e-03
2.884131923705171907e+00 2.908221004127486443e-03
2.887017498175541874e+00 2.906656771052269859e-03
2.889905959663658042e+00 2.905416918573186340e-03
2.892797311057972998e+00 2.904287042207321159e-03
2.895691555249836124e+00 2.904598546561959743e-03
2.898588695133490045e+00 2.902979140906350800e-03
2.901488733606079062e+00 2.902484590616486154e-03
2.904391673567642052e+00 2.902080809442692585e-03
2.907297517921122676e+00 2.900771217946103778e-03
2.910206269572368054e+00 2.900892553033215110e-03
2.913117931430124763e+00 2.902034245037763034e-03
2.916032506406053049e+00 2.901073785279418421e-03
2.918949997414726827e+00 2.899795594514114304e-03
2.921870407373641676e+00 2.900208495723617143e-03
2.924793739203208620e+00 2.899386243558265894e-03
2.927719995826757238e+00 2.900828720023239209e-03
2.930649180170546320e+00 2.901580147623896572e-03
2.933581295163762093e+00 2.901479242739818040e-03
2.936516343738513779e+00 2.900817288984623536e-03
2.939454328829848251e+00 2.901546680810356514e-03
2.942395253375765130e+00 2.900670540270814356e-03
2.945339120317177706e+00 2.903234555709939633e-03
2.948285932597951575e+00 2.902862788707893243e-03
2.951235693164907747e+00 2.904216344738193983e-03
2.954188404967802217e+00 2.905204788905246457e-03
2.957144070959347282e+00 2.905883241548792850e-03
2.960102694095215980e+00 2.905935160303124189e-03
2.963064277334023888e+00 2.907289042185331150e-03
2.966028823637354872e+00 2.907656873666389016e-03
