2.607062117047760808e+00 2.945323021132326483e-03
2.609670483130389851e+00 2.945283624949407257e-03
2.612281458883716656e+00 2.946289571466725009e-03
2.614895046918714883e+00 2.947068738833275546e-03
2.617511249848980981e+00 2.941864821872490401e-03
2.620130070290716873e+00 2.938989943563269109e-03
2.622751510862746382e+00 2.943437235529473232e-03
2.625375574186502803e+00 2.937542166609896036e-03
2.628002262886047546e+00 2.938919272748214111e-03
2.630631579588075031e+00 2.938668700209767521e-03
2.633263526921897135e+00 2.938097833683141809e-03
2.635898107519465849e+00 2.931997156538171737e-03
2.638535324015363503e+00 2.933190650567057706e-03
2.641175179046807653e+00 2.934196739261768581e-03
2.643817675253651078e+00 2.929583614956718287e-03
2.646462815278393332e+00 2.930542453679178382e-03
2.649110601766170969e+00 2.926961132147983154e-03
2.651761037364768647e+00 2.930187081844815543e-03
2.654414124724629342e+00 2.935175750780868401e-03
2.657069866498836586e+00 2.939598892314286560e-03
2.659728265343126452e+00 2.939524567267309731e-03
2.662389323915903550e+00 2.949384847195961161e-03
2.665053044878226807e+00 2.954126094781569373e-03
2.667719430893810806e+00 2.954251012850738888e-03
2.670388484629045323e+00 2.959576541059501676e-03
2.673060208752994438e+00 2.960273843033350404e-03
2.675734605937373445e+00 2.960836233252574050e-03
2.678411678856579048e+00 2.960208266970943379e-03
2.681091430187691138e+00 2.959864045549440072e-03
2.683773862610453698e+00 2.964955030729942483e-03
2.686458978807302778e+00 2.964097501820289488e-03
2.689146781463357616e+00 2.958635970297726538e-03
2.691837273266414865e+00 2.956749674854803386e-03
2.694530456906965021e+00 2.957427791697895061e-03
2.697226335078197312e+00 2.956111029061268564e-03
2.699924910475991258e+00 2.957814008643677370e-03
2.702626185798916225e+00 2.959582355606720817e-03
2.705330163748253192e+00 2.957807634994483442e-03
2.708036847027985861e+00 2.957520979219056476e-03
2.710746238344789560e+00 2.956626417894302021e-03
2.713458340408054781e+00 2.953029251747141606e-03
2.716173155929883176e+00 2.951638584374847475e-03
2.718890687625096891e+00 2.951270436504904466e-03
2.721610938211223907e+00 2.947671759231443138e-03
2.724333910408513137e+00 2.940985809591147287e-03
2.727059606939940650e+00 2.942857284455877367e-03
2.729788030531202114e+00 2.938763828758233099e-03
2.732519183910722571e+00 2.937184778120750361e-03
2.735253069809658211e+00 2.939857392907546489e-03
2.737989690961888822e+00 2.937537013105569195e-03
2.740729050104034226e+00 2.938729998004224134e-03
2.743471149975461376e+00 2.940198975889212526e-03
2.746215993318269266e+00 2.941402825688211892e-03
2.748963582877296030e+00 2.942408951692667037e-03
2.751713921400137153e+00 2.943547310373076983e-03
2.754467011637128149e+00 2.943857814009486363e-03
2.757222856341353445e+00 2.944825329921484536e-03
2.759981458268668142e+00 2.943277961225396807e-03
2.762742820177677583e+00 2.945795735925811794e-03
2.765506944829736025e+00 2.941524652648164293e-03
2.768273834988963955e+00 2.940300852279705869e-03
2.771043493422256532e+00 2.943198075735234658e-03
2.773815922899276032e+00 2.947538395575058801e-03
2.776591126192445191e+00 2.948380904844179196e-03
2.779369106076971185e+00 2.948596591311422946e-03
2.782149865330835858e+00 2.948790494505832294e-03
2.784933406734796613e+00 2.947226667922192653e-03
2.787719733072396178e+00 2.949784670571642051e-03
2.790508847129963499e+00 2.948783609561521444e-03
2.793300751696610629e+00 2.952712685858865059e-03
2.796095449564240720e+00 2.952329716210223571e-03
2.798892943527549360e+00 2.949430159100157375e-03
2.801693236384038332e+00 2.946851823760563566e-03
2.804496330933999637e+00 2.950066179885277567e-03
2.807302229980519481e+00 2.948913608249498133e-03
2.810110936329506703e+00 2.946690411298559086e-03
2.812922452789668348e+00 2.946557972062531418e-03
2.815736782172511887e+00 2.948591438638589399e-03
2.818553927292374528e+00 2.947206671656321664e-03
2.821373890966397902e+00 2.945919286115820674e-03
2.824196676014550711e+00 2.946377218907568745e-03
2.827022285259616297e+00 2.940653982311399860e-03
2.829850721527202406e+00 2.941518571007818023e-03
2.832681987645746524e+00 2.940876148724983971e-03
2.835516086446511874e+00 2.942687108585506292e-03
2.838353020763594525e+00 2.939128997800362787e-03
2.841192793433933605e+00 2.936751341038546827e-03
2.844035407297307749e+00 2.934806968752362924e-03
2.846880865196327104e+00 2.933187418628070003e-03
2.849729169976447540e+00 2.931805286387475801e-03
2.852580324485975538e+00 2.931507489647404950e-03
2.855434331576065077e+00 2.928298528745498959e-03
2.858291194100722521e+00 2.926179701272884487e-03
2.861150914916811061e+00 2.925920989729187318e-03
2.864013496884051602e+00 2.921874013651524007e-03
2.866878942865026314e+00 2.919844165922905188e-03
2.869747255725183521e+00 2.918570267424197909e-03
2.872618438332836366e+00 2.916988374188348408e-03
2.875492493559169027e+00 2.914329863260621198e-03
2.878369424278236277e+00 2.912797654198283608e-03
2.881249233366968809e+00 2.912076621778954266e-03
2.884131923705171907e+00 2.908983858274753753e-03
2.887017498175541874e+00 2.908116166056501969e-03
2.889905959663658042e+00 2.906412475660075274e-03
2.892797311057972998e+00 2.905355388188812348e-03
2.895691555249836124e+00 2.905911879395042634e-03
2.898588695133490045e+00 2.903185376553249052e-03
2.901488733606079062e+00 2.902858762527123389e-03
2.904391673567642052e+00 2.903852565951807723e-03
2.907297517921122676e+00 2.900838040823849710e-03
2.910206269572368054e+00 2.901864812211642219e-03
2.913117931430124763e+00 2.901947257786912249e-03
2.916032506406053049e+00 2.902730267477959987e-03
2.918949997414726827e+00 2.900106805545442801e-03
2.921870407373641676e+00 2.902061177440129914e-03
2.924793739203208620e+00 2.899038813031290778e-03
2.927719995826757238e+00 2.901674450759480009e-03
2.930649180170546320e+00 2.902811584680639774e-03
2.933581295163762093e+00 2.904791144126991475e-03
2.936516343738513779e+00 2.902534521257960857e-03
2.939454328829848251e+00 2.905184662110471376e-03
2.942395253375765130e+00 2.901385248034950466e-03
2.945339120317177706e+00 2.907328681672105737e-03
2.948285932597951575e+00 2.904468579830309094e-03
2.951235693164907747e+00 2.908233740584819250e-03
2.954188404967802217e+00 2.908699215228838057e-03
2.957144070959347282e+00 2.909218326117075492e-03
2.960102694095215980e+00 2.908340897912816726e-03
2.963064277334023888e+00 2.910740519199496099e-03
2.966028823637354872e+00 2.911000926448934888e-03
2.968996335969758871e+00 2.915235101772284572e-03
2.971966817298742125e+00 2.912549491666564187e-03
2.974940270594788938e+00 2.911747097116283451e-03
2.977916698831349240e+00 2.912265370207880663e-03
2.980896104984855910e+00 2.913559394550747136e-03
2.983878492034720331e+00 2.912597465910506198e-03
2.986863862963325289e+00 2.914780234052500099e-03
2.989852220756043177e+00 2.914591814107989586e-03
2.992843568401232890e+00 2.919102054321500665e-03
2.995837908890238488e+00 2.912652396157785779e-03
2.998835245217397638e+00 2.917119284791260588e-03
3.001835580380053603e+00 2.915628050985269795e-03
3.004838917378537921e+00 2.918234003604474377e-03
3.007845259216185951e+00 2.919210271492720440e-03
3.010854608899347973e+00 2.917635264615274157e-03
3.013866969437368315e+00 2.917093506906601706e-03
3.016882343842609782e+00 2.920766752481427416e-03
3.019900735130450098e+00 2.919800849271987978e-03
3.022922146319276582e+00 2.920297751950714886e-03
3.025946580430499910e+00 2.921739701707544087e-03
3.028974040488557229e+00 2.924772516662684386e-03
3.032004529520905933e+00 2.921782727028465147e-03
3.035038050558033440e+00 2.921966714351500061e-03
3.038074606633463848e+00 2.919276998169438760e-03
3.041114200783760158e+00 2.923714638341049291e-03
3.044156836048510062e+00 2.923163457986180120e-03
3.047202515470345485e+00 2.924104351449802706e-03
3.050251242094951909e+00 2.923283536119035495e-03
3.053303018971052385e+00 2.925225188775309668e-03
3.056357849150425743e+00 2.922745238262099750e-03
3.059415735687904814e+00 2.926998991599505297e-03
3.062476681641373322e+00 2.926686853478421575e-03
3.065540690071779206e+00 2.929900996990565665e-03
3.068607764043131070e+00 2.927710879554026435e-03
3.071677906622510168e+00 2.928709292703256424e-03
3.074751120880046429e+00 2.927304372914900712e-03
3.077827409888952648e+00 2.936156649121645420e-03
3.080906776725528928e+00 2.926689541253556844e-03
3.083989224469140478e+00 2.932205653948374846e-03
3.087074756202229597e+00 2.938994351351529796e-03
3.090163375010333002e+00 2.935332763831399738e-03
3.093255083982067166e+00 2.945851245043487870e-03
3.096349886209143865e+00 2.931587403160081096e-03
3.099447784786369731e+00 2.933404852634822688e-03
3.102548782811636929e+00 2.951116245221985668e-03
3.105652883385942253e+00 2.935373427383306064e-03
3.108760089613389788e+00 2.951872496322058888e-03
3.111870404601187357e+00 2.941032026587248136e-03
3.114983831459647856e+00 2.947551311715428286e-03
3.118100373302199912e+00 2.954803591071494036e-03
3.121220033245382108e+00 2.949733826255101620e-03
3.124342814408852309e+00 2.962614881203148344e-03
3.127468719915406759e+00 2.953414691332021703e-03
3.130597752890940555e+00 2.959197766585412118e-03
3.133729916464485843e+00 2.962282495900325687e-03
3.136865213768206928e+00 2.955405423942078415e-03
3.140003647937403386e+00 2.969076603829935886e-03
3.143145222110507842e+00 2.961508989490864094e-03
3.146289939429094407e+00 2.965267570993572032e-03
3.149437803037887562e+00 2.974273420006795770e-03
3.152588816084748835e+00 2.959919900982549510e-03
3.155742981720690121e+00 2.967353983206113578e-03
3.158900303099878126e+00 2.979188798795627535e-03
3.162060783379626816e+00 2.966277054124891437e-03
3.165224425720416512e+00 2.968441730189466665e-03
3.168391233285897446e+00 2.979261659862714792e-03
3.171561209242876878e+00 2.972566677266883037e-03
3.174734356761327980e+00 2.979709011203311806e-03
3.177910679014400497e+00 2.980805802603675361e-03
3.181090179178413191e+00 2.969227831792640906e-03
3.184272860432869834e+00 2.979981975231777314e-03
3.187458725960456096e+00 2.980239357069775635e-03
3.190647778947032887e+00 2.974922447992298710e-03
3.193840022581655891e+00 2.982532617091853723e-03
3.197035460056568912e+00 2.978764807271015724e-03
3.200234094567206533e+00 2.976219605056179204e-03
3.203435929312204777e+00 2.985113261845793054e-03
3.206640967493395777e+00 2.982351168935652198e-03
3.209849212315824651e+00 2.974531668415183756e-03
3.213060666987737513e+00 2.988687003406968572e-03
3.216275334720582357e+00 2.982015148652112941e-03
3.219493218729033046e+00 2.975743027718088119e-03
3.222714322230971096e+00 2.983283816219418211e-03
3.225938648447496337e+00 2.981628532209477933e-03
3.229166200602938019e+00 2.979676936797025048e-03
3.232396981924845925e+00 2.988445172751074460e-03
3.235630995644008134e+00 2.976911956958810425e-03
3.238868244994442147e+00 2.982944646550562181e-03
3.242108733213385996e+00 2.985330166060343009e-03
3.245352463541328891e+00 2.981167516227406153e-03
3.248599439222002783e+00 2.981962443406779503e-03
3.251849663502385024e+00 2.982331795036801542e-03
3.255103139632704590e+00 2.983781489728296564e-03
3.258359870866438079e+00 2.981067267693632891e-03
3.261619860460310605e+00 2.977481126737055884e-03
3.264883111674313554e+00 2.974435463833474333e-03
3.268149627771706811e+00 2.971241460583961061e-03
3.271419412018998774e+00 2.976671979462300506e-03
3.274692467685970332e+00 2.974726170686858764e-03
3.277968798045684196e+00 2.968198091871821365e-03
3.281248406374467130e+00 2.968090726332104756e-03
3.284531295951929941e+00 2.971813684671525870e-03
3.287817470060963476e+00 2.968486979130241076e-03
3.291106931987736850e+00 2.967926403188515631e-03
3.294399685021715207e+00 2.969898276356726895e-03
3.297695732455656614e+00 2.966894569469605020e-03
3.300995077585607174e+00 2.965076688850364853e-03
3.304297723710912571e+00 2.970302471462288232e-03
3.307603674134214078e+00 2.971015601657483844e-03
3.310912932161460098e+00 3.005984098444510963e-03
3.314225501101917271e+00 3.003567801636651546e-03
3.317541384268155369e+00 3.007531842019146168e-03
3.320860584976052632e+00 3.012626650382928088e-03
3.324183106544806865e+00 3.023374590103731618e-03
3.327508952296944322e+00 3.022167455503774105e-03
3.330838125558313489e+00 3.020264380078719300e-03
3.334170629658084195e+00 3.013756066460351792e-03
3.337506467928762710e+00 3.005445641108331605e-03
3.340845643706188195e+00 2.999406096156077492e-03
3.344188160329534032e+00 2.996180297796021547e-03
3.347534021141318483e+00 2.987677156323016812e-03
3.350883229487406467e+00 2.983155228798504369e-03
3.354235788717002453e+00 2.982152919704690944e-03
3.357591702182663784e+00 2.983392272921168379e-03
3.360950973240304229e+00 2.974675837268314117e-03
3.364313605249203309e+00 2.978422515101467223e-03
3.367679601571998305e+00 2.978823795872182628e-03
3.371048965574667378e+00 2.979060704703554580e-03
3.374421700626573539e+00 2.975244067306139113e-03
3.377797810100465536e+00 2.974675492843258801e-03
3.381177297372453872e+00 2.981412033646011882e-03
3.384560165822020128e+00 2.979734909183049101e-03
3.387946418832029405e+00 2.974732647513629851e-03
3.391336059788734314e+00 2.982794446380429999e-03
3.394729092081783861e+00 2.978607388435501081e-03
3.398125519104210568e+00 2.973574255562590283e-03
3.401525344252443794e+00 2.975236754226428301e-03
3.404928570926301301e+00 2.982299023067865214e-03
3.408335202529008345e+00 2.979141509246402680e-03
3.411745242467203898e+00 2.978150549040299057e-03
3.415158694150926877e+00 2.983710735391558941e-03
3.418575560993627693e+00 2.978839943007360186e-03
3.421995846412172693e+00 2.978406036815808931e-03
3.425419553826847263e+00 2.979917298343106626e-03
3.428846686661359833e+00 2.990810424807419272e-03
3.432277248342848086e+00 2.978936076466641783e-03
3.435711242301876300e+00 2.979906678379621622e-03
3.439148671972429572e+00 2.983690977841835495e-03
3.442589540791939573e+00 2.982555071864434991e-03
3.446033852201276115e+00 2.982075783526433235e-03
3.449481609644750257e+00 2.979952157982475314e-03
3.452932816570123631e+00 2.989748085799119517e-03
3.456387476428604888e+00 2.983162449644252527e-03
3.459845592674848369e+00 2.976489660261116745e-03
3.463307168766970090e+00 2.980051548684019714e-03
3.466772208166548186e+00 2.984860255192871813e-03
3.470240714338626464e+00 2.981790608411531013e-03
3.473712690751709964e+00 2.981012588444065942e-03
3.477188140877771616e+00 2.987400974680757843e-03
3.480667068192272229e+00 2.979697382172414710e-03
3.484149476174131177e+00 2.976184578749725435e-03
3.487635368305750827e+00 2.978055063713033832e-03
3.491124748073028083e+00 2.986132924578145664e-03
3.494617618965338846e+00 2.974820403115659758e-03
3.498113984475563765e+00 2.974535028516561447e-03
3.501613848100068260e+00 2.971332197904592593e-03
3.505117213338710513e+00 2.982335291068501787e-03
3.508624083694854789e+00 2.968213604519691611e-03
3.512134462675376767e+00 2.970818130958202685e-03
3.515648353790650660e+00 2.975184259230640501e-03
3.519165760554569200e+00 2.975433268548984250e-03
3.522686686484546748e+00 2.970746627428273636e-03
3.526211135101502858e+00 2.972085794312827496e-03
3.529739109929881380e+00 2.978593043101085067e-03
3.533270614497665996e+00 2.972337138699464049e-03
3.536805652336360239e+00 2.969293641225565286e-03
3.540344226981005260e+00 2.970755107658930652e-03
3.543886341970171827e+00 2.979913392452842626e-03
3.547432000845970101e+00 2.967625274702250741e-03
3.550981207154063402e+00 2.964394278438826653e-03
3.554533964443661542e+00 2.967697835129874152e-03
3.558090276267517726e+00 2.973880714293967217e-03
3.561650146181948084e+00 2.962622185833546726e-03
3.565213577746827234e+00 2.967150321812435203e-03
3.568780574525576732e+00 2.967233536209477104e-03
3.572351140085200161e+00 2.972231455569558298e-03
3.575925277996262697e+00 2.961475468556453491e-03
3.579502991832895997e+00 2.962735526172281288e-03
3.583084285172827510e+00 2.970797789891468053e-03
3.586669161597344058e+00 2.966851538925026951e-03
3.590257624691308713e+00 2.966993547337200970e-03
3.593849678043197660e+00 2.964773639599807987e-03
3.597445325245066439e+00 2.967484432977729458e-03
3.601044569892556613e+00 2.969413418156565104e-03
3.604647415584919301e+00 2.970933722352908212e-03
3.608253865925000525e+00 2.970063918712314340e-03
3.611863924519245206e+00 2.974552999698228378e-03
3.615477594977716258e+00 2.965864404544553152e-03
3.619094880914085710e+00 2.966947342229503577e-03
3.622715785945636924e+00 2.967973931427792585e-03
3.626340313693278361e+00 2.967960976357448405e-03
3.629968467781530705e+00 2.959553627865978143e-03
3.633600251838554396e+00 2.963479926776277449e-03
3.637235669496131862e+00 2.963370112161580264e-03
3.640874724389675965e+00 2.960837336908500681e-03
3.644517420158251308e+00 2.959805619980090518e-03
3.648163760444548487e+00 2.962925538853436198e-03
3.651813748894908063e+00 2.955682413835890743e-03
3.655467389159329006e+00 2.956183156502506949e-03
3.659124684891442492e+00 2.955648148972386466e-03
3.662785639748542099e+00 2.952765774458698984e-03
3.666450257391587808e+00 2.961837814406865447e-03
3.670118541485196229e+00 2.957285583308278884e-03
3.673790495697654812e+00 2.953168106406559718e-03
3.677466123700913858e+00 2.950019947877790486e-03
3.681145429170604721e+00 2.954341752005378192e-03
3.684828415786031375e+00 2.952862982165028669e-03
3.688515087230178846e+00 2.962515891108916024e-03
3.692205447189715883e+00 2.951081608344543073e-03
3.695899499355008722e+00 2.954940093602917168e-03
3.699597247420110868e+00 2.954666838590907542e-03
3.703298695082766656e+00 2.946871258466131523e-03
3.707003846044425011e+00 2.957767618894784848e-03
3.710712704010243890e+00 2.952167950715219990e-03
3.714425272689073854e+00 2.953667569932675371e-03
3.718141555793478936e+00 2.951563559444472015e-03
3.721861557039752189e+00 2.946574067360130909e-03
3.725585280147893474e+00 2.958666295893258667e-03
3.729312728841628122e+00 2.959042829360972529e-03
3.733043906848399818e+00 2.950214634911659320e-03
3.736778817899386596e+00 2.949271773615453653e-03
3.740517465729504831e+00 2.946088653435165270e-03
3.744259854077394145e+00 2.953512184369519369e-03
3.748005986685454261e+00 2.952880983059102179e-03
3.751755867299819247e+00 2.949099652795057324e-03
3.755509499670360185e+00 2.945476770584933793e-03
3.759266887550713143e+00 2.940430096387770982e-03
3.763028034698265412e+00 2.949151694572749258e-03
3.766792944874166604e+00 2.947684973847387608e-03
3.770561621843322886e+00 2.952559563494252561e-03
3.774334069374416512e+00 2.956936649611911425e-03
3.778110291239897833e+00 2.947691517107708329e-03
3.781890291215979527e+00 2.954954533163027704e-03
3.785674073082664570e+00 2.958036711871737164e-03
3.789461640623742245e+00 2.951486926954556209e-03
3.793252997626777479e+00 2.949845963350915951e-03
3.797048147883128610e+00 2.946067471410108995e-03
3.800847095187948721e+00 2.943055378334422795e-03
3.804649843340179416e+00 2.948186596787549709e-03
3.808456396142568590e+00 2.942718648647858065e-03
3.812266757401667761e+00 2.941557958040805568e-03
3.816080930927838288e+00 2.941483421108111868e-03
3.819898920535264697e+00 2.939129955241200336e-03
3.823720730041926252e+00 2.943060443866725440e-03
3.827546363269632046e+00 2.932861627149170418e-03
3.831375824044026324e+00 2.935627692054736983e-03
3.835209116194566281e+00 2.938415884111332966e-03
3.839046243554542492e+00 2.944463125516237189e-03
3.842887209961076245e+00 2.949304161764892095e-03
3.846732019255137303e+00 2.953479388295399913e-03
3.850580675281535470e+00 2.955640106428200718e-03
3.854433181888932136e+00 2.945218763403934566e-03
3.858289542929830063e+00 2.946877091019253422e-03
3.862149762260594255e+00 2.948938690256467775e-03
3.866013843741446188e+00 2.942899688511213876e-03
3.869881791236460256e+00 2.946226702498607169e-03
3.873753608613584642e+00 2.944408181327296849e-03
3.877629299744638658e+00 2.949315970451295375e-03
3.881508868505314513e+00 2.947657964007106574e-03
3.885392318775186205e+00 2.940967355091672272e-03
3.889279654437701517e+00 2.938535913810913155e-03
3.893170879380196681e+00 2.946236038893036875e-03
3.897065997493892819e+00 2.941176646250845579e-03
3.900965012673907939e+00 2.941702562697302847e-03
3.904867928819266698e+00 2.946205688121556181e-03
3.908774749832876871e+00 2.939720584913740973e-03
3.912685479621561768e+00 2.939591616209736528e-03
3.916600122096053571e+00 2.943109394894785451e-03
3.920518681170992004e+00 2.942016837669354443e-03
3.924441160764929659e+00 2.935867279441826874e-03
3.928367564800359091e+00 2.942462557402665112e-03
3.932297897203689274e+00 2.935815223797488827e-03
3.936232161905241611e+00 2.936738547789171597e-03
3.940170362839277018e+00 2.940025617961324663e-03
3.944112503944006587e+00 2.939190470743244243e-03
3.948058589161570264e+00 2.932382437393082127e-03
3.952008622438055063e+00 2.936715902899523709e-03
3.955962607723490176e+00 2.939012980717109914e-03
3.959920548971858967e+00 2.936342603636002933e-03
3.963882450141104741e+00 2.934124723292052313e-03
3.967848315193129416e+00 2.936512319461472530e-03
3.971818148093805512e+00 2.932677556994928766e-03
3.975791952812957941e+00 2.940704454839148264e-03
3.979769733324392433e+00 2.939184894892946705e-03
3.983751493605891980e+00 2.930337833418786980e-03
3.987737237639217280e+00 2.931723396933363143e-03
3.991726969410114734e+00 2.932588584986210375e-03
3.995720692908312000e+00 2.934875804332624794e-03
3.999718412127535760e+00 2.928747140254409423e-03
4.003720131065504617e+00 2.930393119941965101e-03
4.007725853723931309e+00 2.934955424027131925e-03
4.011735584108548025e+00 2.934194705444134309e-03
4.015749326229086869e+00 2.929951503666743378e-03
4.019767084099280297e+00 2.925673490610555816e-03
4.023788861736897537e+00 2.927539946327667539e-03
4.027814663163712616e+00 2.930075773537006018e-03
4.031844492405520342e+00 2.926145598667901065e-03
4.035878353492156734e+00 2.936812087560287596e-03
4.039916250457486591e+00 2.923545674770283102e-03
4.043958187339407040e+00 2.935412845591021339e-03
4.048004168179852869e+00 2.923158795745709262e-03
4.052054197024798299e+00 2.925415999869296953e-03
4.056108277924279193e+00 2.930567539883742120e-03
4.060166414932375289e+00 2.925261211942710091e-03
4.064228612107225302e+00 2.928416133618415903e-03
4.068294873511028698e+00 2.921149843037599420e-03
4.072365203210039475e+00 2.925809533936789449e-03
4.076439605274588374e+00 2.928207244825582062e-03
4.080518083779084648e+00 2.933977714010308283e-03
4.084600642802004522e+00 2.915806411865165624e-03
4.088687286425909839e+00 2.925016126466135642e-03
4.092778018737447177e+00 2.925798562697262770e-03
4.096872843827346067e+00 2.928046989089468869e-03
4.100971765790424328e+00 2.921075255675637753e-03
4.105074788725601387e+00 2.919491199712955995e-03
4.109181916735913376e+00 2.919738651541347631e-03
4.113293153928490042e+00 2.931896653449186495e-03
4.117408504414562742e+00 2.926753602580516554e-03
4.121527972309475985e+00 2.915081796685233331e-03
4.125651561732702532e+00 2.926477467720350542e-03
4.129779276807835409e+00 2.917896834960968973e-03
4.133911121662587895e+00 2.918147861222088711e-03
4.138047100428805969e+00 2.919713612522969841e-03
4.142187217242470076e+00 2.920357719376325163e-03
4.146331476243700465e+00 2.923289414799040524e-03
4.150479881576750074e+00 2.922933956797195681e-03
4.154632437390031185e+00 2.921287673578639322e-03
4.158789147836096767e+00 2.919844097280901215e-03
4.162950017071651132e+00 2.920009144216006210e-03
4.167115049257566817e+00 2.917469405751788297e-03
4.171284248558879248e+00 2.921993565393203509e-03
4.175457619144792076e+00 2.930249508133775729e-03
4.179635165188676282e+00 2.934913208970585559e-03
4.183816890868071958e+00 2.943698515885550225e-03
4.188002800364700740e+00 2.947842778576354426e-03
4.192192897864479129e+00 2.955006371140823408e-03
4.196387187557506948e+00 2.957895785263745837e-03
4.200585673638073558e+00 2.962689989598969731e-03
4.204788360304662298e+00 2.963650266618197103e-03
4.208995251759963807e+00 2.967952504652660636e-03
4.213206352210869809e+00 2.967908184374564665e-03
4.217421665868472225e+00 2.970188811818767066e-03
4.221641196948094255e+00 2.973565120905964122e-03
4.225864949669267290e+00 2.976536870172821932e-03
4.230092928255739793e+00 2.975505121681990255e-03
4.234325136935488842e+00 2.976041950481949673e-03
4.238561579940727242e+00 2.978210321783639897e-03
4.242802261507902628e+00 2.978277147992267407e-03
4.247047185877693032e+00 2.977408097987354740e-03
4.251296357295021089e+00 2.979273244310223692e-03
4.255549780009055816e+00 2.976401680558075219e-03
4.259807458273231262e+00 2.978397069839613508e-03
4.264069396345226082e+00 2.983828976520200640e-03
4.268335598486970639e+00 2.982482122046806530e-03
4.272606068964665660e+00 2.983498026879485843e-03
4.276880812048779568e+00 2.983859966869162154e-03
4.281159832014060918e+00 2.989488712973777020e-03
4.285443133139530403e+00 2.989759730321272461e-03
4.289730719708486184e+00 2.988477680731273668e-03
4.294022596008522541e+00 2.984493278109945618e-03
4.298318766331513885e+00 2.983439286664282212e-03
4.302619234973629858e+00 2.991296651648451405e-03
4.306924006235345104e+00 2.989218670932425152e-03
4.311233084421424167e+00 2.986970390959413097e-03
4.315546473840941033e+00 2.986750139879437282e-03
4.319864178807289790e+00 2.984391843439653056e-03
4.324186203638175741e+00 2.990796721345428694e-03
4.328512552655627843e+00 2.988104136421098917e-03
4.332843230185991601e+00 2.984979166434885856e-03
4.337178240559948605e+00 2.985029217192375350e-03
4.341517588112504100e+00 2.981903817228881079e-03
4.345861277183008298e+00 2.981544252076116959e-03
4.350209312115152827e+00 2.984559352043161893e-03
4.354561697256975172e+00 2.979464282310653397e-03
4.358918436960855125e+00 2.979816202506948425e-03
4.363279535583538760e+00 2.972504602423593593e-03
4.367644997486123337e+00 2.977796755797278497e-03
4.372014827034065299e+00 2.976973916473106985e-03
4.376389028597195363e+00 2.976425016942978695e-03
4.380767606549715865e+00 2.972292885444555860e-03
4.385150565270210521e+00 2.971027498977255130e-03
4.389537909141639993e+00 2.967986910284471213e-03
4.393929642551339221e+00 2.970100450046722369e-03
4.398325769891044956e+00 2.967094457123098470e-03
4.402726295556888658e+00 2.963870498519361168e-03
4.407131223949391163e+00 2.963467377336874865e-03
4.411540559473484890e+00 2.960988833915545026e-03
4.415954306538510288e+00 2.964390399211689221e-03
4.420372469558212281e+00 2.961489759644242350e-03
4.424795052950750929e+00 2.957883735149216368e-03
4.429222061138706756e+00 2.956090227797570063e-03
4.433653498549093186e+00 2.957381243105367246e-03
4.438089369613355650e+00 2.949969711881391711e-03
4.442529678767354717e+00 2.950830718056100897e-03
4.446974430451398952e+00 2.947276682619226745e-03
4.451423629110245805e+00 2.944281304455840294e-03
4.455877279193093621e+00 2.941606125231491231e-03
4.460335385153590515e+00 2.940238904582256722e-03
4.464797951449841484e+00 2.934477160553062604e-03
4.469264982544411957e+00 2.935431579664929402e-03
4.473736482904336675e+00 2.929387825591229805e-03
4.478212457001122360e+00 2.929738915575033197e-03
4.482692909310738827e+00 2.928667972387295499e-03
4.487177844313641195e+00 2.922649500056547639e-03
4.491667266494762778e+00 2.918957554756752056e-03
4.496161180343516861e+00 2.915022176954054026e-03
4.500659590353822459e+00 2.913725928888500662e-03
4.505162501024093658e+00 2.912894025774200556e-03
4.509669916857243166e+00 2.913878269924626441e-03
4.514181842360688535e+00 2.914432826851966456e-03
4.518698282046352155e+00 2.908208996438983642e-03
4.523219240430671029e+00 2.910393333212357714e-03
4.527744722034610092e+00 2.908718979227699168e-03
4.532274731383647115e+00 2.904554215399291883e-03
4.536809273007786025e+00 2.904123280721919876e-03
4.541348351441579112e+00 2.905310420798690955e-03
4.545891971224099493e+00 2.906117462624561217e-03
4.550440136898974863e+00 2.904984130457870847e-03
4.554992853014371512e+00 2.903348605864450229e-03
4.559550124122994319e+00 2.909730359348854187e-03
4.564111954782123171e+00 2.906398485723237814e-03
4.568678349553586315e+00 2.904858316112256342e-03
4.573249313003776351e+00 2.904917768153437042e-03
4.577824849703660881e+00 2.903040275854071751e-03
4.582404964228775412e+00 2.902856682953420045e-03
4.586989661159233123e+00 2.901438211964548885e-03
4.591578945079739071e+00 2.904121408133138790e-03
4.596172820579575991e+00 2.901836352298461756e-03
4.600771292252615829e+00 2.901814675516627834e-03
4.605374364697329526e+00 2.901222467724166431e-03
4.609982042516790557e+00 2.903714773005117329e-03
4.614594330318678495e+00 2.905147554601519508e-03
4.619211232715274562e+00 2.917720890406583917e-03
4.623832754323489169e+00 2.907807348229914622e-03
4.628458899764850365e+00 2.904940848594975058e-03
4.633089673665492292e+00 2.904791215487776811e-03
4.637725080656194265e+00 2.903981534184055854e-03
4.642365125372356793e+00 2.905612750725908213e-03
4.647009812454029110e+00 2.905564592075199869e-03
4.651659146545908285e+00 2.905207591563084037e-03
4.656313132297320578e+00 2.910781960764105298e-03
4.660971774362248965e+00 2.905838457432738820e-03
4.665635077399347352e+00 2.907921179385851169e-03
4.670303046071912156e+00 2.907423336210392551e-03
4.674975685047906282e+00 2.907781202134440170e-03
4.679652998999975111e+00 2.905300543168491505e-03
4.684334992605429626e+00 2.905657879524901985e-03
4.689021670546272169e+00 2.906482624996836132e-03
4.693713037509176900e+00 2.919378629107198444e-03
4.698409098185505783e+00 2.926103232736231539e-03
4.703109857271324579e+00 2.906810418148703286e-03
4.707815319467394843e+00 2.907793410756907317e-03
4.712525489479173046e+00 2.913287270924332963e-03
4.717240372016835437e+00 2.923249664986987510e-03
4.721959971795259392e+00 2.909869982457084260e-03
4.726684293534047399e+00 2.913972034879085647e-03
4.731413341957530605e+00 2.920778660480888040e-03
4.736147121794753723e+00 2.910449886890314076e-03
4.740885637779490125e+00 2.915657224054049503e-03
4.745628894650256946e+00 2.925934890542107331e-03
4.750376897150311528e+00 2.912738927032864321e-03
4.755129650027658528e+00 2.911648755815800758e-03
4.759887158035052579e+00 2.911696415477020485e-03
4.764649425930005400e+00 2.913828141864485688e-03
4.769416458474777798e+00 2.914775544111540637e-03
4.774188260436394771e+00 2.932600184570675634e-03
4.778964836586673037e+00 2.921160284255693105e-03
4.783746191702192618e+00 2.910167697859359238e-03
4.788532330564300388e+00 2.911177329544554875e-03
4.793323257959137607e+00 2.914766094811434369e-03
4.798118978677631929e+00 2.915169676617886726e-03
4.802919497515498293e+00 2.917061666583368670e-03
4.807724819273263783e+00 2.924109463888678161e-03
4.812534948756252540e+00 2.942261952863336680e-03
4.817349890774593746e+00 2.920721015140045722e-03
4.822169650143221631e+00 2.915591246432988962e-03
4.826994231681899450e+00 2.914381314782769038e-03
4.831823640215215931e+00 2.916722467342424373e-03
4.836657880572580837e+00 2.913355902707674087e-03
4.841496957588231176e+00 2.914822873383041309e-03
4.846340876101236539e+00 2.917124993425102269e-03
4.851189640955515081e+00 2.912491042269622389e-03
4.856043256999841518e+00 2.915112568900225191e-03
4.860901729087832912e+00 2.917018783553926558e-03
4.865765062077957559e+00 2.920531672589658529e-03
4.870633260833545641e+00 2.916874727393045392e-03
4.875506330222796336e+00 2.913547317307305269e-03
4.880384275118790249e+00 2.908689013784704607e-03
4.885267100399468099e+00 2.913255106004509001e-03
4.890154810947648478e+00 2.909188313281074745e-03
4.895047411651042957e+00 2.908683952610963651e-03
4.899944907402258742e+00 2.912690141673222963e-03
4.904847303098789801e+00 2.909726993275976725e-03
4.909754603643035509e+00 2.906502858210277627e-03
4.914666813942294432e+00 2.907683253698506963e-03
4.919583938908781207e+00 2.903640752674382323e-03
4.924505983459625647e+00 2.901072710756615654e-03
4.929432952516857647e+00 2.903380082121713619e-03
4.934364851007448038e+00 2.898695094948383535e-03
4.939301683863293491e+00 2.906253724369894497e-03
4.944243456021228056e+00 2.900958614158577649e-03
4.949190172423037382e+00 2.897788286688992958e-03
4.954141838015430288e+00 2.898250042611644900e-03
4.959098457750073408e+00 2.896656467389203352e-03
4.964060036583591184e+00 2.894424056385315296e-03
4.969026579477557881e+00 2.894674928205935149e-03
4.973998091398529553e+00 2.896709159385448332e-03
4.978974577317996975e+00 2.906517330106028404e-03
4.983956042212440707e+00 2.894631596658871122e-03
4.988942491063345308e+00 2.896203101842963288e-03
4.993933928857154037e+00 2.897836602372862950e-03
4.998930360585301713e+00 2.896668157188984731e-03
5.003931791244232485e+00 2.898058095900354729e-03
5.008938225835387392e+00 2.896738814066307684e-03
5.013949669365178607e+00 2.904942784010219360e-03
5.018966126845050724e+00 2.902129191715533026e-03
5.023987603291483417e+00 2.896798780004011808e-03
5.029014103725942597e+00 2.898829961547914110e-03
5.034045633174912382e+00 2.895648043121980177e-03
5.039082196669929736e+00 2.897682279356626756e-03
5.044123799247563156e+00 2.903658356880061027e-03
5.049170445949409114e+00 2.902151441898165578e-03
5.054222141822116932e+00 2.911235564279269442e-03
5.059278891917392329e+00 2.904200427690848893e-03
5.064340701291981439e+00 2.899902555943869708e-03
5.069407575007691236e+00 2.901904386605665739e-03
5.074479518131396638e+00 2.900280368647667386e-03
5.079556535735048506e+00 2.903614168112269005e-03
5.084638632895670085e+00 2.901904982995035052e-03
5.089725814695344575e+00 2.899940172322598621e-03
5.094818086221258646e+00 2.916201613705843299e-03
5.099915452565697116e+00 2.904917831537172802e-03
5.105017918826001200e+00 2.906707759255312828e-03
5.110125490104637791e+00 2.902087734885228434e-03
5.115238171509195020e+00 2.901617401710793968e-03
5.120355968152357384e+00 2.906254302576301296e-03
5.125478885151912856e+00 2.907741785148295482e-03
5.130606927630777747e+00 2.901587256553284869e-03
5.135740100717002043e+00 2.911535372916775836e-03
5.140878409543742755e+00 2.910886446000183949e-03
5.146021859249314545e+00 2.911119617024266089e-03
5.151170454977186175e+00 2.902785287018603937e-03
5.156324201875936986e+00 2.905871348420262235e-03
5.161483105099310187e+00 2.909110224696853479e-03
5.166647169806227957e+00 2.914036380622297192e-03
5.171816401160748811e+00 2.924712140043935534e-03
5.176990804332091578e+00 2.917130565029589940e-03
5.182170384494676263e+00 2.915471505494795536e-03
5.187355146828076080e+00 2.912372607809547362e-03
5.192545096517046765e+00 2.903892370033097844e-03
5.197740238751555886e+00 2.911664491668661519e-03
5.202940578726746423e+00 2.909628389221762500e-03
5.208146121642937665e+00 2.915226076516812780e-03
5.213356872705671385e+00 2.919627301470473311e-03
5.218572837125716291e+00 2.917434586652293584e-03
5.223794020119036929e+00 2.919555844790583735e-03
5.229020426906815899e+00 2.911785110118296060e-03
5.234252062715459175e+00 2.912897940447747684e-03
5.239488932776602326e+00 2.913226711948428693e-03
5.244731042327116732e+00 2.914314255713369630e-03
5.249978396609110476e+00 2.915429995224202292e-03
5.255231000869926561e+00 2.912073845613011736e-03
5.260488860362181995e+00 2.917354817955517595e-03
5.265751980343742922e+00 2.923114662554555584e-03
5.271020366077721064e+00 2.918290565673166328e-03
5.276294022832505703e+00 2.914068065490150756e-03
5.281572955881746800e+00 2.912129233877705243e-03
5.286857170504389636e+00 2.913478136832473031e-03
5.292146671984641948e+00 2.916727662805052197e-03
5.297441465612009459e+00 2.912649489140230284e-03
5.302741556681281665e+00 2.920980439218504119e-03
5.308046950492546934e+00 2.923953886992472495e-03
5.313357652351209381e+00 2.916989095502656171e-03
5.318673667567960450e+00 2.912290021574352218e-03
5.323995001458828646e+00 2.912805011397100793e-03
5.329321659345145790e+00 2.918388446615636025e-03
5.334653646553560336e+00 2.909885603674633794e-03
5.339990968416064021e+00 2.916451120482542805e-03
5.345333630269974989e+00 2.923518962607154961e-03
5.350681637457968876e+00 2.914555375236421025e-03
5.356034995328046833e+00 2.920841278329419817e-03
5.361393709233554183e+00 2.912917242885219860e-03
5.366757784533228381e+00 2.908962511402449647e-03
5.372127226591127069e+00 2.916581653660909376e-03
5.377502040776687586e+00 2.919181501692479520e-03
5.382882232464750949e+00 2.916557635557339573e-03
5.388267807035501455e+00 2.920218262625965712e-03
5.393658769874507541e+00 2.915128538051675166e-03
5.399055126372735991e+00 2.922356906570050886e-03
5.404456881926536838e+00 2.913629714923664585e-03
5.409864041937665569e+00 2.916314441228103679e-03
5.415276611813296448e+00 2.916327324066025559e-03
5.420694596965989653e+00 2.918310072779801631e-03
5.426118002813722363e+00 2.918348963956332587e-03
5.431546834779908295e+00 2.920729925577162170e-03
