    0.442057188413588051E+03    0.138649618492834494E-01    0.107936508009381082E+02   -0.454827780402537130E+00    0.193345176354126735E+01   -0.393249460021838093E+01   -0.457501095837028515E+01   -0.573305677280405845E+01   -0.424276397246495129E+01   -0.494553907734607456E+01    0.288113790054807396E+05
    0.454937122449721187E+03    0.142109816843416115E+00    0.996428333260328714E+01   -0.224351992907207531E+00    0.172726112133382781E+01   -0.277165173163030021E+01   -0.233012720674541995E+01   -0.757651581321552214E+01   -0.251673659980471776E+01   -0.670710254913758330E+01    0.288114058531189985E+05
    0.467487823748261064E+03    0.297717923758880273E-01    0.100640081035428093E+02   -0.537689832754297825E+00    0.163031290177462873E+01   -0.215002146346788736E+01   -0.193520091882619738E+01   -0.544993058967150112E+01   -0.389889288450305749E+01   -0.618308485791928319E+01    0.288119419084160108E+05
    0.476888218394840294E+03    0.127759421869440476E+00    0.986292971055769563E+01   -0.621063286558221961E+00    0.114123417822236251E+01   -0.201219525952620248E+01   -0.696161980696617899E+01   -0.412919977208435984E+01   -0.331370975412754287E+01   -0.138353057765078091E+01    0.288120938970822936E+05
    0.441671537099327111E+03    0.321278771292435594E-01    0.105282314833122221E+02   -0.237917709713990178E+00    0.120848461377801941E+01   -0.454124249270042490E+01   -0.581293003492813476E+01   -0.742386948090263754E+01   -0.610493566476823446E+01   -0.309234459770741132E+01    0.288121565135206256E+05
    0.469553904188502827E+03    0.545134926346815818E-01    0.971552021919183417E+01   -0.260425834584687266E+00    0.180310713997058847E+01   -0.180351082974565236E+01   -0.159174368257033194E+01   -0.380642770576744915E+01   -0.386412836247429947E+01   -0.715514437426038441E+01    0.288121914524021231E+05
    0.462336345844688537E+03    0.507415082702373232E-01    0.976428303711563927E+01   -0.349144919718849422E+00    0.286077566371508762E+01    0.745902194073239322E+00   -0.606403875323816077E+01   -0.649895240999605850E+01   -0.436844735769347015E+01   -0.398373174814652931E+01    0.288122951951333343E+05
    0.453274758000831355E+03    0.112281780984346078E-01    0.106606892691283441E+02   -0.624693047388957368E+00    0.133201786444989723E+01   -0.243816391022745016E+01   -0.279680152940647986E+01   -0.512795278112716879E+01   -0.581008749005786029E+01   -0.303209574683035488E+01    0.288124037403781986E+05
    0.447844188810909202E+03    0.148702208606542111E-01    0.109934874844711956E+02   -0.194224168683216014E+00    0.125680790847389723E+01   -0.330204489109244115E+01   -0.193882363892177789E+01   -0.245939844174033961E+01   -0.367113935399576352E+01   -0.534461798878729777E+01    0.288124088501024307E+05
    0.452413149404233195E+03    0.188502390477253458E-01    0.106981757296491082E+02   -0.541148214769369140E+00    0.216429006594130202E+01   -0.505925630272646032E+00   -0.445697692002138446E+01   -0.655662126481651431E+01   -0.433790206444985138E+01   -0.608607211846026175E+01    0.288124333687299913E+05
    0.456768933614627144E+03    0.104142152096345877E+00    0.991426847341264050E+01   -0.252264789839419024E+00    0.174681902868423822E+01   -0.285022787966143953E+01   -0.480378930780783442E+01   -0.467111357191445276E+01   -0.261380328066252776E+01   -0.492042142678465311E+01    0.288125079889428926E+05
    0.463175258009167351E+03    0.630065360618757564E-01    0.987807745117463476E+01   -0.273833919329819153E+00    0.201606974752843549E+01   -0.185054226452992010E+01   -0.138518580268161617E+01   -0.420163650439814518E+01   -0.332376909832782097E+01   -0.477896938676564531E+01    0.288127487045276139E+05
    0.455864229505490414E+03    0.836911893734550577E-01    0.100994499400239235E+02   -0.515827243447662731E+00    0.197183099829968644E+01   -0.172282156653514074E+01   -0.210699668089137404E+01   -0.561841184726357490E+01   -0.632079535476945065E+01   -0.473666049448857152E+01    0.288127585424144927E+05
    0.453192691183501950E+03    0.142076246456091966E-01    0.109267778096232338E+02   -0.745648574202144587E+00    0.168595613220388141E+01   -0.322328908699695571E+01   -0.669156898147361545E+01   -0.313149145002440221E+01   -0.532319081965234098E+01   -0.480549812818528110E+01    0.288128606257344582E+05
    0.458375899138512295E+03    0.155616169366307698E-01    0.106763623963886616E+02   -0.191143929147650660E+00    0.203326073342292091E+01   -0.680626746299066276E+00   -0.489549846019590795E+01   -0.504999983431219857E+01   -0.173851102217792874E+01   -0.459366527906489175E+01    0.288129884237452643E+05
    0.456193633482556720E+03    0.913542559272351590E-01    0.101201410726199459E+02   -0.319269822842670692E+00    0.131113628796362214E+01   -0.522186344736672581E+00   -0.713373312900613499E+01   -0.676636279440215738E+01   -0.409823165045524362E+01   -0.401121374886016557E+01    0.288130109847936692E+05
    0.458365191205877409E+03    0.186140689739608609E-01    0.103801228736991948E+02   -0.936867753454320606E+00    0.258386453493498225E+01   -0.112565839912729171E+01   -0.677101558285330984E+01   -0.471333182156045361E+01   -0.768130611460531831E+01   -0.691442116853250788E+01    0.288132214937036697E+05
    0.455162958732031200E+03    0.322081063307593646E-01    0.102436612886161917E+02   -0.335219516097029491E+00    0.240140378117846609E+01   -0.581049668121440988E+00   -0.681941075410607134E+01   -0.618643758077078321E+01   -0.563836562175501044E+01   -0.728552146704672410E+01    0.288132221091633146E+05
    0.453013329997215521E+03    0.697983422899558642E-01    0.100094767861232476E+02   -0.311339732329370733E+00    0.247922480662385603E+01   -0.475070229073089401E+01   -0.585183984119188416E+01   -0.211829396834046602E+01   -0.580800194668544378E+01   -0.697271175433092338E+01    0.288132955250191008E+05
    0.450055847982636749E+03    0.563820325067928840E-01    0.101242582871743867E+02   -0.421818085154360922E+00    0.278521931518946797E+01   -0.870994303706855710E+00   -0.226196888567190335E+01   -0.380995379094092801E+01   -0.589935723990173777E+01   -0.582791278862926276E+01    0.288134222900419918E+05
    0.457124508288428558E+03    0.655468719972128883E-01    0.951236412103374462E+01   -0.480929516814732949E+00    0.288931340899376954E+01   -0.150863143312558812E+01   -0.468833021315914777E+01   -0.703022254784593148E+01   -0.783071260678205405E+01   -0.541690038867808799E+01    0.288134495828509062E+05
    0.447865990213953694E+03    0.836976085582252366E-01    0.987987649477084595E+01   -0.408755041173497702E+00    0.247067283373981006E+01   -0.186621228844777676E+01   -0.401872492908617396E+01   -0.683180850696582453E+01   -0.441869211320110367E+01   -0.581907042488624526E+01    0.288134659595518533E+05
    0.468220382556870391E+03    0.764813225004593450E-01    0.986417065128078363E+01   -0.520680413294634548E+00    0.174562636610577426E+01   -0.108395525796701309E+01   -0.563899250404635310E+01   -0.192775112639679147E+01   -0.560576420469169268E+01   -0.570297788983778453E+01    0.288134895603517543E+05
    0.454013921185173047E+03    0.104292052575822566E+00    0.942449419672853494E+01   -0.225844367785530409E+00    0.219068191011708580E+01   -0.254562096034051821E+01   -0.719713417877820927E+01   -0.563698245330074954E+01   -0.605161049103048221E+01   -0.749117692293847703E+01    0.288136368305001088E+05
    0.447085117382676628E+03    0.590027079948513139E-01    0.101161506128806806E+02   -0.181099098113485013E+00    0.233112728400388036E+01   -0.385681710723967086E+01   -0.747589859189040062E+01   -0.541164365851278717E+01   -0.566501211065560462E+01   -0.708691509923924201E+01    0.288136959181355451E+05
    0.456564623613253616E+03    0.576578671816268054E-01    0.991627864498040523E+01   -0.126916815924064785E+00    0.177090199397559145E+01   -0.447596186923265549E+01   -0.575661225877849692E+01   -0.231342867366244498E+01   -0.778524561577600771E+01   -0.502072244335485962E+01    0.288137211996484875E+05
    0.466941352997571414E+03    0.151004693612946002E-01    0.106384379615496947E+02   -0.744496491850810571E+00    0.258202897772120910E+01    0.935653542081089640E+00   -0.448923915034604182E+01   -0.159743547392701579E+01   -0.580760880575334770E+01   -0.666672937583892544E+01    0.288137362434177849E+05
    0.460970999816092558E+03    0.146380941067617096E-01    0.104663094838881428E+02   -0.550252003721650063E+00    0.164832527569868015E+01   -0.220505655357255392E+01   -0.355515555294028562E+01   -0.545290379637616418E+01   -0.777139063425799304E+01   -0.368899144379917399E+01    0.288137565811890854E+05
    0.455738630864022014E+03    0.129730949494141160E-01    0.108188595931218163E+02   -0.521972987284745393E+00    0.183237325792640471E+01   -0.479308682978169021E+01   -0.258371556961535997E+01   -0.301163700306181870E+01   -0.291751130130482039E+01   -0.653581612448240890E+01    0.288137759298966848E+05
    0.461811354702024516E+03    0.501237649987291631E-01    0.990483712123872806E+01   -0.492274699839074792E+00    0.195857311093565944E+01   -0.996246025104036370E+00   -0.169231439148208018E+01   -0.444818357908011830E+01   -0.634417923172487441E+01   -0.368984424550809464E+01    0.288138993523745157E+05
    0.454719539057326983E+03    0.132083823161187140E-01    0.104845164619571651E+02   -0.709060626240598069E+00    0.218644196448748840E+01    0.138134899658610166E+01   -0.458633025657013427E+01   -0.401912331409546297E+01   -0.407084240889559013E+01   -0.295259074325856119E+01    0.288139829197935505E+05
    0.456893073406270730E+03    0.237497662590318362E-01    0.100838786440154102E+02   -0.289753522356393844E+00    0.203965538776671407E+01    0.165091346556005547E-01   -0.671370106992755300E+01   -0.459448240010368192E+01   -0.602812485413444854E+01   -0.654209126135604002E+01    0.288140136104921112E+05
    0.447130877483621532E+03    0.182176937666787518E-01    0.107369003495832480E+02   -0.143898554377093646E+00    0.115103479366237571E+01   -0.249705166305381887E+01   -0.309160179973326343E+01   -0.207388245726476050E+01   -0.597158936815275432E+01   -0.625245931817104328E+01    0.288140804479986073E+05
    0.459129087310107877E+03    0.477997464773790015E-01    0.998336279859928410E+01   -0.855109242682936532E+00    0.213258440519403258E+01   -0.363872420271296892E+01   -0.482894558409501506E+01   -0.619370159009872445E+01   -0.616712411037329744E+01   -0.707340466275211277E+01    0.288142099202212194E+05
    0.459129087310107877E+03    0.477997464773790015E-01    0.998336279859928410E+01   -0.855109242682936532E+00    0.213258440519403258E+01   -0.363872420271296892E+01   -0.482894558409501506E+01   -0.619370159009872445E+01   -0.616712411037329744E+01   -0.707340466275211277E+01    0.288142099202212194E+05
    0.452113807512753453E+03    0.118185138592079870E-01    0.107734162454730971E+02   -0.764507752625310566E+00    0.192700492624021180E+01   -0.267786261799876080E+00   -0.769476444851694641E+01   -0.341409385359869777E+01   -0.757489670918808766E+01   -0.295526140712349772E+01    0.288142363484279413E+05
    0.465055904172520457E+03    0.176618267021032060E+00    0.942556710694326583E+01   -0.551028040146563924E+00    0.289680972488052912E+01   -0.360300289308693689E+01   -0.292151651553565728E+01   -0.163727771346493522E+01   -0.556021254185176694E+01   -0.549073688793449399E+01    0.288142479029811257E+05
    0.455933798955795680E+03    0.142955559429251092E-01    0.107761117223835186E+02   -0.764768029657602710E+00    0.182106432406213559E+01   -0.178242066663834908E+01   -0.568091345189662800E+01   -0.595175166526085420E+01   -0.369495543516492386E+01   -0.626594818275392029E+01    0.288143689762037829E+05
    0.464943522163107161E+03    0.130110720832239790E+00    0.978385058324865042E+01   -0.428188343713440389E+00    0.149928476067168992E+01   -0.141947135868648866E+01   -0.182171039545074631E+01   -0.313616652982431088E+01   -0.507954483432005155E+01   -0.632052094804527442E+01    0.288143829676048626E+05
    0.444508334450857546E+03    0.150425231312619236E-01    0.106910076081423089E+02   -0.165203470889464299E+00    0.207835613130576569E+01   -0.316411127155489291E+01   -0.559811582858588963E+01   -0.490183083185357837E+01   -0.616660925670800175E+01   -0.758735355126509958E+01    0.288144239437766446E+05
    0.461002035564721098E+03    0.725293846441098372E-01    0.100743050563224266E+02   -0.297747757303258531E+00    0.149273782001207889E+01    0.133755220836071764E+01   -0.611573187145401143E+01   -0.221542038661606266E+01   -0.376484867698077341E+01   -0.725141474099010530E+01    0.288145448590514752E+05
    0.450849063285258069E+03    0.850090401229971065E-01    0.986612733167252109E+01   -0.831478236240874580E-01    0.286980737244152939E+01    0.103733547227362788E+01   -0.370322758591199097E+01   -0.655474000686861480E+01   -0.291403574464467319E+01   -0.541448664915819400E+01    0.288145585031377886E+05
    0.450849063285258069E+03    0.850090401229971065E-01    0.986612733167252109E+01   -0.831478236240874580E-01    0.286980737244152939E+01    0.103733547227362788E+01   -0.370322758591199097E+01   -0.655474000686861480E+01   -0.291403574464467319E+01   -0.541448664915819400E+01    0.288145585031377886E+05
    0.454435614175538717E+03    0.365444804100485687E-01    0.102306035540998153E+02   -0.662852457300805220E+00    0.256025594107113674E+01   -0.219973990748805903E+01   -0.672447951052834370E+01   -0.631803381588844903E+01   -0.644303009431848217E+01   -0.676404960171649794E+01    0.288145963835514631E+05
    0.454435614175538717E+03    0.365444804100485687E-01    0.102306035540998153E+02   -0.662852457300805220E+00    0.256025594107113674E+01   -0.219973990748805903E+01   -0.672447951052834370E+01   -0.631803381588844903E+01   -0.644303009431848217E+01   -0.676404960171649794E+01    0.288145963835514631E+05
    0.461075891458852425E+03    0.409755937352050126E-01    0.986262057174955231E+01   -0.664020477885912896E+00    0.297251201490372630E+01   -0.225161116349577295E+01   -0.727331650304987321E+01   -0.619297925056548593E+01   -0.451895812695967791E+01   -0.656001941621423335E+01    0.288146085742566902E+05
    0.461075891458852425E+03    0.409755937352050126E-01    0.986262057174955231E+01   -0.664020477885912896E+00    0.297251201490372630E+01   -0.225161116349577295E+01   -0.727331650304987321E+01   -0.619297925056548593E+01   -0.451895812695967791E+01   -0.656001941621423335E+01    0.288146085742566902E+05
    0.458128701599686337E+03    0.121550692430103489E-01    0.103807156466816863E+02   -0.744594440747464503E+00    0.282941149942451808E+01    0.123877483051328952E-01   -0.220351926440897028E+01   -0.501542708492149725E+01   -0.610351595551831672E+01   -0.472344317337338904E+01    0.288146178396374235E+05
    0.459297680199380636E+03    0.298439467333943206E-01    0.102194943362399098E+02   -0.256653927704073581E+00    0.143955653039623721E+01   -0.645520403724616720E+00   -0.165191089541497860E+01   -0.373352439600215469E+01   -0.606320460811489070E+01   -0.610686127550262903E+01    0.288146719075213077E+05
    0.453449130617878836E+03    0.507444732213065755E-01    0.101748262618982288E+02   -0.335836862591261109E-01    0.160550228653903515E+01    0.884033932360366315E+00   -0.438733801689827629E+01   -0.503729749869138566E+01   -0.344515651217745766E+01   -0.791640662080580437E+01    0.288146832075435959E+05
    0.460126614118261671E+03    0.442088729916480516E-01    0.997503969915017663E+01   -0.512575882526579818E+00    0.159269380351368994E+01   -0.247223800845282016E+01   -0.226864287923526753E+01   -0.573334870138819763E+01   -0.346185818347882801E+01   -0.348486144601238479E+01    0.288147185035909497E+05
    0.459242410335350371E+03    0.194037133679679646E-01    0.106507851544815217E+02   -0.690069080702242488E+00    0.122094828049593018E+01   -0.950412432859907064E+00   -0.771627676095917181E+01   -0.747896476332772231E+01   -0.663814307871719222E+01   -0.327460747704675459E+01    0.288147256336698047E+05
    0.459242410335350371E+03    0.194037133679679646E-01    0.106507851544815217E+02   -0.690069080702242488E+00    0.122094828049593018E+01   -0.950412432859907064E+00   -0.771627676095917181E+01   -0.747896476332772231E+01   -0.663814307871719222E+01   -0.327460747704675459E+01    0.288147256336698047E+05
    0.455893507313342411E+03    0.113399723966528532E-01    0.108038103824783001E+02   -0.871344418875215965E+00    0.161710085530150227E+01   -0.338680716500126344E+01   -0.645608247545303016E+01   -0.577508744574564048E+01   -0.699633605028906658E+01   -0.641928359107081548E+01    0.288147925867088888E+05
    0.462243232580077688E+03    0.373511377505742481E-01    0.100614893121204982E+02   -0.635054055269979045E+00    0.230986722427320590E+01   -0.355956219495000603E+01   -0.219454152706903383E+01   -0.450196755007357474E+01   -0.609848883417537735E+01   -0.515744967419199973E+01    0.288148079210711039E+05
    0.462243232580077688E+03    0.373511377505742481E-01    0.100614893121204982E+02   -0.635054055269979045E+00    0.230986722427320590E+01   -0.355956219495000603E+01   -0.219454152706903383E+01   -0.450196755007357474E+01   -0.609848883417537735E+01   -0.515744967419199973E+01    0.288148079210711039E+05
    0.449365302897669267E+03    0.323027913572133951E-01    0.103264680512044098E+02   -0.260361681359292163E+00    0.237770775206222584E+01   -0.860245290730047962E+00   -0.509163661708136939E+01   -0.338606325167439248E+01   -0.781078585980196838E+01   -0.446117863439194640E+01    0.288148138722495496E+05
    0.449446804129085535E+03    0.666357869379995693E-01    0.100304549252155120E+02   -0.195298429894750214E+00    0.246195192716699474E+01   -0.525865013859793784E+00   -0.346443564546469673E+01   -0.348900875371946206E+01   -0.407099294876328610E+01   -0.718882277186712138E+01    0.288148289534084724E+05
    0.449446804129085535E+03    0.666357869379995693E-01    0.100304549252155120E+02   -0.195298429894750214E+00    0.246195192716699474E+01   -0.525865013859793784E+00   -0.346443564546469673E+01   -0.348900875371946206E+01   -0.407099294876328610E+01   -0.718882277186712138E+01    0.288148289534084724E+05
    0.457783134745934092E+03    0.179636686250356677E-01    0.105970835438254998E+02   -0.584222400481321458E+00    0.212110847436655181E+01   -0.385144648981020854E+01   -0.494936842899142704E+01   -0.207243433807321331E+01   -0.388325076987263262E+01   -0.588364853223643713E+01    0.288148369148794627E+05
    0.453254705408998404E+03    0.166132679315124134E-01    0.106203257801998276E+02   -0.714841038769621129E+00    0.190683538343934833E+01    0.148384357775147624E+01   -0.306805547231657627E+01   -0.455637415802797641E+01   -0.444238099554564059E+01   -0.359922251257179315E+01    0.288148390657123709E+05
    0.453254705408998404E+03    0.166132679315124134E-01    0.106203257801998276E+02   -0.714841038769621129E+00    0.190683538343934833E+01    0.148384357775147624E+01   -0.306805547231657627E+01   -0.455637415802797641E+01   -0.444238099554564059E+01   -0.359922251257179315E+01    0.288148390657123709E+05
    0.452520419681838177E+03    0.202749775774648741E-01    0.104824270145500140E+02   -0.662270747581531261E+00    0.255167019994876210E+01   -0.463709620628041108E+00   -0.237158925753409644E+01   -0.317807536454588480E+01   -0.500723674916976513E+01   -0.715150153170053482E+01    0.288148445190019993E+05
    0.452520419681838177E+03    0.202749775774648741E-01    0.104824270145500140E+02   -0.662270747581531261E+00    0.255167019994876210E+01   -0.463709620628041108E+00   -0.237158925753409644E+01   -0.317807536454588480E+01   -0.500723674916976513E+01   -0.715150153170053482E+01    0.288148445190019993E+05
    0.457156339589481661E+03    0.190540102312491896E-01    0.105487581339866168E+02   -0.794078077932820037E+00    0.214927664548792974E+01   -0.149633764350418552E+01   -0.224487441033313306E+01   -0.436400732167112082E+01   -0.283284336523371127E+01   -0.431103053486021182E+01    0.288148532440718445E+05
    0.457156339589481661E+03    0.190540102312491896E-01    0.105487581339866168E+02   -0.794078077932820037E+00    0.214927664548792974E+01   -0.149633764350418552E+01   -0.224487441033313306E+01   -0.436400732167112082E+01   -0.283284336523371127E+01   -0.431103053486021182E+01    0.288148532440718445E+05
    0.452928117997797813E+03    0.318486011066119803E-01    0.989885886534747073E+01   -0.226281702730733336E+00    0.244137946520243476E+01   -0.271359970118579108E+01   -0.374952776030449630E+01   -0.278146186828197983E+01   -0.330095389464657440E+01   -0.313257706156335214E+01    0.288148565156559816E+05
    0.452928117997797813E+03    0.318486011066119803E-01    0.989885886534747073E+01   -0.226281702730733336E+00    0.244137946520243476E+01   -0.271359970118579108E+01   -0.374952776030449630E+01   -0.278146186828197983E+01   -0.330095389464657440E+01   -0.313257706156335214E+01    0.288148565156559816E+05
    0.449549669919246639E+03    0.765942248669940762E-01    0.102306276050005671E+02   -0.192457555991570217E+00    0.124810479669594598E+01   -0.189800136682726661E+01   -0.251550197009057275E+01   -0.578367080098029973E+01   -0.362502580123640605E+01   -0.546313647964223126E+01    0.288148701778938921E+05
    0.456288568919517161E+03    0.445133853079712552E-01    0.101400995973303498E+02   -0.259209191622673529E+00    0.153895418673179196E+01   -0.226165372736397563E+01   -0.543518385656259362E+01   -0.204173408401557754E+01   -0.190895809126449478E+01   -0.787189506294544650E+01    0.288149134000005433E+05
    0.451165990169168253E+03    0.139050212314935900E-01    0.108004212523471033E+02   -0.267482684905867352E+00    0.157438810430892873E+01   -0.435084856203410197E+00   -0.700125942766634424E+01   -0.311849347702410640E+01   -0.371605195219363615E+01   -0.708299517161588987E+01    0.288150265992848290E+05
    0.454280149451030638E+03    0.437677409684860269E-01    0.102193616622227363E+02   -0.152171128923083820E+00    0.170606625963075542E+01    0.146050282153125099E+01   -0.725018521171045105E+01   -0.576602254494655408E+01   -0.583660499308752279E+01   -0.598764980430940597E+01    0.288150281291866049E+05
    0.454280149451030638E+03    0.437677409684860269E-01    0.102193616622227363E+02   -0.152171128923083820E+00    0.170606625963075542E+01    0.146050282153125099E+01   -0.725018521171045105E+01   -0.576602254494655408E+01   -0.583660499308752279E+01   -0.598764980430940597E+01    0.288150281291866049E+05
    0.459421519789719980E+03    0.365416209496461780E-01    0.995637131327830360E+01   -0.658777565716095026E+00    0.236899614168529649E+01   -0.404830511257748160E+01   -0.676393121550349896E+01   -0.378850427064689299E+01   -0.794135012242526628E+01   -0.196316198185269997E+01    0.288150283183088795E+05
    0.448705391050085154E+03    0.197237115537990462E-01    0.103633376068851746E+02   -0.470137528559658513E+00    0.251259119230533834E+01    0.560059182985113146E+00   -0.648258544660087921E+01   -0.296857592031067075E+01   -0.611417351408235810E+01   -0.742305218389791577E+01    0.288150363134201179E+05
    0.448705391050085154E+03    0.197237115537990462E-01    0.103633376068851746E+02   -0.470137528559658513E+00    0.251259119230533834E+01    0.560059182985113146E+00   -0.648258544660087921E+01   -0.296857592031067075E+01   -0.611417351408235810E+01   -0.742305218389791577E+01    0.288150363134201179E+05
    0.449278920534722488E+03    0.130011762955411312E-01    0.107165490349153387E+02   -0.241697786453814345E+00    0.214603869236958955E+01    0.823812545309238864E+00   -0.724720855798676222E+01   -0.503663251704429449E+01   -0.577431561025740514E+01   -0.501354838849965923E+01    0.288150943967365420E+05
    0.449278920534722488E+03    0.130011762955411312E-01    0.107165490349153387E+02   -0.241697786453814345E+00    0.214603869236958955E+01    0.823812545309238864E+00   -0.724720855798676222E+01   -0.503663251704429449E+01   -0.577431561025740514E+01   -0.501354838849965923E+01    0.288150943967365420E+05
    0.460572162449104326E+03    0.334750448950211360E-01    0.101544613610907888E+02   -0.267083411627892175E+00    0.237604345851557763E+01   -0.157326735485659963E+01   -0.160540833296419017E+01   -0.452460647822829998E+01   -0.192745273402054362E+01   -0.540578588020427464E+01    0.288151238674352353E+05
    0.451590782560529306E+03    0.299558641759967471E-01    0.103369230357505355E+02   -0.272002743493628074E+00    0.230907190163860321E+01    0.166022431137061943E+01   -0.789953375305558581E+01   -0.388208006715474152E+01   -0.427521655041321402E+01   -0.754730757727541857E+01    0.288151337324803826E+05
    0.451590782560529306E+03    0.299558641759967471E-01    0.103369230357505355E+02   -0.272002743493628074E+00    0.230907190163860321E+01    0.166022431137061943E+01   -0.789953375305558581E+01   -0.388208006715474152E+01   -0.427521655041321402E+01   -0.754730757727541857E+01    0.288151337324803826E+05
    0.446710635194303222E+03    0.396134981305126602E-01    0.100720413113520877E+02   -0.137521936319470406E+00    0.213188506730415828E+01   -0.214252019515226388E+01   -0.290362618330883038E+01   -0.343114502063923066E+01   -0.432830409416439288E+01   -0.481973515963691490E+01    0.288151466073175543E+05
    0.446710635194303222E+03    0.396134981305126602E-01    0.100720413113520877E+02   -0.137521936319470406E+00    0.213188506730415828E+01   -0.214252019515226388E+01   -0.290362618330883038E+01   -0.343114502063923066E+01   -0.432830409416439288E+01   -0.481973515963691490E+01    0.288151466073175543E+05
    0.445581918319124156E+03    0.183962265712609360E-01    0.103266484835352585E+02   -0.137481402280732468E+00    0.262252064513317151E+01   -0.206174915616954646E+01   -0.335239977100291053E+01   -0.381726252479259109E+01   -0.586586606295512603E+01   -0.529980660589455432E+01    0.288151505849854730E+05
    0.447997915110433382E+03    0.369193062894897783E-01    0.101085334208568174E+02   -0.358983825447285909E+00    0.255167331000682740E+01    0.340128886279496889E+00   -0.575514584697063292E+01   -0.510323233151216904E+01   -0.660893752065992768E+01   -0.716034738952039884E+01    0.288151700831884446E+05
    0.449806132236867313E+03    0.204764390333946784E-01    0.107381574485601945E+02   -0.212771254224963791E+00    0.124991725276689936E+01   -0.714716619329776925E+00   -0.350563176019517098E+01   -0.481048850792225124E+01   -0.237463850453826453E+01   -0.488506424078117352E+01    0.288152043225076995E+05
    0.454861706585323418E+03    0.390851428392676031E-01    0.997904892679859579E+01   -0.193178905077812324E+00    0.270464173208488123E+01   -0.987562294252773754E+00   -0.798003378181659784E+01   -0.263708592569500588E+01   -0.457947551575942668E+01   -0.638011551685292755E+01    0.288152061385106936E+05
    0.459458727241173619E+03    0.176166875133290449E-01    0.108535622159448302E+02   -0.568439333187431117E+00    0.126093599041686399E+01   -0.207600498947194723E+01   -0.425606544691308741E+01   -0.176360308148928091E+01   -0.236106064510724156E+01   -0.396910990876165837E+01    0.288152191327526234E+05
    0.449612843017454168E+03    0.135351732987436593E-01    0.106103040767868890E+02   -0.483594618243395225E+00    0.171322451866740377E+01   -0.185714792238810400E+01   -0.630028162774317302E+01   -0.639130632479563854E+01   -0.545256899112722060E+01   -0.728148849616000415E+01    0.288152684000625450E+05
    0.449612843017454168E+03    0.135351732987436593E-01    0.106103040767868890E+02   -0.483594618243395225E+00    0.171322451866740377E+01   -0.185714792238810400E+01   -0.630028162774317302E+01   -0.639130632479563854E+01   -0.545256899112722060E+01   -0.728148849616000415E+01    0.288152684000625450E+05
    0.471022435353348726E+03    0.355524075680238513E-01    0.101514697536928029E+02   -0.370734159883704173E+00    0.135943483290845335E+01   -0.126309949695223001E+01   -0.266730332792309976E+01   -0.578044602673948837E+01   -0.151586030084131362E+01   -0.609550737315256619E+01    0.288152823320371353E+05
    0.471022435353348726E+03    0.355524075680238513E-01    0.101514697536928029E+02   -0.370734159883704173E+00    0.135943483290845335E+01   -0.126309949695223001E+01   -0.266730332792309976E+01   -0.578044602673948837E+01   -0.151586030084131362E+01   -0.609550737315256619E+01    0.288152823320371353E+05
    0.458291688306518495E+03    0.524156848898127414E-01    0.100748880268045227E+02   -0.446841587305911503E+00    0.106951732196723581E+01    0.724179860564314382E+00   -0.751134770988734157E+01   -0.790995806916060662E+01   -0.547648036220051715E+01   -0.550068950633233911E+01    0.288152916489608906E+05
    0.454770548196795403E+03    0.293090825899932871E-01    0.103024405571835409E+02   -0.341590722384812473E+00    0.233271623290750707E+01   -0.171441304000919281E+01   -0.216848112764329315E+01   -0.622613690150171095E+01   -0.475052982720287531E+01   -0.490590636627741716E+01    0.288152993485431143E+05
    0.454770548196795403E+03    0.293090825899932871E-01    0.103024405571835409E+02   -0.341590722384812473E+00    0.233271623290750707E+01   -0.171441304000919281E+01   -0.216848112764329315E+01   -0.622613690150171095E+01   -0.475052982720287531E+01   -0.490590636627741716E+01    0.288152993485431143E+05
    0.446052441699151018E+03    0.108538641882184300E-01    0.105644754041164433E+02   -0.171421939380994814E+00    0.249382468623703346E+01   -0.950885434130256613E+00   -0.336139924682421931E+01   -0.567824331150874517E+01   -0.377911444352347736E+01   -0.587076149079042331E+01    0.288153011988543658E+05
    0.456396522427626280E+03    0.116791629498439922E+00    0.974183663689442625E+01   -0.456422271554254522E+00    0.176259815155231325E+01   -0.223367433641256108E+01   -0.598804639231533375E+01   -0.452124963726931384E+01   -0.515448538742609408E+01   -0.512126388077861705E+01    0.288153458886724620E+05
    0.456754635727271818E+03    0.435565693377539531E-01    0.975547853183880598E+01   -0.490627020351863230E+00    0.265190887488236715E+01   -0.344464327646741175E+01   -0.401209307394773695E+01   -0.624803219539943022E+01   -0.620326150393253428E+01   -0.264184868838001119E+01    0.288153793277007680E+05
    0.456754635727271818E+03    0.435565693377539531E-01    0.975547853183880598E+01   -0.490627020351863230E+00    0.265190887488236715E+01   -0.344464327646741175E+01   -0.401209307394773695E+01   -0.624803219539943022E+01   -0.620326150393253428E+01   -0.264184868838001119E+01    0.288153793277007680E+05
    0.449980841659228361E+03    0.372027514001057533E-01    0.101832454207028480E+02   -0.689980936967984348E-01    0.223696806497865097E+01    0.195571110326132391E+00   -0.570093419919956723E+01   -0.353468113415764495E+01   -0.694824186886419959E+01   -0.549988886117792397E+01    0.288154174889879796E+05
    0.452539643309476162E+03    0.586556122464316834E-01    0.102998212056964960E+02   -0.244182527352696965E+00    0.121938483573844647E+01    0.814925002628502426E+00   -0.304345094419012874E+01   -0.320713793127041225E+01   -0.520198259459270496E+01   -0.525491454936730662E+01    0.288154387048272329E+05
    0.452539643309476162E+03    0.586556122464316834E-01    0.102998212056964960E+02   -0.244182527352696965E+00    0.121938483573844647E+01    0.814925002628502426E+00   -0.304345094419012874E+01   -0.320713793127041225E+01   -0.520198259459270496E+01   -0.525491454936730662E+01    0.288154387048272329E+05
    0.449950481178147299E+03    0.323819039441385417E-01    0.100513201221384101E+02   -0.258431976612740755E-01    0.205328083271623241E+01    0.161042388276246839E-01   -0.663304145372443976E+01   -0.363826109312635815E+01   -0.513674031558813304E+01   -0.604959805856546495E+01    0.288155106853500292E+05
    0.449950481178147299E+03    0.323819039441385417E-01    0.100513201221384101E+02   -0.258431976612740755E-01    0.205328083271623241E+01    0.161042388276246839E-01   -0.663304145372443976E+01   -0.363826109312635815E+01   -0.513674031558813304E+01   -0.604959805856546495E+01    0.288155106853500292E+05
    0.446695258142808370E+03    0.228785923817483965E-01    0.105062218079616159E+02   -0.270737627221982358E+00    0.202762847608752583E+01   -0.241358145959068793E+00   -0.508825627202356578E+01   -0.414260178116148836E+01   -0.626690013766378229E+01   -0.384292602717282161E+01    0.288155261380671982E+05
    0.446695258142808370E+03    0.228785923817483965E-01    0.105062218079616159E+02   -0.270737627221982358E+00    0.202762847608752583E+01   -0.241358145959068793E+00   -0.508825627202356578E+01   -0.414260178116148836E+01   -0.626690013766378229E+01   -0.384292602717282161E+01    0.288155261380671982E+05
    0.459869526571160122E+03    0.522308394227774392E-01    0.982028959097491061E+01   -0.512167136745037332E+00    0.244947111426960129E+01   -0.148112156425482855E+01   -0.626280005785617355E+01   -0.291574265191140114E+01   -0.748482387207874744E+01   -0.550652481763905932E+01    0.288155395560267425E+05
    0.459869526571160122E+03    0.522308394227774392E-01    0.982028959097491061E+01   -0.512167136745037332E+00    0.244947111426960129E+01   -0.148112156425482855E+01   -0.626280005785617355E+01   -0.291574265191140114E+01   -0.748482387207874744E+01   -0.550652481763905932E+01    0.288155395560267425E+05
    0.448056075232452315E+03    0.214640035087193502E-01    0.105334008111118820E+02   -0.460105590207143145E+00    0.192489426538665942E+01   -0.155575179096219740E+01   -0.489462133549579370E+01   -0.549117399403496620E+01   -0.463308259980552783E+01   -0.308317844171843891E+01    0.288155595628564588E+05
    0.448056075232452315E+03    0.214640035087193502E-01    0.105334008111118820E+02   -0.460105590207143145E+00    0.192489426538665942E+01   -0.155575179096219740E+01   -0.489462133549579370E+01   -0.549117399403496620E+01   -0.463308259980552783E+01   -0.308317844171843891E+01    0.288155595628564588E+05
    0.454716339527637160E+03    0.335986501078581884E-01    0.101532582239408367E+02   -0.239821202319584259E+00    0.186186161026127417E+01   -0.172288549601260410E+01   -0.784081462830197573E+01   -0.625363166995801034E+01   -0.392154504616247834E+01   -0.750591124995872327E+01    0.288155679529400732E+05
    0.454716339527637160E+03    0.335986501078581884E-01    0.101532582239408367E+02   -0.239821202319584259E+00    0.186186161026127417E+01   -0.172288549601260410E+01   -0.784081462830197573E+01   -0.625363166995801034E+01   -0.392154504616247834E+01   -0.750591124995872327E+01    0.288155679529400732E+05
    0.455940089844833551E+03    0.585534325913409925E-01    0.100948762746779330E+02   -0.106568014607248074E+00    0.146468020429246226E+01   -0.216046104460752231E+01   -0.238151015268261013E+01   -0.479718051060644513E+01   -0.183190635394568435E+01   -0.230789255298659501E+01    0.288155836641834176E+05
    0.460663992818887039E+03    0.286428363986229520E-01    0.105692293618089543E+02   -0.530059415080117446E+00    0.118724617696659385E+01   -0.175023896383394773E+01   -0.203465445634500330E+01   -0.275766889637094437E+01   -0.229218828617996806E+01   -0.512337718837195766E+01    0.288156030726363533E+05
    0.460663992818887039E+03    0.286428363986229520E-01    0.105692293618089543E+02   -0.530059415080117446E+00    0.118724617696659385E+01   -0.175023896383394773E+01   -0.203465445634500330E+01   -0.275766889637094437E+01   -0.229218828617996806E+01   -0.512337718837195766E+01    0.288156030726363533E+05
    0.456780962158412251E+03    0.403035682159505262E-01    0.997869012208676942E+01   -0.429039105664188902E+00    0.188594714997773671E+01   -0.256432192084928401E+01   -0.751686504366158381E+01   -0.424129277586862674E+01   -0.455133020957308787E+01   -0.281802717104523026E+01    0.288156085771894650E+05
    0.463587218960519181E+03    0.217091411563514781E-01    0.103748049007232712E+02   -0.672961420271007249E+00    0.182907593759634257E+01    0.119116573761908295E+01   -0.177177216104488622E+01   -0.759314918504817093E+01   -0.370606691449332271E+01   -0.424918438260468800E+01    0.288156360629006958E+05
    0.463587218960519181E+03    0.217091411563514781E-01    0.103748049007232712E+02   -0.672961420271007249E+00    0.182907593759634257E+01    0.119116573761908295E+01   -0.177177216104488622E+01   -0.759314918504817093E+01   -0.370606691449332271E+01   -0.424918438260468800E+01    0.288156360629006958E+05
    0.452074684215280115E+03    0.204346007661751865E-01    0.104982445328896397E+02   -0.571736146850925664E+00    0.160112075424343026E+01    0.183059087002544807E+00   -0.743523610246718558E+01   -0.743162566720365536E+01   -0.616000898089613003E+01   -0.740720641990256112E+01    0.288156404015898952E+05
    0.452074684215280115E+03    0.204346007661751865E-01    0.104982445328896397E+02   -0.571736146850925664E+00    0.160112075424343026E+01    0.183059087002544807E+00   -0.743523610246718558E+01   -0.743162566720365536E+01   -0.616000898089613003E+01   -0.740720641990256112E+01    0.288156404015898952E+05
    0.452807009570600655E+03    0.482568230561801134E-01    0.974928504446184974E+01   -0.290430881785702866E+00    0.279254864129345259E+01    0.261469945258161474E+00   -0.722856982778686685E+01   -0.625880952550099945E+01   -0.482571277654055208E+01   -0.669677387758996545E+01    0.288156806669328689E+05
    0.454984410938042856E+03    0.355212222642103045E-01    0.100832566703011715E+02   -0.517992747146116095E+00    0.294436021478743237E+01    0.186415082223912609E+01   -0.643355591596704190E+01   -0.619826554772979854E+01   -0.526769844358228401E+01   -0.742706710272538917E+01    0.288156825661063704E+05
    0.465967314837549281E+03    0.109900010675920382E+00    0.973961857612919957E+01   -0.200081477564217458E+00    0.222139583213929548E+01   -0.111105239412410084E+01   -0.488107413042627414E+01   -0.146668501066893420E+01   -0.355220458979056541E+01   -0.492189957621442620E+01    0.288156846270134665E+05
    0.459668752705509803E+03    0.399376809198504559E-01    0.995893637613939831E+01   -0.276478668485247603E+00    0.296855852915269702E+01   -0.163114830421895718E+01   -0.360626557916395551E+01   -0.155084593945839977E+01   -0.709355158565332200E+01   -0.449302664378612171E+01    0.288156861208694900E+05
    0.459668752705509803E+03    0.399376809198504559E-01    0.995893637613939831E+01   -0.276478668485247603E+00    0.296855852915269702E+01   -0.163114830421895718E+01   -0.360626557916395551E+01   -0.155084593945839977E+01   -0.709355158565332200E+01   -0.449302664378612171E+01    0.288156861208694900E+05
    0.456202457741053024E+03    0.158169496222861604E-01    0.104345782951997776E+02   -0.745413871410445239E+00    0.230481700602151207E+01   -0.262013040809764730E+01   -0.328910711737905359E+01   -0.725015395442410870E+01   -0.600296044046564248E+01   -0.276885209469544780E+01    0.288156869306666849E+05
    0.456202457741053024E+03    0.158169496222861604E-01    0.104345782951997776E+02   -0.745413871410445239E+00    0.230481700602151207E+01   -0.262013040809764730E+01   -0.328910711737905359E+01   -0.725015395442410870E+01   -0.600296044046564248E+01   -0.276885209469544780E+01    0.288156869306666849E+05
    0.449988422790274512E+03    0.154311529072884441E-01    0.105167725838253645E+02   -0.366456435612581899E+00    0.190717494189138970E+01   -0.684730775879016207E+00   -0.325578941958856483E+01   -0.498683266307403450E+01   -0.266357107859750641E+01   -0.317001249877623170E+01    0.288156979263272224E+05
    0.473901724234644917E+03    0.371924043389624884E-01    0.102085749672910797E+02   -0.618976978284779378E+00    0.175997952050356998E+01   -0.221230386929970146E+01   -0.639826454264734235E+01   -0.406035332917211989E+01   -0.130306236964546240E+01   -0.654127843277770360E+01    0.288157269735506670E+05
    0.473901724234644917E+03    0.371924043389624884E-01    0.102085749672910797E+02   -0.618976978284779378E+00    0.175997952050356998E+01   -0.221230386929970146E+01   -0.639826454264734235E+01   -0.406035332917211989E+01   -0.130306236964546240E+01   -0.654127843277770360E+01    0.288157269735506670E+05
    0.455541980854477856E+03    0.366331591852996005E-01    0.101374538245061458E+02   -0.199833940520663944E-01    0.223456608317602257E+01   -0.116536922746888694E+01   -0.170733032193800760E+01   -0.458441821137240879E+01   -0.362052548144980602E+01   -0.417381251985501578E+01    0.288157326175633134E+05
    0.455541980854477856E+03    0.366331591852996005E-01    0.101374538245061458E+02   -0.199833940520663944E-01    0.223456608317602257E+01   -0.116536922746888694E+01   -0.170733032193800760E+01   -0.458441821137240879E+01   -0.362052548144980602E+01   -0.417381251985501578E+01    0.288157326175633134E+05
    0.458801896136159712E+03    0.169272348504095130E-01    0.105809647389762453E+02   -0.655508078774744263E+00    0.129330992389860455E+01   -0.707233825897612967E+00   -0.526552661348902351E+01   -0.622253236909138252E+01   -0.466535722613523696E+01   -0.591081756081501997E+01    0.288157481199813446E+05
    0.453193306889069220E+03    0.200979140278744924E-01    0.102372953942479636E+02   -0.270350188634880695E+00    0.219670805967026661E+01   -0.407397754581622529E+01   -0.751996651416822193E+01   -0.347500744606172329E+01   -0.426591081426813901E+01   -0.663009897454956842E+01    0.288157826695116091E+05
    0.452379148922094714E+03    0.411590386243731177E-01    0.102182500927832258E+02   -0.208153582227266654E+00    0.177492020961096997E+01   -0.107301573085081614E+01   -0.650006988759777649E+01   -0.651394849894897199E+01   -0.688817341783779291E+01   -0.546418103765481966E+01    0.288157947069751172E+05
    0.452379148922094714E+03    0.411590386243731177E-01    0.102182500927832258E+02   -0.208153582227266654E+00    0.177492020961096997E+01   -0.107301573085081614E+01   -0.650006988759777649E+01   -0.651394849894897199E+01   -0.688817341783779291E+01   -0.546418103765481966E+01    0.288157947069751172E+05
    0.449470038793935032E+03    0.871412664729503128E-01    0.996178541115464000E+01   -0.318523477029055258E+00    0.193418812521453853E+01   -0.314273622573806044E+01   -0.727785125381374165E+01   -0.515854885396554863E+01   -0.700057246399564548E+01   -0.690428099695516995E+01    0.288158095984168467E+05
    0.449470038793935032E+03    0.871412664729503128E-01    0.996178541115464000E+01   -0.318523477029055258E+00    0.193418812521453853E+01   -0.314273622573806044E+01   -0.727785125381374165E+01   -0.515854885396554863E+01   -0.700057246399564548E+01   -0.690428099695516995E+01    0.288158095984168467E+05
    0.455385186255064639E+03    0.536206783320673300E-01    0.980761363775354944E+01   -0.423826164520158422E+00    0.244328018060172347E+01   -0.155874624470037837E+01   -0.497917327169362611E+01   -0.613054025171816797E+01   -0.228799890419379537E+01   -0.642473349145379036E+01    0.288158215967255237E+05
    0.455385186255064639E+03    0.536206783320673300E-01    0.980761363775354944E+01   -0.423826164520158422E+00    0.244328018060172347E+01   -0.155874624470037837E+01   -0.497917327169362611E+01   -0.613054025171816797E+01   -0.228799890419379537E+01   -0.642473349145379036E+01    0.288158215967255237E+05
    0.453349551078029265E+03    0.604122495739121204E-01    0.984935857240043333E+01   -0.409699012793475426E+00    0.260994647458839824E+01    0.519498116730909842E-01   -0.489718507420032978E+01   -0.752882282050028717E+01   -0.601063003490481051E+01   -0.688027122678106373E+01    0.288158275930093296E+05
    0.448268458112612052E+03    0.307664279385116354E-01    0.104014118302069392E+02   -0.276857143778270753E+00    0.194228029035378791E+01    0.123239221304377367E+00   -0.474596133005463461E+01   -0.582166432868147155E+01   -0.463545782455854471E+01   -0.741750589771197255E+01    0.288158387931679972E+05
    0.448268458112612052E+03    0.307664279385116354E-01    0.104014118302069392E+02   -0.276857143778270753E+00    0.194228029035378791E+01    0.123239221304377367E+00   -0.474596133005463461E+01   -0.582166432868147155E+01   -0.463545782455854471E+01   -0.741750589771197255E+01    0.288158387931679972E+05
    0.449998836602415338E+03    0.182190493877954600E-01    0.107035799548859956E+02   -0.316856430796486954E+00    0.135200412739918985E+01   -0.449757094164898685E+01   -0.789333218762510036E+01   -0.633889091492603907E+01   -0.629930834246568949E+01   -0.584763041828797991E+01    0.288158424659694429E+05
    0.449998836602415338E+03    0.182190493877954600E-01    0.107035799548859956E+02   -0.316856430796486954E+00    0.135200412739918985E+01   -0.449757094164898685E+01   -0.789333218762510036E+01   -0.633889091492603907E+01   -0.629930834246568949E+01   -0.584763041828797991E+01    0.288158424659694429E+05
    0.474860185645376930E+03    0.644892826211384274E-01    0.101133814092006826E+02   -0.264199639364491645E+00    0.112269647878226153E+01    0.172755099938664358E+01   -0.396975877315955383E+01   -0.544050193603282928E+01   -0.127999898406223700E+01   -0.448157037886065268E+01    0.288158694193959527E+05
    0.455709719924943613E+03    0.837377389026239122E-01    0.969790588140882548E+01   -0.174582434829106958E-01    0.198220167497206790E+01   -0.306762672046726692E+00   -0.683825564579601508E+01   -0.704032847108366511E+01   -0.395540234440153871E+01   -0.442937690905699366E+01    0.288159242730714395E+05
    0.449781553854557274E+03    0.234337215864451574E-01    0.104607313898891903E+02   -0.369202379868772468E+00    0.206193708978522316E+01   -0.396670087171356744E+01   -0.589103040807066414E+01   -0.225434201182344385E+01   -0.550311117238626046E+01   -0.638458953198433754E+01    0.288159424010288931E+05
    0.449781553854557274E+03    0.234337215864451574E-01    0.104607313898891903E+02   -0.369202379868772468E+00    0.206193708978522316E+01   -0.396670087171356744E+01   -0.589103040807066414E+01   -0.225434201182344385E+01   -0.550311117238626046E+01   -0.638458953198433754E+01    0.288159424010288931E+05
    0.450134427209231035E+03    0.569442503338011760E-01    0.990473487529581220E+01   -0.314822921010637913E-02    0.184967117760033828E+01    0.776547833147084532E+00   -0.548720820447160840E+01   -0.532767327120393297E+01   -0.557312515860096092E+01   -0.365025711236155637E+01    0.288159463624164127E+05
    0.457508142217276884E+03    0.649970612267346259E-01    0.988913134234006463E+01   -0.504949650916392656E+00    0.162414457664426282E+01   -0.405896289733765059E+01   -0.658457506716436924E+01   -0.740976700426150270E+01   -0.487305346112207349E+01   -0.319349016382577044E+01    0.288159477460592097E+05
    0.457508142217276884E+03    0.649970612267346259E-01    0.988913134234006463E+01   -0.504949650916392656E+00    0.162414457664426282E+01   -0.405896289733765059E+01   -0.658457506716436924E+01   -0.740976700426150270E+01   -0.487305346112207349E+01   -0.319349016382577044E+01    0.288159477460592097E+05
    0.455933612078339934E+03    0.153072393370761919E-01    0.104994443600395577E+02   -0.529052125939349693E+00    0.213327727327063021E+01   -0.378450577944525302E+01   -0.690857366261217987E+01   -0.780787710473783036E+01   -0.450981448676746766E+01   -0.571116146198020136E+01    0.288159601336503401E+05
    0.457178040891910996E+03    0.397032404642738423E-01    0.100587988981158194E+02   -0.368481343729751387E+00    0.240312640748058648E+01    0.113229216390220344E+01   -0.292942949793014051E+01   -0.520227800669145157E+01   -0.796927512378161129E+01   -0.292222682901644593E+01    0.288159695525842872E+05
    0.457178040891910996E+03    0.397032404642738423E-01    0.100587988981158194E+02   -0.368481343729751387E+00    0.240312640748058648E+01    0.113229216390220344E+01   -0.292942949793014051E+01   -0.520227800669145157E+01   -0.796927512378161129E+01   -0.292222682901644593E+01    0.288159695525842872E+05
    0.458248198738022552E+03    0.345271070582298389E-01    0.102635590170222422E+02   -0.538645223306140508E+00    0.130572959845209402E+01   -0.677263040944872330E+00   -0.315234160065463076E+01   -0.664649967631654270E+01   -0.560935000049268773E+01   -0.616350953565208037E+01    0.288159868059457804E+05
    0.458248198738022552E+03    0.345271070582298389E-01    0.102635590170222422E+02   -0.538645223306140508E+00    0.130572959845209402E+01   -0.677263040944872330E+00   -0.315234160065463076E+01   -0.664649967631654270E+01   -0.560935000049268773E+01   -0.616350953565208037E+01    0.288159868059457804E+05
    0.448238054359321893E+03    0.201653018572764027E-01    0.103955653325535522E+02   -0.408679017087123064E+00    0.251524856209296122E+01   -0.318898977280190721E+01   -0.304471925982762759E+01   -0.672392107793534244E+01   -0.342634225809332271E+01   -0.463327889175572150E+01    0.288160164272978764E+05
    0.448238054359321893E+03    0.201653018572764027E-01    0.103955653325535522E+02   -0.408679017087123064E+00    0.251524856209296122E+01   -0.318898977280190721E+01   -0.304471925982762759E+01   -0.672392107793534244E+01   -0.342634225809332271E+01   -0.463327889175572150E+01    0.288160164272978764E+05
    0.459580866009451483E+03    0.186970302422195672E-01    0.103595350780668429E+02   -0.629410558102755147E+00    0.209604485431690080E+01   -0.398499020081143263E+01   -0.593536462731357606E+01   -0.458648293207776625E+01   -0.236311816911229933E+01   -0.445110398813648978E+01    0.288160211705195652E+05
    0.450661807261905267E+03    0.156957746981143988E-01    0.106739842372865414E+02   -0.561967093158781239E+00    0.159030623052716180E+01   -0.245370753307689693E+01   -0.278547775949423659E+01   -0.685130628719247259E+01   -0.463757182219014652E+01   -0.755353065869850848E+01    0.288160309410718510E+05
    0.462987431742410990E+03    0.122004157088130075E+00    0.967909829759331153E+01   -0.355849872996346406E+00    0.125411270115295981E+01   -0.355808206843348440E+01   -0.229665764237597170E+01   -0.261588735903779757E+01   -0.248108134889755938E+01   -0.232182805400133940E+01    0.288160559239716240E+05
    0.450007879413263936E+03    0.498757742475223753E-01    0.101204328509118291E+02   -0.372774713164758076E+00    0.213303185268935991E+01   -0.149357343424103117E+01   -0.769601050414813237E+01   -0.284543621306119654E+01   -0.475268729375663312E+01   -0.563470207209219254E+01    0.288160584363514208E+05
    0.455529096324563568E+03    0.217513574793165368E-01    0.102690613495377612E+02   -0.643126482685358880E+00    0.288189412851864724E+01   -0.118821544782008104E+01   -0.452590807188466826E+01   -0.642546448036565643E+01   -0.680288907418230160E+01   -0.443461332655069462E+01    0.288160594412319588E+05
    0.452747139834176323E+03    0.355776448749641830E-01    0.102628151922957436E+02   -0.299654553012435265E+00    0.139194568027149201E+01   -0.558352393271372094E+00   -0.216044770240856110E+01   -0.518123104545621516E+01   -0.521840741351179638E+01   -0.790561766704700819E+01    0.288160600440830749E+05
    0.459660270653843099E+03    0.485241745872758284E-01    0.101155923591676498E+02   -0.636939133370903576E+00    0.135934566485149300E+01   -0.336660719435226330E+01   -0.273265129988672228E+01   -0.269075376023209678E+01   -0.340044696234763499E+01   -0.272461637248072375E+01    0.288160710130098196E+05
    0.455353234652729498E+03    0.210484453416367630E-01    0.103390948006522692E+02   -0.456222632841491560E+00    0.168308270313395281E+01   -0.436548753785106847E+01   -0.618405735488250130E+01   -0.679035858774974788E+01   -0.265874113349728702E+01   -0.618392775195140576E+01    0.288160744935490548E+05
    0.455353234652729498E+03    0.210484453416367630E-01    0.103390948006522692E+02   -0.456222632841491560E+00    0.168308270313395281E+01   -0.436548753785106847E+01   -0.618405735488250130E+01   -0.679035858774974788E+01   -0.265874113349728702E+01   -0.618392775195140576E+01    0.288160744935490548E+05
    0.454210785299731128E+03    0.168980167572977610E-01    0.103531922848710405E+02   -0.306133619052417316E+00    0.266405165204970196E+01   -0.419869426617451147E+01   -0.569367081027729149E+01   -0.220079513982507091E+01   -0.750752272105720753E+01   -0.785157771671788662E+01    0.288160884641860976E+05
    0.454082320796362069E+03    0.207334611877741069E-01    0.105780672850596424E+02   -0.667452070758367100E+00    0.158692494951905627E+01   -0.409394670865534582E+01   -0.448787536834907552E+01   -0.735230204066841786E+01   -0.614881415647191698E+01   -0.227819319497733908E+01    0.288161231460262716E+05
    0.452177264151049656E+03    0.238772203915418174E-01    0.105347894377248075E+02   -0.546332514973736139E+00    0.175696161209849144E+01   -0.142113981740636852E+01   -0.364789731458266786E+01   -0.260720706316401074E+01   -0.537917514333073221E+01   -0.715130400825868140E+01    0.288161262577805355E+05
    0.457278335728377272E+03    0.747645309655859402E-01    0.968338808447539634E+01   -0.112424932286506518E+00    0.230514831075059501E+01    0.133479926206245736E+01   -0.438989526432304267E+01   -0.738659546361975927E+01   -0.334613755838203986E+01   -0.494121514754293223E+01    0.288161281903035706E+05
    0.457278335728377272E+03    0.747645309655859402E-01    0.968338808447539634E+01   -0.112424932286506518E+00    0.230514831075059501E+01    0.133479926206245736E+01   -0.438989526432304267E+01   -0.738659546361975927E+01   -0.334613755838203986E+01   -0.494121514754293223E+01    0.288161281903035706E+05
    0.462504042365603141E+03    0.396817231102379112E-01    0.102114240785288519E+02   -0.653038039144739457E+00    0.177853478510051533E+01   -0.300191532543799333E+01   -0.203041697144330602E+01   -0.406568310094730201E+01   -0.389388704387538365E+01   -0.191860811583953605E+01    0.288161302423711859E+05
    0.462504042365603141E+03    0.396817231102379112E-01    0.102114240785288519E+02   -0.653038039144739457E+00    0.177853478510051533E+01   -0.300191532543799333E+01   -0.203041697144330602E+01   -0.406568310094730201E+01   -0.389388704387538365E+01   -0.191860811583953605E+01    0.288161302423711859E+05
    0.449731664988304715E+03    0.108960193036249254E-01    0.105941494605305522E+02   -0.185255354106454995E+00    0.207709934396643359E+01   -0.440169054876136556E+00   -0.314834206312493059E+01   -0.604332268755132418E+01   -0.468886448471043238E+01   -0.552468532995903505E+01    0.288161308540567552E+05
    0.449731664988304715E+03    0.108960193036249254E-01    0.105941494605305522E+02   -0.185255354106454995E+00    0.207709934396643359E+01   -0.440169054876136556E+00   -0.314834206312493059E+01   -0.604332268755132418E+01   -0.468886448471043238E+01   -0.552468532995903505E+01    0.288161308540567552E+05
    0.456492295389040692E+03    0.355564569202464001E-01    0.100466819265955181E+02   -0.583520423111206554E+00    0.248853188123704738E+01   -0.468187896395531045E+01   -0.498036613608224243E+01   -0.742854396129356331E+01   -0.430515703274094719E+01   -0.487054067174308258E+01    0.288161553887039408E+05
    0.456380740732012441E+03    0.208643858523754944E+00    0.933123880666584071E+01   -0.152149394612649758E+00    0.231702624724780559E+01   -0.316420495437856131E+01   -0.681555429323493644E+01   -0.594963824717863687E+01   -0.612943047828187293E+01   -0.446864708659473031E+01    0.288161613368436592E+05
    0.452002513499426584E+03    0.206297480971247491E-01    0.105432268519018262E+02   -0.631574349573044813E+00    0.178628284617903654E+01   -0.263718384795859029E+01   -0.375885773836069070E+01   -0.643224581583011012E+01   -0.464367925554535610E+01   -0.536040974433217343E+01    0.288161630764648253E+05
    0.452002513499426584E+03    0.206297480971247491E-01    0.105432268519018262E+02   -0.631574349573044813E+00    0.178628284617903654E+01   -0.263718384795859029E+01   -0.375885773836069070E+01   -0.643224581583011012E+01   -0.464367925554535610E+01   -0.536040974433217343E+01    0.288161630764648253E+05
    0.454679111665398239E+03    0.374723183323073875E-01    0.100238362582234224E+02   -0.475794137509946147E+00    0.229518342813009291E+01   -0.503988532226755659E+00   -0.368499859528327001E+01   -0.744809143814414920E+01   -0.541920857062646899E+01   -0.275696040456956926E+01    0.288161700904797435E+05
    0.455321257638890756E+03    0.104461788117748547E+00    0.975239924681033976E+01   -0.130000093373374703E+00    0.204781122504622104E+01   -0.174438966050843458E+01   -0.267372635591935826E+01   -0.240939303566571006E+01   -0.202754023755174018E+01   -0.793808853798768510E+01    0.288161720323572699E+05
    0.455321257638890756E+03    0.104461788117748547E+00    0.975239924681033976E+01   -0.130000093373374703E+00    0.204781122504622104E+01   -0.174438966050843458E+01   -0.267372635591935826E+01   -0.240939303566571006E+01   -0.202754023755174018E+01   -0.793808853798768510E+01    0.288161720323572699E+05
    0.451515645968650347E+03    0.372183947810548615E-01    0.102503009211391749E+02   -0.304719353903566414E+00    0.109637032421606961E+01   -0.954429874410184453E+00   -0.656809009000878330E+01   -0.656927866747702183E+01   -0.564284243116739948E+01   -0.639074147005776183E+01    0.288161799318620797E+05
    0.455725752887456508E+03    0.490766752244344365E-01    0.990508113151481595E+01   -0.425596184566796154E+00    0.270319671530231709E+01   -0.242251140002729359E+01   -0.319927748318043470E+01   -0.335341156995763434E+01   -0.479283866933739144E+01   -0.356539915345520342E+01    0.288161803657961500E+05
    0.456202779706171896E+03    0.325694117570650768E-01    0.102514139929086276E+02   -0.317298279963217134E+00    0.147291098777075868E+01    0.108502527975152052E+01   -0.507128118123123084E+01   -0.351940704991767550E+01   -0.579745137511516528E+01   -0.499588279680768732E+01    0.288161941721365511E+05
    0.448725253328607778E+03    0.107533258841480163E-01    0.106525590844201066E+02   -0.433051600209694243E+00    0.255347031124232648E+01   -0.396675575259357105E+01   -0.280055337699666307E+01   -0.523841021630517467E+01   -0.586603672864009695E+01   -0.677379952494412052E+01    0.288161946468800234E+05
    0.456190391208164954E+03    0.425790368188292689E-01    0.101071241992732475E+02   -0.627453254129228810E+00    0.182526081429261877E+01   -0.308647176988446992E+01   -0.390551298721646134E+01   -0.491128734636239628E+01   -0.522638411178830431E+01   -0.277014276578017693E+01    0.288162157784326300E+05
    0.460819466309985216E+03    0.583844757017151564E-01    0.986603985157869801E+01   -0.308104171241692981E+00    0.247583059975000808E+01    0.165301919913361317E+01   -0.631454118083682392E+01   -0.570286434074642834E+01   -0.177116330651774057E+01   -0.678495131790570838E+01    0.288162186613364247E+05
    0.449175286729798813E+03    0.329332696990027804E-01    0.101051453658125041E+02   -0.222027073783095830E+00    0.296049249989459584E+01    0.117995096797344345E+01   -0.358552856604702175E+01   -0.573338833507636103E+01   -0.308765675758017810E+01   -0.728445517255961050E+01    0.288162228113200472E+05
    0.457286990642196940E+03    0.328488771015947659E-01    0.100559682590494752E+02   -0.518537920268459018E+00    0.258046600503920587E+01   -0.149428176351634967E+00   -0.352993962618194423E+01   -0.419695878605694084E+01   -0.361973826070278815E+01   -0.657899789574338012E+01    0.288162248831247271E+05
    0.453243855262804914E+03    0.813527715680807534E-01    0.985759159969900267E+01   -0.274194777396550293E+00    0.147307116474398980E+01   -0.260062388323188198E+01   -0.534828047734893808E+01   -0.257646655243190903E+01   -0.355269522078529221E+01   -0.606805921830647410E+01    0.288162257302920007E+05
    0.460128599758010523E+03    0.149027484428405060E-01    0.106193886661930286E+02   -0.691152802908559849E+00    0.202089707130775675E+01   -0.319705066192480336E+01   -0.664986660851368949E+01   -0.177501992846596579E+01   -0.719200107250104193E+01   -0.635806939558584983E+01    0.288162275243365439E+05
    0.460145023930221782E+03    0.989057503732859999E-01    0.975942076955723792E+01   -0.304876546376026347E+00    0.203505035267025036E+01   -0.163818910310277221E+01   -0.253040230558905410E+01   -0.184434346532862214E+01   -0.326787753979242712E+01   -0.610261615875012176E+01    0.288162374773148040E+05
    0.452830761442843595E+03    0.127188853192645827E-01    0.103586971778353334E+02   -0.530013719304363917E+00    0.278442219078535036E+01   -0.316775951222265162E+01   -0.445221047392053038E+01   -0.376255156588035877E+01   -0.706532963977279405E+01   -0.692016123324745092E+01    0.288162701904637070E+05
    0.452176771534988745E+03    0.969679378501883127E-01    0.985141786018395393E+01   -0.130108499741842465E+00    0.181370424589198231E+01   -0.203407702211874764E+00   -0.321379691009027812E+01   -0.304078070798637956E+01   -0.573901058884220383E+01   -0.500189846653292491E+01    0.288162786894811870E+05
    0.458657726700032185E+03    0.270173477983045411E-01    0.100445978022845992E+02   -0.494334786328701981E+00    0.280173062201229861E+01    0.607060195683990500E-01   -0.303842715636300653E+01   -0.525632034688436178E+01   -0.247808192476193767E+01   -0.526607824684419334E+01    0.288162834141017011E+05
    0.450215657528082147E+03    0.403841870390286434E-01    0.101046578512975849E+02   -0.177662484856975667E+00    0.180552652438007488E+01   -0.272225435497153478E+01   -0.347727167132827741E+01   -0.427653457945738413E+01   -0.279336855154101826E+01   -0.724390555093393740E+01    0.288162870552292152E+05
    0.455823477482779140E+03    0.126447808776574706E-01    0.105467103643641646E+02   -0.624625064451826084E+00    0.198438402112983514E+01   -0.180288302237001252E+01   -0.641131601989841915E+01   -0.741627939940467851E+01   -0.320661388129623592E+01   -0.705951711027064466E+01    0.288162894108267828E+05
    0.466707189697447234E+03    0.427236998557450204E-01    0.100627724199125002E+02   -0.440382104319661849E+00    0.207755205527882048E+01   -0.371498200500669462E+01   -0.332942707049974462E+01   -0.716204016227190632E+01   -0.155408626434544228E+01   -0.623995215898128031E+01    0.288162913578826556E+05
    0.463920201045282795E+03    0.281304942056788652E-01    0.103185082263970145E+02   -0.575405859178832912E+00    0.186662045193345794E+01    0.184682606221567625E+01   -0.170915334484897219E+01   -0.599361283911375686E+01   -0.612710027806896651E+01   -0.605079298626660922E+01    0.288162935869936191E+05
    0.455742956201765026E+03    0.463457389992086508E-01    0.997830452728467243E+01   -0.252072285644293181E+00    0.233287765605880937E+01    0.192964892737684490E+01   -0.519880577986940562E+01   -0.500820497524297181E+01   -0.641747160057528721E+01   -0.529273177560598551E+01    0.288163025803043820E+05
    0.452373064235621712E+03    0.175750036539205762E-01    0.102070972862115834E+02   -0.478705559780525647E+00    0.280713233991009226E+01   -0.322758087052868525E+01   -0.725204412004016952E+01   -0.796813855086783995E+01   -0.779545398335809203E+01   -0.757391649183959803E+01    0.288163078770199536E+05
    0.454543839103242135E+03    0.263041619653966441E-01    0.101651723618601650E+02   -0.427086044739471760E+00    0.248740405925028440E+01   -0.238846581476514430E+01   -0.621300202429025372E+01   -0.206908964888342517E+01   -0.278084977532509559E+01   -0.685586342243890101E+01    0.288163169159456775E+05
    0.454452582701027836E+03    0.185290418787308689E-01    0.104367702365673996E+02   -0.515108051998025118E+00    0.237600477742143035E+01    0.158257545538894018E+01   -0.725244645960149725E+01   -0.686634539593520099E+01   -0.679772827213998632E+01   -0.613161893236065847E+01    0.288163248555618884E+05
    0.454594726839131056E+03    0.379792413046426899E-01    0.103253674802458093E+02   -0.555014365927634756E+00    0.156943868888759086E+01   -0.250637196730440248E+01   -0.296780287327981007E+01   -0.457384344167491363E+01   -0.498921291263599098E+01   -0.619977409417081748E+01    0.288163280301750092E+05
    0.459559183864906061E+03    0.958828096719627487E-01    0.996223417173434456E+01   -0.525429683056433561E+00    0.153041407767641746E+01   -0.473712672998505635E+01   -0.377412652380071822E+01   -0.252677675014261816E+01   -0.548742509892359287E+01   -0.176844447513022285E+01    0.288163441252632547E+05
    0.455730458567684934E+03    0.215574787123172761E-01    0.102681611223460934E+02   -0.434478950116256257E+00    0.205757634454539851E+01    0.175231524072954059E-01   -0.358343736569836757E+01   -0.595976097676774152E+01   -0.698082736315006791E+01   -0.300940499916060045E+01    0.288163490596182019E+05
    0.451538220180213955E+03    0.217377483707891749E-01    0.101517490302926863E+02   -0.364617977623147738E+00    0.288626355441297422E+01   -0.707240702213098871E-01   -0.255128134761375680E+01   -0.722935903785988554E+01   -0.360329616673765862E+01   -0.731715962701400269E+01    0.288163501025391779E+05
    0.454667843682869659E+03    0.562262816988453665E-01    0.101044811391236724E+02   -0.321430477454931030E+00    0.158755620745178083E+01    0.152717510936765688E+01   -0.669900487312293613E+01   -0.435260307610657282E+01   -0.338789162039524605E+01   -0.427869603631588191E+01    0.288163706910038818E+05
    0.450486710411194736E+03    0.917204427086378699E-01    0.961686382748894530E+01   -0.390971515378859991E+00    0.246609722215720550E+01   -0.474220152934693040E+01   -0.335251879350046345E+01   -0.583265569645069526E+01   -0.765094974470609923E+01   -0.449194727425578222E+01    0.288163820945998850E+05
    0.449943174383574899E+03    0.285961142219788023E-01    0.101337982101971633E+02   -0.226472759278751212E+00    0.242712708229457341E+01   -0.351324655786795237E+01   -0.375192189763182515E+01   -0.778726210723809231E+01   -0.352963453487316681E+01   -0.399099273742083938E+01    0.288163827144840470E+05
    0.452619906449691598E+03    0.249672243681064616E-01    0.102952628277084060E+02   -0.291553836989805859E+00    0.193971701993742984E+01   -0.243887408097469027E+01   -0.726176539795774456E+01   -0.689036106308464547E+01   -0.497927675674919357E+01   -0.434500252120837338E+01    0.288163920270579401E+05
    0.451351032808069135E+03    0.756745839135595372E-01    0.966423299037563410E+01   -0.120139578131314373E+00    0.271955468138945022E+01   -0.185998979300769873E+01   -0.565394944909871633E+01   -0.545621054860583143E+01   -0.497764312165563894E+01   -0.229694084159138168E+01    0.288164107081880138E+05
    0.453903884903957305E+03    0.264863220713694655E-01    0.101229362958865572E+02   -0.363563057866639561E+00    0.232818350174674382E+01   -0.346840643845725838E+01   -0.536186306886235009E+01   -0.293133671154070719E+01   -0.698162442710171760E+01   -0.652265729965751540E+01    0.288164284327414643E+05
    0.455090151041925878E+03    0.183800284758977549E-01    0.104333036705251629E+02   -0.493088388022268731E+00    0.220184099869120464E+01   -0.486388564064080775E+01   -0.406220565867244510E+01   -0.501811213630025676E+01   -0.221831252775148879E+01   -0.452043826932455062E+01    0.288164314985372621E+05
    0.455601642730348942E+03    0.120181979328255507E-01    0.105213528623253367E+02   -0.439177072863024875E+00    0.280097788176697104E+01   -0.115740751766445893E+01   -0.489173507448876954E+01   -0.183045344752591443E+01   -0.382096182734007073E+01   -0.424525650234145679E+01    0.288164315740776146E+05
    0.448903752819723707E+03    0.263157650772159364E-01    0.101337145012807142E+02   -0.281320341895335169E+00    0.275943330186269575E+01   -0.215724894454369842E+01   -0.482315138760165851E+01   -0.436029613298263730E+01   -0.487540477454077603E+01   -0.694118274280264735E+01    0.288164399136299326E+05
    0.456336238821484699E+03    0.360616235158868412E-01    0.102052812035001459E+02   -0.318146994860440735E+00    0.194274777123829923E+01   -0.287363242544675623E+01   -0.289694050749392318E+01   -0.655429400116705896E+01   -0.207428505617494174E+01   -0.318003381087456649E+01    0.288164448263567865E+05
    0.456681236738457301E+03    0.389540430455287412E-01    0.997077361441634658E+01   -0.288674544641594366E+00    0.239115963502712603E+01   -0.281600231678502899E+01   -0.275759829890352304E+01   -0.189429056103094950E+01   -0.784673171084706844E+01   -0.615470498068923710E+01    0.288164571268029322E+05
    0.451480745064196697E+03    0.119893557191028503E-01    0.105180686834135919E+02   -0.435970482568226458E+00    0.268083724918687016E+01   -0.283271842231958004E+00   -0.283100731339045097E+01   -0.278459081825872001E+01   -0.273243633125163488E+01   -0.610083347272272203E+01    0.288164592984600349E+05
    0.456577774611474922E+03    0.139460342223981671E-01    0.104872443178939090E+02   -0.677923780701059187E+00    0.232453270018894464E+01   -0.464277971373997023E+01   -0.340384198694072193E+01   -0.371328394091481773E+01   -0.558309185696003585E+01   -0.630892200800384373E+01    0.288164636831126300E+05
    0.456350745000536847E+03    0.151977019520425610E+00    0.947906415898473043E+01   -0.180537368410906396E+00    0.265587471296572852E+01   -0.322025096924614074E+01   -0.453746064247798042E+01   -0.202415908574459724E+01   -0.535553544254546665E+01   -0.583941198195364919E+01    0.288164657443902688E+05
    0.454759322838828666E+03    0.274093390972013490E-01    0.101861622096281081E+02   -0.496787364510427487E+00    0.275265036637568095E+01    0.954428114453804710E-01   -0.401477680723868069E+01   -0.757710706697798297E+01   -0.731625088379351585E+01   -0.270255450790788920E+01    0.288164694184959553E+05
    0.454885257665910672E+03    0.131558860147348577E-01    0.103700218147670427E+02   -0.320744954693275908E+00    0.270923684393031117E+01   -0.410598291485327760E+01   -0.461124152993227021E+01   -0.481501206510176516E+01   -0.193787665047494695E+01   -0.766872323576664883E+01    0.288164837545735281E+05
    0.454655351599279470E+03    0.767778631731800970E-01    0.976819353347279673E+01   -0.182788016516099994E+00    0.231404873579746884E+01   -0.990481000155212676E+00   -0.501928135569553469E+01   -0.328840998876745871E+01   -0.774621261888554091E+01   -0.648301996957543647E+01    0.288164891145953152E+05
    0.454106058660259691E+03    0.316124348281034209E-01    0.101787110057263845E+02   -0.467678113450348043E+00    0.208577109619789969E+01    0.817595841768134157E+00   -0.667846848500873858E+01   -0.596325219811481055E+01   -0.740370227712485551E+01   -0.388228351829772400E+01    0.288164921905941083E+05
    0.455951796425331224E+03    0.196031663862741672E-01    0.105887034590082223E+02   -0.584488148255660533E+00    0.105771877432047590E+01   -0.263452405428885150E+00   -0.256048382798615659E+01   -0.647237522794350895E+01   -0.358520167963612657E+01   -0.514904169254906474E+01    0.288165067743221080E+05
    0.451760590032085361E+03    0.137026885268469265E-01    0.107855476567042405E+02   -0.293464978738955828E+00    0.133593308758896367E+01   -0.293484250148168258E-01   -0.381483351872788301E+01   -0.260155830037191027E+01   -0.242231719677661328E+01   -0.293190779279444502E+01    0.288165079984962213E+05
    0.455723348089073852E+03    0.251705965879326990E-01    0.101043429152848745E+02   -0.523045479918879508E+00    0.297793399155572791E+01   -0.101959190173728675E+01   -0.508724920980050932E+01   -0.380811688327291709E+01   -0.781297640818915529E+01   -0.417244517186399833E+01    0.288165161145716738E+05
    0.450995718584411406E+03    0.829889069246648042E-01    0.991743020350223858E+01   -0.135663065312317421E+00    0.189861292093274825E+01   -0.126035202533930946E+01   -0.479586302452469759E+01   -0.351285196716350256E+01   -0.419150843458545985E+01   -0.281214536414813399E+01    0.288165261013556265E+05
    0.453374000830819796E+03    0.610563909615181727E-01    0.997563919587237891E+01   -0.224179920717667791E+00    0.154114940450058269E+01   -0.219729990041787859E+01   -0.517769988240521073E+01   -0.733490902845285575E+01   -0.478114630685564634E+01   -0.779616507796222269E+01    0.288165365987848018E+05
    0.454582567360980306E+03    0.298052587265491588E-01    0.104289550168683931E+02   -0.400553917969098450E+00    0.133918884496948376E+01    0.996741582079577526E+00   -0.635971153673980183E+01   -0.466390278570805883E+01   -0.647410437563404262E+01   -0.466196391555642897E+01    0.288165429167522234E+05
    0.455235583536478543E+03    0.102751099730614928E+00    0.952934188032397600E+01   -0.389824709131222136E+00    0.244263868710839205E+01   -0.469997236148247488E+01   -0.263554394184122920E+01   -0.408330418959635111E+01   -0.576396024572608567E+01   -0.391848850613742083E+01    0.288165481488763289E+05
    0.455969495172004599E+03    0.675854754349670822E-01    0.982519778103236874E+01   -0.489355794046494097E+00    0.218473138765400154E+01   -0.381874812285828602E+01   -0.427411022657960871E+01   -0.634222720149527053E+01   -0.555688072414844658E+01   -0.291625925404184105E+01    0.288165510010020589E+05
    0.456409328789685617E+03    0.224976743760643867E-01    0.102872718241637848E+02   -0.531332999322483346E+00    0.255426521117026795E+01    0.131228528993881532E+01   -0.266918520634556256E+01   -0.275742574224536785E+01   -0.738399519486914357E+01   -0.482447917166146478E+01    0.288165653798512649E+05
    0.459777071516141689E+03    0.342279213328777962E-01    0.102193736780653346E+02   -0.231098473054885289E+00    0.183642131117049767E+01   -0.831379775331622994E+00   -0.370484083754736648E+01   -0.165617600404520982E+01   -0.279552418824335902E+01   -0.403273722923604971E+01    0.288165670445398282E+05
    0.455035891973278581E+03    0.467351360764696744E-01    0.986977111091735004E+01   -0.254660933980642490E+00    0.275789418249273233E+01    0.123639387471864026E+01   -0.491093844691953763E+01   -0.363594943867360865E+01   -0.626548262546647283E+01   -0.743815609008461642E+01    0.288165842440485976E+05
    0.455282165373546093E+03    0.178309545819986398E-01    0.105171639241042971E+02   -0.411177381516885099E+00    0.162960509614627669E+01   -0.157094436565370721E+01   -0.257105120300431533E+01   -0.769313135859507025E+01   -0.344430823538465170E+01   -0.475201184337481397E+01    0.288166051116772505E+05
    0.472092740205125551E+03    0.663769845171117562E-01    0.993368611234395615E+01   -0.142863451109729311E+00    0.189879391427005784E+01    0.253914989393701163E+00   -0.471985815900317363E+01   -0.620025653109688513E+01   -0.128266385075913814E+01   -0.471271926380921613E+01    0.288166145535384676E+05
    0.450150382833136291E+03    0.667701995899517703E-01    0.979097413735209621E+01   -0.911105250082062668E-01    0.262110497141793575E+01    0.232712830282889804E+00   -0.357935619774619074E+01   -0.695909632968888214E+01   -0.791278453630616951E+01   -0.659381446549884931E+01    0.288166238051796172E+05
    0.450716803689489041E+03    0.176892563910603963E-01    0.104015350205162633E+02   -0.330387044628075444E+00    0.227623564651014831E+01   -0.207084558973234412E+01   -0.367535661365180211E+01   -0.379583193758483706E+01   -0.266104678512483428E+01   -0.424009207282061595E+01    0.288166432963365551E+05
    0.453665025762360813E+03    0.280198910983617856E-01    0.104594435217830330E+02   -0.218180925795374847E+00    0.113978857010340939E+01   -0.689936725580373889E+00   -0.761078909507694412E+01   -0.779237751752597152E+01   -0.200677718720738074E+01   -0.519002102193089421E+01    0.288166504804706929E+05
    0.456426001989627139E+03    0.189982312334959103E+00    0.944794914466209157E+01   -0.198516292664264071E+00    0.188519958992282310E+01   -0.425446108389645694E+01   -0.239095351041170545E+01   -0.290656913035123754E+01   -0.663934982848647337E+01   -0.207944664257642398E+01    0.288166596693877655E+05
    0.452572020482110418E+03    0.496632569742315455E-01    0.990142681473968622E+01   -0.378200620455064751E+00    0.278630412386420012E+01   -0.293605909780782204E+01   -0.686820602170528982E+01   -0.546181216041721562E+01   -0.762631541668158519E+01   -0.292778907758956386E+01    0.288166692705689784E+05
    0.451502368722064034E+03    0.505020704354654584E-01    0.981121488358653515E+01   -0.337119405883398393E+00    0.283914100573222150E+01   -0.226427038676389802E+01   -0.510994914277943746E+01   -0.461578288894977540E+01   -0.625309237892042979E+01   -0.348692422327788343E+01    0.288166756185175473E+05
    0.455233019074171693E+03    0.161746439709982148E-01    0.104576679725994630E+02   -0.505806554227877569E+00    0.245277683006428671E+01   -0.497392505272671315E-01   -0.223535354222561367E+01   -0.731737791590404552E+01   -0.339717207317046732E+01   -0.244272517108551313E+01    0.288166813980609659E+05
    0.451600206144621211E+03    0.187099938298075225E+00    0.948926613553998166E+01   -0.104426689666286876E+00    0.185054487301923198E+01   -0.404237311070404104E+01   -0.339687788712524785E+01   -0.365774966031719551E+01   -0.663706445032851367E+01   -0.508333578140784859E+01    0.288166844048336716E+05
    0.455149032953341191E+03    0.437041263450559311E-01    0.101118571668476029E+02   -0.327703353541734188E+00    0.174161747387015198E+01    0.859712995481712206E+00   -0.243268672327157720E+01   -0.589879553446423621E+01   -0.312455534475442054E+01   -0.394728587967257027E+01    0.288166863882024190E+05
    0.451012901940339816E+03    0.127664304348832428E-01    0.104392318434078710E+02   -0.422780157496243092E+00    0.264816114836238459E+01   -0.231142928041489348E+01   -0.768077461238017367E+01   -0.439120469924929857E+01   -0.507830792069322179E+01   -0.354102949767532849E+01    0.288166957183417981E+05
    0.454839271468322693E+03    0.270854188525370618E-01    0.103031123684344994E+02   -0.450470290094409975E+00    0.183709630069418761E+01    0.765993008804220388E+00   -0.608513901134678203E+01   -0.405589979309962700E+01   -0.399298580008359227E+01   -0.698115768408743076E+01    0.288167316963429985E+05
    0.454180467167206814E+03    0.258038099765317240E-01    0.102677155534825530E+02   -0.502926274706737786E+00    0.234263724079003577E+01   -0.137663186294130746E+01   -0.294482241370638498E+01   -0.288791080688510782E+01   -0.381889010907159676E+01   -0.331462718969144809E+01    0.288168131712924078E+05
    0.453869565510671976E+03    0.277593039124446016E-01    0.103845986308007614E+02   -0.442220306684364850E+00    0.165342109653733171E+01   -0.417594489600364938E+00   -0.269169406913342968E+01   -0.594531717641831214E+01   -0.266776822866093788E+01   -0.565809616973207241E+01    0.288168382835073135E+05
    0.455222494487655354E+03    0.157637762849294899E-01    0.106679159689337038E+02   -0.433148224047336328E+00    0.155779696500209175E+01    0.155948098920837541E+01   -0.297477529784778216E+01   -0.435337557398496422E+01   -0.237847476015430637E+01   -0.729173493551655039E+01    0.288167645376736182E+05
    0.455063665315292326E+03    0.513979535395618914E-01    0.100341839177877628E+02   -0.410615952640156934E+00    0.189589322656277659E+01   -0.235883033071782933E+01   -0.313297001095886696E+01   -0.506153830565290885E+01   -0.230117126651727322E+01   -0.514252579072353910E+01    0.288168620645760093E+05
    0.457316049062202808E+03    0.332986497498232378E-01    0.102492733124524538E+02   -0.361901687048352017E+00    0.173551521481679183E+01    0.869114259358294561E+00   -0.191700567400753297E+01   -0.500207086687746383E+01   -0.583541114922211435E+01   -0.325920868293305777E+01    0.288168023083882508E+05
    0.454409955138343207E+03    0.216799497262711756E-01    0.105938673948008457E+02   -0.353909897282759900E+00    0.106225187051911107E+01   -0.142929121615895660E+00   -0.709777526786076507E+01   -0.342678807998862389E+01   -0.224635503229838829E+01   -0.789816148224061276E+01    0.288168060658918585E+05
    0.452026765229916123E+03    0.346867167607207635E-01    0.101238808839999699E+02   -0.320288793829727858E+00    0.227450733752226508E+01   -0.923471133530842536E+00   -0.257620101982341243E+01   -0.791672577237959629E+01   -0.611262622822593737E+01   -0.569493922738691083E+01    0.288168328533033564E+05
    0.454813729775851641E+03    0.651207420112023816E-01    0.976861851721668728E+01   -0.365657135713354009E+00    0.251271942250361136E+01   -0.287689252433055698E+01   -0.273998713664342564E+01   -0.647120594196105703E+01   -0.644528646133928618E+01   -0.385747370122089084E+01    0.288167465448798757E+05
    0.453092346846769999E+03    0.263005293149378636E-01    0.101122005924681524E+02   -0.443639349604387334E+00    0.262592766472546568E+01   -0.343886156918622987E+01   -0.495247738514797042E+01   -0.677487830456921891E+01   -0.337883144396266744E+01   -0.574385830512832474E+01    0.288167943228757504E+05
    0.454055646893539745E+03    0.615789870991310384E-01    0.992089526798567434E+01   -0.331504291023933639E+00    0.209466103295868367E+01   -0.125376783840467887E+01   -0.253163119597878783E+01   -0.295974908318557084E+01   -0.400142220626938983E+01   -0.647462120976234967E+01    0.288167769992738904E+05
    0.566971504060939765E+03    0.227913256868395142E+00    0.115954347967918956E+02   -0.247145798296650998E+01    0.188351952883355245E+01   -0.251024972222221487E+01   -0.326059451885378060E+01   -0.598160230350001765E+01   -0.377736803074590988E+01   -0.487753854857519009E+01    0.288195269776119603E+05
    0.566971504060939765E+03    0.227913256868395142E+00    0.115954347967918956E+02   -0.247145798296650998E+01    0.188351952883355245E+01   -0.251024972222221487E+01   -0.326059451885378060E+01   -0.598160230350001765E+01   -0.377736803074590988E+01   -0.487753854857519009E+01    0.288195269776119603E+05
    0.566971504060939765E+03    0.227913256868395142E+00    0.115954347967918956E+02   -0.247145798296650998E+01    0.188351952883355245E+01   -0.251024972222221487E+01   -0.326059451885378060E+01   -0.598160230350001765E+01   -0.377736803074590988E+01   -0.487753854857519009E+01    0.288195269776119603E+05
