8.099554455959743215e-01 2.881443125535261031e-03
8.107658061542900585e-01 2.881475196557581071e-03
8.115769774784792334e-01 2.881512087618227046e-03
8.123889603797121994e-01 2.881544712912288003e-03
8.132017556699727701e-01 2.881567259296787843e-03
8.140153641620563318e-01 2.881577632369641210e-03
8.148297866695717317e-01 2.881571484275441235e-03
8.156450240069411661e-01 2.881547318048010165e-03
8.164610769894029563e-01 2.881504146271558243e-03
8.172779464330105492e-01 2.881438144458331636e-03
8.180956331546322957e-01 2.881354542242814051e-03
8.189141379719558911e-01 2.881255229632580413e-03
8.197334617034857107e-01 2.881146803708577783e-03
8.205536051685444754e-01 2.881030060711456398e-03
8.213745691872769150e-01 2.880907935356458779e-03
8.221963545806487694e-01 2.880787377749022271e-03
8.230189621704429026e-01 2.880670800435200865e-03
8.238423927792670742e-01 2.880549301620757494e-03
8.246666472305524964e-01 2.880433632029816456e-03
8.254917263485536116e-01 2.880323161165562404e-03
8.263176309583500911e-01 2.880215428845087251e-03
8.271443618858455027e-01 2.880110001967125209e-03
8.279719199577725286e-01 2.880009881696725393e-03
8.288003060016881918e-01 2.879914893318002815e-03
8.296295208459781856e-01 2.879817868311299826e-03
8.304595653198585392e-01 2.879724423302689081e-03
8.312904402533747295e-01 2.879693886933887888e-03
8.321221464773999044e-01 2.882869587861531732e-03
8.329546848236402123e-01 2.895916371754620258e-03
8.337880561246344691e-01 2.901248578095770407e-03
8.346222612137542685e-01 2.902692112628459629e-03
8.354573009252049820e-01 2.903380990644465441e-03
8.362931760940265358e-01 2.904167380868427975e-03
8.371298875560944097e-01 2.904888200130775235e-03
8.379674361481189715e-01 2.905514400881571962e-03
8.388058227076495843e-01 2.905656427292486934e-03
8.396450480730722754e-01 2.905712108232330615e-03
8.404851130836130668e-01 2.905674645337655727e-03
8.413260185793379753e-01 2.906959773012970233e-03
8.421677654011512359e-01 2.907845707939745936e-03
8.430103543908002983e-01 2.908313020166190810e-03
8.438537863908742720e-01 2.908394717564982170e-03
8.446980622448042597e-01 2.907300392287398127e-03
8.455431827968671321e-01 2.906192202483595145e-03
8.463891488921824191e-01 2.906184128161818855e-03
8.472359613767166397e-01 2.906994705512417135e-03
8.480836210972833022e-01 2.907668260874908019e-03
8.489321289015407945e-01 2.907917098677139690e-03
8.497814856379983794e-01 2.907726912011067595e-03
8.506316921560135302e-01 2.907737541336111002e-03
8.514827493057913754e-01 2.907563579020773330e-03
8.523346579383890287e-01 2.907676824332235815e-03
8.531874189057161439e-01 2.907887635753947809e-03
8.540410330605319178e-01 2.907876553116982114e-03
8.548955012564523059e-01 2.908019119081927013e-03
8.557508243479458043e-01 2.908382280724773443e-03
8.566070031903338933e-01 2.908265240168646411e-03
8.574640386397960334e-01 2.908017697886435861e-03
8.583219315533672233e-01 2.907411966468468993e-03
8.591806827889413301e-01 2.907060192694120148e-03
8.600402932052715332e-01 2.907176046755939429e-03
8.609007636619676607e-01 2.907704605209358861e-03
8.617620950194990748e-01 2.906915419165451847e-03
8.626242881391973372e-01 2.906317708551559281e-03
8.634873438832556536e-01 2.905644730826841514e-03
8.643512631147296510e-01 2.905244479320649546e-03
8.652160466975378217e-01 2.905517466862264381e-03
8.660816954964636327e-01 2.905759215808374155e-03
8.669482103771571913e-01 2.906828166303930018e-03
8.678155922061336902e-01 2.908015681113394757e-03
8.686838418507756288e-01 2.908811232304888729e-03
8.695529601793322572e-01 2.909704192129269895e-03
8.704229480609205760e-01 2.910481842267699949e-03
8.712938063655277787e-01 2.910944537639060820e-03
8.721655359640141381e-01 2.911239169221860844e-03
8.730381377281095645e-01 2.911444198899093821e-03
8.739116125304161597e-01 2.911209777913648100e-03
8.747859612444087718e-01 2.910775537718581895e-03
8.756611847444361052e-01 2.909107497480026543e-03
8.765372839057208321e-01 2.908118050998214233e-03
8.774142596043608133e-01 2.908538059343411270e-03
8.782921127173328735e-01 2.909912542706808922e-03
8.791708441224919124e-01 2.911422700026336692e-03
8.800504546985693510e-01 2.911760768021103528e-03
8.809309453251749078e-01 2.911384888632400671e-03
8.818123168827982639e-01 2.910715264376478525e-03
8.826945702528108395e-01 2.910386727498632566e-03
8.835777063174676815e-01 2.910545207979908962e-03
8.844617259599056869e-01 2.911462292667365247e-03
8.853466300641437137e-01 2.913586068953635030e-03
8.862324195150838024e-01 2.917190756443361135e-03
8.871190951985163942e-01 2.922173474981694299e-03
8.880066580011191091e-01 2.926499360819762897e-03
8.888951088104538600e-01 2.931161815466216090e-03
8.897844485149719596e-01 2.937447927151069609e-03
8.906746780040118994e-01 2.944327810213730797e-03
8.915657981678065669e-01 2.947738653858145673e-03
8.924578098974739193e-01 2.947967157883068720e-03
8.933507140850214245e-01 2.946264540117256997e-03
8.942445116233572744e-01 2.941319600954563421e-03
8.951392034062801706e-01 2.937396096964480820e-03
8.960347903284814342e-01 2.932618770535279362e-03
8.969312732855473369e-01 2.929931385190356376e-03
8.978286531739603227e-01 2.935037563902316918e-03
8.987269308911014498e-01 2.951581325006961444e-03
8.996261073352495030e-01 2.953511016324947714e-03
9.005261834055795500e-01 2.947823718281454737e-03
9.014271600021682707e-01 2.940975149563785154e-03
9.023290380259918475e-01 2.934895658555565414e-03
9.032318183789278532e-01 2.932754870362761120e-03
9.041355019637584700e-01 2.933561969226662364e-03
9.050400896841658271e-01 2.932954844706585698e-03
9.059455824447376626e-01 2.932817914189510440e-03
9.068519811509679895e-01 2.932674174772657849e-03
9.077592867092548756e-01 2.932641885520952726e-03
9.086675000269045510e-01 2.931979953560886858e-03
9.095766220121302981e-01 2.929706232084617820e-03
9.104866535740545608e-01 2.927690468472885638e-03
9.113975956227070574e-01 2.925558981868536541e-03
9.123094490690316638e-01 2.922551341968557866e-03
9.132222148248820837e-01 2.918657627379201390e-03
9.141358938030226255e-01 2.915738883124883735e-03
9.150504869171317557e-01 2.912480945843292854e-03
9.159659950818033192e-01 2.908357773903841488e-03
9.168824192125480943e-01 2.904427454592798524e-03
9.177997602257875753e-01 2.900509548551348342e-03
9.187180190388626322e-01 2.897088684477285101e-03
9.196371965700328444e-01 2.894443513421168009e-03
9.205572937384781662e-01 2.891925014264506728e-03
9.214783114642939310e-01 2.889900461662166329e-03
9.224002506684964020e-01 2.887603626364426343e-03
9.233231122730257701e-01 2.886619335134038133e-03
9.242468972007444883e-01 2.886181538028315292e-03
9.251716063754391595e-01 2.885848958605584554e-03
9.260972407218166502e-01 2.885241872951527231e-03
9.270238011655114185e-01 2.884684082994208067e-03
9.279512886330849586e-01 2.884584484371552782e-03
9.288797040520245796e-01 2.884570233061311065e-03
9.298090483507445159e-01 2.884496766222026214e-03
9.307393224585915892e-01 2.884581026669942073e-03
9.316705273058381032e-01 2.884775448110823634e-03
9.326026638236895039e-01 2.884611667607337934e-03
9.335357329442838248e-01 2.884784377336959901e-03
9.344697356006889111e-01 2.885086911159086363e-03
9.354046727269068606e-01 2.885274415086903389e-03
9.363405452578753563e-01 2.885372124135135094e-03
9.372773541294663335e-01 2.885733685883933551e-03
9.382151002784899774e-01 2.886310669197493430e-03
9.391537846426917246e-01 2.887348967209771560e-03
9.400934081607547066e-01 2.887580548924244001e-03
9.410339717723049668e-01 2.887248368219678951e-03
9.419754764179059103e-01 2.887155924952330630e-03
9.429179230390614119e-01 2.887938852984208923e-03
9.438613125782181479e-01 2.888315411350028498e-03
9.448056459787667061e-01 2.889289603116484452e-03
9.457509241850403647e-01 2.890448442326791836e-03
9.466971481423157586e-01 2.891567063236574666e-03
9.476443187968174309e-01 2.893080557250933028e-03
9.485924370957175000e-01 2.893602875413880168e-03
9.495415039871341056e-01 2.892479060104561402e-03
9.504915204201344059e-01 2.894751330887751321e-03
9.514424873447341335e-01 2.894991494842134253e-03
9.523944057118994833e-01 2.895708990677793582e-03
9.533472764735499982e-01 2.896654531757905313e-03
9.543011005825563497e-01 2.897102515104839782e-03
9.552558789927436678e-01 2.897628389057543309e-03
9.562116126588898757e-01 2.899076414366378012e-03
9.571683025367276887e-01 2.900634277350539695e-03
9.581259495829482775e-01 2.900351503539093465e-03
9.590845547552002692e-01 2.901043728104330584e-03
9.600441190120854174e-01 2.902658127126972378e-03
9.610046433131675947e-01 2.903859470073917246e-03
9.619661286189739036e-01 2.904048031127430714e-03
9.629285758909905679e-01 2.905116133371576058e-03
9.638919860916628224e-01 2.906144593634301700e-03
9.648563601844011295e-01 2.906209387651147169e-03
9.658216991335795143e-01 2.906905307530818945e-03
9.667880039045362306e-01 2.907827614823150272e-03
9.677552754635757593e-01 2.907854182826265059e-03
9.687235147779708067e-01 2.909885715964972280e-03
9.696927228159630818e-01 2.914183587136997752e-03
9.706629005467596327e-01 2.913032791818469594e-03
9.716340489405361769e-01 2.910661606308599832e-03
9.726061689684449840e-01 2.909889821071636601e-03
9.735792616026035518e-01 2.910125873976061612e-03
9.745533278161038204e-01 2.911289057934955508e-03
9.755283685830130613e-01 2.911780537633414014e-03
9.765043848783711011e-01 2.912587799523501993e-03
9.774813776781959840e-01 2.913901148169589003e-03
9.784593479594798637e-01 2.914825941342309018e-03
9.794382967001936668e-01 2.915919513764522568e-03
9.804182248792859822e-01 2.917149316764769754e-03
9.813991334766843933e-01 2.917840598808786948e-03
9.823810234732978097e-01 2.918620967571994556e-03
9.833638958510170225e-01 2.919550310109522619e-03
9.843477515927149257e-01 2.920172599640728089e-03
9.853325916822468500e-01 2.920910576072130622e-03
9.863184171044501181e-01 2.921703072733349178e-03
9.873052288451531489e-01 2.922121949093746049e-03
9.882930278911683519e-01 2.921802979947167502e-03
9.892818152302930157e-01 2.921757285304167964e-03
9.902715918513149695e-01 2.919927105801488343e-03
9.912623587440111406e-01 2.918413670100054348e-03
9.922541168991476646e-01 2.919399959168107392e-03
9.932468673084843269e-01 2.922517969432845107e-03
9.942406109647716761e-01 2.927127145308359383e-03
9.952353488617531330e-01 2.934024216722621974e-03
9.962310819941662121e-01 2.933201809201617036e-03
9.972278113577441871e-01 2.926218756552763541e-03
9.982255379492167569e-01 2.922807351072163017e-03
9.992242627663093790e-01 2.922818359380368117e-03
1.000223986807747600e+00 2.923689876675992366e-03
1.001224711073256834e+00 2.924878918144897463e-03
1.002226436563560474e+00 2.926350284921692448e-03
1.003229164280384333e+00 2.928121507473589735e-03
1.004232895226455646e+00 2.930457598325951311e-03
1.005237630405505511e+00 2.932533400521438686e-03
1.006243370822270000e+00 2.933336891069443422e-03
1.007250117482488161e+00 2.932534973474794360e-03
1.008257871392907346e+00 2.931218757916502320e-03
1.009266633561284321e+00 2.928748083035193853e-03
1.010276404996379940e+00 2.925699942309212785e-03
1.011287186707962471e+00 2.923454336562414033e-03
1.012298979706815372e+00 2.922107652888417118e-03
1.013311785004731513e+00 2.924468637300958046e-03
1.014325603614517401e+00 2.929467549744328020e-03
1.015340436549991621e+00 2.929486848612326052e-03
1.016356284825987721e+00 2.926819254061288275e-03
1.017373149458352000e+00 2.925347548124234386e-03
1.018391031463949936e+00 2.925547677790387314e-03
1.019409931860664198e+00 2.925695016054377304e-03
1.020429851667395971e+00 2.923621160729913699e-03
1.021450791904064959e+00 2.923126023360094958e-03
1.022472753591610495e+00 2.924509815845907808e-03
1.023495737751995538e+00 2.925204027011594175e-03
1.024519745408203342e+00 2.925870544916322688e-03
1.025544777584241007e+00 2.927219735223285900e-03
1.026570835305141705e+00 2.927622428694152609e-03
1.027597919596963782e+00 2.927996564160437968e-03
1.028626031486790104e+00 2.927744002997071694e-03
1.029655172002734043e+00 2.926877893576496689e-03
1.030685342173935926e+00 2.925320643023126416e-03
1.031716543030566147e+00 2.923798249640476282e-03
1.032748775603824720e+00 2.921728209933560291e-03
1.033782040925944834e+00 2.920182439226356140e-03
1.034816340030192627e+00 2.918649902001027845e-03
1.035851673950866303e+00 2.917422782264730667e-03
1.036888043723299679e+00 2.916070462940635686e-03
1.037925450383862858e+00 2.914239867708265808e-03
1.038963894969963331e+00 2.912753057264326224e-03
1.040003378520046207e+00 2.911529482357474215e-03
1.041043902073592431e+00 2.909825527219145943e-03
1.042085466671125449e+00 2.908501857927414842e-03
1.043128073354212981e+00 2.907417296162550895e-03
1.044171723165462140e+00 2.905736931880717466e-03
1.045216417148520982e+00 2.904456159849436343e-03
1.046262156348083616e+00 2.902931409848667679e-03
1.047308941809890870e+00 2.901837267772197203e-03
1.048356774580727402e+00 2.900703798140722052e-03
1.049405655708424367e+00 2.900573144506466729e-03
1.050455586241864525e+00 2.898934786640422218e-03
1.051506567230979794e+00 2.897658899345485241e-03
1.052558599726749256e+00 2.896768021935640890e-03
1.053611684781205371e+00 2.896252778997569777e-03
1.054665823447434869e+00 2.895274881541982405e-03
1.055721016779575638e+00 2.894585309406248752e-03
1.056777265832821389e+00 2.894077839171461160e-03
1.057834571663421430e+00 2.893980188632981621e-03
1.058892935328680673e+00 2.893204995520282877e-03
1.059952357886963181e+00 2.892909332972568720e-03
1.061012840397692836e+00 2.892630819418502870e-03
1.062074383921351339e+00 2.892723001773078902e-03
1.063136989519481546e+00 2.893719996853883619e-03
1.064200658254688792e+00 2.894508288546152747e-03
1.065265391190642452e+00 2.894580746534241005e-03
1.066331189392076162e+00 2.894563048083650513e-03
1.067398053924788259e+00 2.893752175638466748e-03
1.068465985855643563e+00 2.892863483933770085e-03
1.069534986252574260e+00 2.891798513435322147e-03
1.070605056184579462e+00 2.890754891364533119e-03
1.071676196721730756e+00 2.890169328680332675e-03
1.072748408935168429e+00 2.889313353972615232e-03
1.073821693897103469e+00 2.888976748258984852e-03
1.074896052680821112e+00 2.888653727367099418e-03
1.075971486360680407e+00 2.888876721926855393e-03
1.077047996012116871e+00 2.888611169515420060e-03
1.078125582711639385e+00 2.888538850129707038e-03
1.079204247536833972e+00 2.888213729901123634e-03
1.080283991566367119e+00 2.888065477369802098e-03
1.081364815879982011e+00 2.888656486061685989e-03
1.082446721558502079e+00 2.889563579658815246e-03
1.083529709683832998e+00 2.890015262710230425e-03
1.084613781338964023e+00 2.890953566272426011e-03
1.085698937607967762e+00 2.892816099894595077e-03
1.086785179575999072e+00 2.894384490274399917e-03
1.087872508329299936e+00 2.896663174756299551e-03
1.088960924955200360e+00 2.899758985278726338e-03
1.090050430542115478e+00 2.901989284108955330e-03
1.091141026179552442e+00 2.903824510521784297e-03
1.092232712958106200e+00 2.905383095155254867e-03
1.093325491969463270e+00 2.906327290696693495e-03
1.094419364306403519e+00 2.906549997578547571e-03
1.095514331062799718e+00 2.906286350159670035e-03
1.096610393333617983e+00 2.905603734270083196e-03
1.097707552214920890e+00 2.905382918448133709e-03
1.098805808803868134e+00 2.905200970580645511e-03
1.099905164198715202e+00 2.904018226721270194e-03
1.101005619498818477e+00 2.901354231724793085e-03
1.102107175804632577e+00 2.901851352618009874e-03
1.103209834217713237e+00 2.903380420700197011e-03
1.104313595840720197e+00 2.905370264881762359e-03
1.105418461777413652e+00 2.908185246611611971e-03
1.106524433132661356e+00 2.913493636716378912e-03
1.107631511012435288e+00 2.912764175995058782e-03
1.108739696523812546e+00 2.916824919633247311e-03
1.109848990774979782e+00 2.917534289205291932e-03
1.110959394875229211e+00 2.917244187556603321e-03
1.112070909934964602e+00 2.918681190830480117e-03
1.113183537065703277e+00 2.921670988236462624e-03
1.114297277380072559e+00 2.924414400226882631e-03
1.115412131991812217e+00 2.927500182487971329e-03
1.116528102015776458e+00 2.930050831004904228e-03
1.117645188567933490e+00 2.933490082984962187e-03
1.118763392765371512e+00 2.936131040349110148e-03
1.119882715726297162e+00 2.938557535740829365e-03
1.121003158570033076e+00 2.939835484131215169e-03
1.122124722417020326e+00 2.941321987036175662e-03
1.123247408388822866e+00 2.942462464331592129e-03
1.124371217608127527e+00 2.941618934157029953e-03
1.125496151198744688e+00 2.942183734932811781e-03
1.126622210285607384e+00 2.943422281056440933e-03
1.127749395994771975e+00 2.942592058732753854e-03
1.128877709453426359e+00 2.935840853176792994e-03
1.130007151789885311e+00 2.933750380610853758e-03
1.131137724133588929e+00 2.930930432027001840e-03
1.132269427615111068e+00 2.928410151238956035e-03
1.133402263366155127e+00 2.929029897680106992e-03
1.134536232519556265e+00 2.937896726425327180e-03
1.135671336209286064e+00 2.945648078954694708e-03
1.136807575570448314e+00 2.950802728486507862e-03
1.137944951739279231e+00 2.946546001521612237e-03
1.139083465853155674e+00 2.940537537799758731e-03
1.140223119050594480e+00 2.937009589703436230e-03
1.141363912471246245e+00 2.936571529360210413e-03
1.142505847255904872e+00 2.936253290596491962e-03
1.143648924546506684e+00 2.936238029365544587e-03
1.144793145486128871e+00 2.935904239817588562e-03
1.145938511218992373e+00 2.935640053489751468e-03
1.147085022890461214e+00 2.934976024138414522e-03
1.148232681647048281e+00 2.936889142858362979e-03
1.149381488636412874e+00 2.938354172816472296e-03
1.150531445007361153e+00 2.939944773672332687e-03
1.151682551909849916e+00 2.943191359098562901e-03
1.152834810494985263e+00 2.946301425324926015e-03
1.153988221915028811e+00 2.950136445503427456e-03
1.155142787323389930e+00 2.954025995321042479e-03
1.156298507874635062e+00 2.957738097789141488e-03
1.157455384724486835e+00 2.958902189213372200e-03
1.158613419029816960e+00 2.959660371661141341e-03
1.159772611948661325e+00 2.959275577795093815e-03
1.160932964640214893e+00 2.957284632758729222e-03
1.162094478264829478e+00 2.954548391014324635e-03
1.163257153984020631e+00 2.951153455773162029e-03
1.164420992960464529e+00 2.947707565092679179e-03
1.165585996357997089e+00 2.946086784137024947e-03
1.166752165341621739e+00 2.944107546580147089e-03
1.167919501077509192e+00 2.943850987587167886e-03
1.169088004732994568e+00 2.946889440969223221e-03
1.170257677476581604e+00 2.950789307981097759e-03
1.171428520477943325e+00 2.960700275312224544e-03
1.172600534907923375e+00 2.971377558108915726e-03
1.173773721938536241e+00 2.971704100408790149e-03
1.174948082742969024e+00 2.964943557080797990e-03
1.176123618495583001e+00 2.957263510140061176e-03
1.177300330371911397e+00 2.950931889565631180e-03
1.178478219548668493e+00 2.949014415386201800e-03
1.179657287203744964e+00 2.948085708693129817e-03
1.180837534516205212e+00 2.947965306350118324e-03
1.182018962666298245e+00 2.947919364519917956e-03
1.183201572835452797e+00 2.948454514029546884e-03
1.184385366206279766e+00 2.948428485401513154e-03
1.185570343962571549e+00 2.948075670393685531e-03
1.186756507289305596e+00 2.949980923892972159e-03
1.187943857372644185e+00 2.948908723077768319e-03
1.189132395399938202e+00 2.947307924763637767e-03
1.190322122559727358e+00 2.947601194237571120e-03
1.191513040041739746e+00 2.946532597088269423e-03
1.192705149036892065e+00 2.944934880927387640e-03
1.193898450737292283e+00 2.943529572932525491e-03
1.195092946336242523e+00 2.941164487636035735e-03
1.196288637028239288e+00 2.939139519275784165e-03
1.197485524008971902e+00 2.937167216334419205e-03
1.198683608475328288e+00 2.934939942153842046e-03
1.199882891625392523e+00 2.932234500638803126e-03
1.201083374658448388e+00 2.929807898635712268e-03
1.202285058774978488e+00 2.928781428503707870e-03
1.203487945176667351e+00 2.928065286550572861e-03
1.204692035066401878e+00 2.926006856885429459e-03
1.205897329648271787e+00 2.924622959701007451e-03
1.207103830127570721e+00 2.922828387915157606e-03
1.208311537710799799e+00 2.920652328867198375e-03
1.209520453605668511e+00 2.919228858595994056e-03
1.210730579021092268e+00 2.918046405801972415e-03
1.211941915167195072e+00 2.915814030079639380e-03
1.213154463255313065e+00 2.915125875553542609e-03
1.214368224497995641e+00 2.914237694697082923e-03
1.215583200109004336e+00 2.912878151061419705e-03
1.216799391303313715e+00 2.912979914871963779e-03
1.218016799297116037e+00 2.912723113077035891e-03
1.219235425307820142e+00 2.911482989694479974e-03
1.220455270554050786e+00 2.909733374916775861e-03
1.221676336255654416e+00 2.909041609626836222e-03
1.222898623633697612e+00 2.908627633420708680e-03
1.224122133910464649e+00 2.908695736910830304e-03
1.225346868309468595e+00 2.908350219274466290e-03
1.226572828055445985e+00 2.908780570235150464e-03
1.227800014374351933e+00 2.907946390000429315e-03
1.229028428493374347e+00 2.906576843439407851e-03
1.230258071640927708e+00 2.906837364241956698e-03
1.231488945046652184e+00 2.905281413955253765e-03
1.232721049941425173e+00 2.903544218791559613e-03
1.233954387557350874e+00 2.903087149643436907e-03
1.235188959127763386e+00 2.902923125647842786e-03
1.236424765887237598e+00 2.901509328196085792e-03
1.237661809071581853e+00 2.899910730704429590e-03
1.238900089917839509e+00 2.899477859463693054e-03
1.240139609664291376e+00 2.900078736349985271e-03
1.241380369550453722e+00 2.899800535590698215e-03
1.242622370817087374e+00 2.898366308567388965e-03
1.243865614706197942e+00 2.897856088173528678e-03
1.245110102461026935e+00 2.898001061025169169e-03
1.246355835326061534e+00 2.896997043903314258e-03
1.247602814547033478e+00 2.896578781714261377e-03
1.248851041370924841e+00 2.895824534842137560e-03
1.250100517045962700e+00 2.895402816609407310e-03
1.251351242821620691e+00 2.895557850359265200e-03
1.252603219948625890e+00 2.894337215951101484e-03
1.253856449678957707e+00 2.894488073625980928e-03
1.255110933265842998e+00 2.894451977380772811e-03
1.256366671963763171e+00 2.893892987476334114e-03
1.257623667028460623e+00 2.893067925418627614e-03
1.258881919716930087e+00 2.890971317345765977e-03
1.260141431287421954e+00 2.889969110334972974e-03
1.261402202999453381e+00 2.889377795820508282e-03
1.262664236113794747e+00 2.888197271860894373e-03
1.263927531892475642e+00 2.887315561354571441e-03
1.265192091598793755e+00 2.886700705545979136e-03
1.266457916497307101e+00 2.886853139152710176e-03
1.267725007853840458e+00 2.886230983718634808e-03
1.268993366935489364e+00 2.885270129810433778e-03
1.270262995010613016e+00 2.885078729159717970e-03
1.271533893348834932e+00 2.885588550618777698e-03
1.272806063221056050e+00 2.885219219507613106e-03
1.274079505899448517e+00 2.885138644815567026e-03
1.275354222657453018e+00 2.885561817762536535e-03
1.276630214769785443e+00 2.887116365289812622e-03
1.277907483512440212e+00 2.887582707539858816e-03
1.279186030162684506e+00 2.888813510373735086e-03
1.280465855999067148e+00 2.889812986822420070e-03
1.281746962301411275e+00 2.890531241988617949e-03
1.283029350350822995e+00 2.892505360158650809e-03
1.284313021429691171e+00 2.894253412047637607e-03
1.285597976821686306e+00 2.895098102850757020e-03
1.286884217811765874e+00 2.896307236178704940e-03
1.288171745686169212e+00 2.898927128165299481e-03
1.289460561732425514e+00 2.900748970707702021e-03
1.290750667239352723e+00 2.901970769334119658e-03
1.292042063497055082e+00 2.903665688883902765e-03
1.293334751796928028e+00 2.904157972372163783e-03
1.294628733431660184e+00 2.905348609804190522e-03
1.295924009695232693e+00 2.905227490483490438e-03
1.297220581882923440e+00 2.906354453382538859e-03
1.298518451291303943e+00 2.907127590198674456e-03
1.299817619218243570e+00 2.908647733471879035e-03
1.301118086962911757e+00 2.910134635999470087e-03
1.302419855825775574e+00 2.911178002666498475e-03
1.303722927108603713e+00 2.910647984662676629e-03
1.305027302114467824e+00 2.911404413185650873e-03
1.306332982147742738e+00 2.913104148181715723e-03
1.307639968514106243e+00 2.914539585598898645e-03
1.308948262520545081e+00 2.914638633411141024e-03
1.310257865475357386e+00 2.914223419510060878e-03
1.311568778688145365e+00 2.917296269967937974e-03
1.312881003469822394e+00 2.920386298219400639e-03
1.314194541132613248e+00 2.920826003957062607e-03
1.315509392990052095e+00 2.919747024706452476e-03
1.316825560356992275e+00 2.922692376548457517e-03
1.318143044549605181e+00 2.922570145011826534e-03
1.319461846885372491e+00 2.922082005634801978e-03
1.320781968683094609e+00 2.925590928173601394e-03
1.322103411262894657e+00 2.923818968841480903e-03
1.323426175946215588e+00 2.924041073379414577e-03
1.324750264055823967e+00 2.923405503186466466e-03
1.326075676915806634e+00 2.923068346014578989e-03
1.327402415851577810e+00 2.929735849318093437e-03
1.328730482189877105e+00 2.937008217126947131e-03
1.330059877258766621e+00 2.939774002475466913e-03
1.331390602387644506e+00 2.951137897031811189e-03
1.332722658907238511e+00 2.947019645600775471e-03
1.334056048149601548e+00 2.941217876179420994e-03
1.335390771448121905e+00 2.939054286508530414e-03
1.336726830137523470e+00 2.939044093423315990e-03
1.338064225553867281e+00 2.937641580028019055e-03
1.339402959034549756e+00 2.939469745593608230e-03
1.340743031918303130e+00 2.941059541054393770e-03
1.342084445545197235e+00 2.942501066474510936e-03
1.343427201256649495e+00 2.942170778335127281e-03
1.344771300395417146e+00 2.943539603366678459e-03
1.346116744305594359e+00 2.945284630289690501e-03
1.347463534332628665e+00 2.945818906736900195e-03
1.348811671823311853e+00 2.946548713626086398e-03
1.350161158125778860e+00 2.947836380046857385e-03
1.351511994589517540e+00 2.949128605746429658e-03
1.352864182565362894e+00 2.949414886668215875e-03
1.354217723405502616e+00 2.948166692957746200e-03
1.355572618463477541e+00 2.948863634479871338e-03
1.356928869094182311e+00 2.952161974819813000e-03
1.358286476653869368e+00 2.958727970109837485e-03
1.359645442500145185e+00 2.960825090215596540e-03
1.361005767991978699e+00 2.958815843152106349e-03
1.362367454489693541e+00 2.957105613651219052e-03
1.363730503354976253e+00 2.951690587245811744e-03
1.365094915950876286e+00 2.947130786197773612e-03
1.366460693641805557e+00 2.948540172511130309e-03
1.367827837793544221e+00 2.948998566431756084e-03
1.369196349773232901e+00 2.949510495482842928e-03
1.370566230949384456e+00 2.954195661483222969e-03
1.371937482691882648e+00 2.957271916102964353e-03
1.373310106371978812e+00 2.959207817517310515e-03
1.374684103362296073e+00 2.958954663838785776e-03
1.376059475036832236e+00 2.959126306099282497e-03
1.377436222770957119e+00 2.960128312059989199e-03
1.378814347941416329e+00 2.961844772499517414e-03
1.380193851926337034e+00 2.962081918000569747e-03
1.381574736105227075e+00 2.962209809828188819e-03
1.382957001858968082e+00 2.961511808758970389e-03
1.384340650569826359e+00 2.962453130555617840e-03
1.385725683621453097e+00 2.962681020927723959e-03
1.387112102398877056e+00 2.961791921826327587e-03
1.388499908288514106e+00 2.959436857956403589e-03
1.389889102678176336e+00 2.959620509817596605e-03
1.391279686957059170e+00 2.959712535795277696e-03
1.392671662515744480e+00 2.961209936262669193e-03
1.394065030746209910e+00 2.962599113838513924e-03
1.395459793041823549e+00 2.963084005436472830e-03
1.396855950797346368e+00 2.963729797378961920e-03
1.398253505408935560e+00 2.965212615353967924e-03
1.399652458274146971e+00 2.962547384082555094e-03
1.401052810791931336e+00 2.962358084325549586e-03
1.402454564362640488e+00 2.959809072076143976e-03
1.403857720388033359e+00 2.959153948127687863e-03
1.405262280271267539e+00 2.958005137420678232e-03
1.406668245416895724e+00 2.958227437896937366e-03
1.408075617230885701e+00 2.957748238424415255e-03
1.409484397120611021e+00 2.956523695123461359e-03
1.410894586494849667e+00 2.954167659999578158e-03
1.412306186763792493e+00 2.953288495776727057e-03
1.413719199339038557e+00 2.953236044081536740e-03
1.415133625633601788e+00 2.952861084815505514e-03
1.416549467061908762e+00 2.953400474775457786e-03
1.417966725039802256e+00 2.953945809560536151e-03
1.419385400984539025e+00 2.952864847238497598e-03
1.420805496314794913e+00 2.953455832510083669e-03
1.422227012450665296e+00 2.952691367085021577e-03
1.423649950813663079e+00 2.951766601562109786e-03
1.425074312826731360e+00 2.949886364181293283e-03
1.426500099914232100e+00 2.948809105478244347e-03
1.427927313501950124e+00 2.949048164024516312e-03
1.429355955017101332e+00 2.947513173170665871e-03
1.430786025888328483e+00 2.948967964203345025e-03
1.432217527545700975e+00 2.946729145457896090e-03
1.433650461420720168e+00 2.944256700179653102e-03
1.435084828946318947e+00 2.942851933264812887e-03
1.436520631556862826e+00 2.942476343471288162e-03
1.437957870688159057e+00 2.943202444900940972e-03
1.439396547777445301e+00 2.944892288464936135e-03
1.440836664263399847e+00 2.944481759976302904e-03
1.442278221586138942e+00 2.942839613622707812e-03
1.443721221187219905e+00 2.940088502038499738e-03
1.445165664509644454e+00 2.938980076016524130e-03
1.446611552997854488e+00 2.939763762267903497e-03
1.448058888097737640e+00 2.937459873379079031e-03
1.449507671256628161e+00 2.936790064904489222e-03
1.450957903923310921e+00 2.936529925894117675e-03
1.452409587548018299e+00 2.936246439358556910e-03
1.453862723582431071e+00 2.935708152650243555e-03
1.455317313479687957e+00 2.934391418404814003e-03
1.456773358694377629e+00 2.932738407530137946e-03
1.458230860682547148e+00 2.931284919866455722e-03
1.459689820901702628e+00 2.929895688723817629e-03
1.461150240810803247e+00 2.929921212094875778e-03
1.462612121870266346e+00 2.928182638118668676e-03
1.464075465541970544e+00 2.929042915581960699e-03
1.465540273289261508e+00 2.928827764229081226e-03
1.467006546576947734e+00 2.926553607109472644e-03
1.468474286871301882e+00 2.925242201454906783e-03
1.469943495640066322e+00 2.923504116519027446e-03
1.471414174352450921e+00 2.925130698571614795e-03
1.472886324479134590e+00 2.927286709893155842e-03
1.474359947492264622e+00 2.925696843369286933e-03
1.475835044865461132e+00 2.922576929427087890e-03
1.477311618073823940e+00 2.919405936601665932e-03
1.478789668593927464e+00 2.918654909100806046e-03
1.480269197903824496e+00 2.917944819812717284e-03
1.481750207483043980e+00 2.916903451539397223e-03
1.483232698812595229e+00 2.917269195074883442e-03
1.484716673374970375e+00 2.915991396961311200e-03
1.486202132654143915e+00 2.913636995941342248e-03
1.487689078135571830e+00 2.912785069264522270e-03
1.489177511306200907e+00 2.912888687031843938e-03
1.490667433654462082e+00 2.912249742117654222e-03
1.492158846670277539e+00 2.914259327960915143e-03
1.493651751845064934e+00 2.912163516948863221e-03
1.495146150671732066e+00 2.910766393656205250e-03
1.496642044644675762e+00 2.909458034793284322e-03
1.498139435259789654e+00 2.908198880954258186e-03
1.499638324014464175e+00 2.909222837182267457e-03
1.501138712407587894e+00 2.910874576529448240e-03
1.502640601939549292e+00 2.910738700840059985e-03
1.504143994112236538e+00 2.909171678871885248e-03
1.505648890429041931e+00 2.908990095418432023e-03
1.507155292394863233e+00 2.907509867196865928e-03
1.508663201516102337e+00 2.905939310304143236e-03
1.510172619300667263e+00 2.903986667493422841e-03
1.511683547257977489e+00 2.903625396100794481e-03
1.513195986898960399e+00 2.903170230407114451e-03
1.514709939736056388e+00 2.901970976219175186e-03
1.516225407283221971e+00 2.900931128620636099e-03
1.517742391055919793e+00 2.900349403869142105e-03
1.519260892571135058e+00 2.900938509649078623e-03
1.520780913347369978e+00 2.899649819712280495e-03
1.522302454904641111e+00 2.899367623881519279e-03
1.523825518764496234e+00 2.900577887369267579e-03
1.525350106449998355e+00 2.901634668306608995e-03
1.526876219485730601e+00 2.901437942993419662e-03
1.528403859397809539e+00 2.900881832427947005e-03
1.529933027713875626e+00 2.901802323565097659e-03
1.531463725963096323e+00 2.902059541921639743e-03
1.532995955676171640e+00 2.902854611164608356e-03
1.534529718385328367e+00 2.902651305081540341e-03
1.536065015624331398e+00 2.901472618127585567e-03
1.537601848928477732e+00 2.900557377845806081e-03
1.539140219834601586e+00 2.900688061655508181e-03
1.540680129881076166e+00 2.900638463470943569e-03
1.542221580607809006e+00 2.898113528690164035e-03
1.543764573556249298e+00 2.896243111751626350e-03
1.545309110269391661e+00 2.896923678388028511e-03
1.546855192291775483e+00 2.898280970459867455e-03
1.548402821169480026e+00 2.896163065942674707e-03
1.549951998450135093e+00 2.894592149388411015e-03
1.551502725682915251e+00 2.900998465597285671e-03
1.553055004418552043e+00 2.905050805057990924e-03
1.554608836209321776e+00 2.904889533003113776e-03
1.556164222609055736e+00 2.905051220395541735e-03
1.557721165173142852e+00 2.902735487842474787e-03
1.559279665458526809e+00 2.904944624068130088e-03
1.560839725023707159e+00 2.906892150806145679e-03
1.562401345428738431e+00 2.906275196121634822e-03
1.563964528235243456e+00 2.906240191496278075e-03
1.565529275006407373e+00 2.905610310614164041e-03
1.567095587306978954e+00 2.909331764233919447e-03
1.568663466703268616e+00 2.911922775910472105e-03
1.570232914763154186e+00 2.913290396378909533e-03
1.571803933056086233e+00 2.912728681110453906e-03
1.573376523153083406e+00 2.910653074797827245e-03
1.574950686626736207e+00 2.908732599089678718e-03
1.576526425051205660e+00 2.908739638955964990e-03
1.578103740002232414e+00 2.909438768285415623e-03
1.579682633057129193e+00 2.908802954560031108e-03
1.581263105794789903e+00 2.908320734737935252e-03
1.582845159795690959e+00 2.905140392846847566e-03
1.584428796641883297e+00 2.902246816838757910e-03
1.586014017917000585e+00 2.900942521587144673e-03
1.587600825206265887e+00 2.898988681259849227e-03
1.589189220096486999e+00 2.898751048021568251e-03
1.590779204176061778e+00 2.899389407622235057e-03
1.592370779034972816e+00 2.899336700727794119e-03
1.593963946264796538e+00 2.899976543043352763e-03
1.595558707458699654e+00 2.902366411989280338e-03
1.597155064211443820e+00 2.907189082732359285e-03
1.598753018119386970e+00 2.910620932514705692e-03
1.600352570780481987e+00 2.914236664374632302e-03
1.601953723794279805e+00 2.915470569942976362e-03
1.603556478761936521e+00 2.918470022987762567e-03
1.605160837286207842e+00 2.919636151168316339e-03
1.606766800971446418e+00 2.923573044685667116e-03
1.608374371423619609e+00 2.925791729480087949e-03
1.609983550250299711e+00 2.928636110315617404e-03
1.611594339060662628e+00 2.931984088343306087e-03
1.613206739465496975e+00 2.933357786579052044e-03
1.614820753077206072e+00 2.937613208158763606e-03
1.616436381509801290e+00 2.936354350587287027e-03
1.618053626378912035e+00 2.940286181258277773e-03
1.619672489301787088e+00 2.943886441455375019e-03
1.621292971897287050e+00 2.945359680051098158e-03
1.622915075785891670e+00 2.946076644854306401e-03
1.624538802589707176e+00 2.944102258764433582e-03
1.626164153932458944e+00 2.949217743792694607e-03
1.627791131439499495e+00 2.952051673538873787e-03
1.629419736737808710e+00 2.948097752651997801e-03
1.631049971455992953e+00 2.950545270072510960e-03
1.632681837224285060e+00 2.952176432112646812e-03
1.634315335674550784e+00 2.948382241266814946e-03
1.635950468440285910e+00 2.949166411457004779e-03
1.637587237156621134e+00 2.946718962469403735e-03
1.639225643460328952e+00 2.945930718613398204e-03
1.640865688989819882e+00 2.947730260598253448e-03
1.642507375385137580e+00 2.946765559758184744e-03
1.644150704287967502e+00 2.947869170495520576e-03
1.645795677341638452e+00 2.950911234873743356e-03
1.647442296191123257e+00 2.954013036679960843e-03
1.649090562483041200e+00 2.956569068577310534e-03
1.650740477865659139e+00 2.951785778537531057e-03
1.652392043988892389e+00 2.945178140943143126e-03
1.654045262504306946e+00 2.946363113659072192e-03
1.655700135065121037e+00 2.956618650411450659e-03
1.657356663326206681e+00 2.956092375478487286e-03
1.659014848944093901e+00 2.951061694799170070e-03
1.660674693576969618e+00 2.946000644295477047e-03
1.662336198884679206e+00 2.944851795852532379e-03
1.663999366528727597e+00 2.946532233526602540e-03
1.665664198172280175e+00 2.959186915526467940e-03
1.667330695480168323e+00 2.967622240498286705e-03
1.668998860118890315e+00 2.970682929678112802e-03
1.670668693756610423e+00 2.962992651823087922e-03
1.672340198063163363e+00 2.962141029352024883e-03
1.674013374710054736e+00 2.959494474730870080e-03
1.675688225370461693e+00 2.954872130132749942e-03
1.677364751719235381e+00 2.954800681804465798e-03
1.679042955432901163e+00 2.953021651966526891e-03
1.680722838189662172e+00 2.955194523386034996e-03
1.682404401669400640e+00 2.952649617999058944e-03
1.684087647553678346e+00 2.954255124586499352e-03
1.685772577525743277e+00 2.954243257990750784e-03
1.687459193270526736e+00 2.954910650623003652e-03
1.689147496474642685e+00 2.955913580883822063e-03
1.690837488826394841e+00 2.958081942144793162e-03
1.692529172015778904e+00 2.960916462910150385e-03
1.694222547734476558e+00 2.963767917942304597e-03
1.695917617675862132e+00 2.963805598492573988e-03
1.697614383535007043e+00 2.966178284168652021e-03
1.699312847008676020e+00 2.968290114621578886e-03
1.701013009795334652e+00 2.969533268929147075e-03
1.702714873595143619e+00 2.969075707545528083e-03
1.704418440109970900e+00 2.966208985495959703e-03
1.706123711043382896e+00 2.964525199904748110e-03
1.707830688100642424e+00 2.963432965287476038e-03
1.709539372988733374e+00 2.962607690766287834e-03
1.711249767416338718e+00 2.968223747590927400e-03
1.712961873093852061e+00 2.969509033621451060e-03
1.714675691733381635e+00 2.966874956595287778e-03
1.716391225048744973e+00 2.958427109979100932e-03
1.718108474755477122e+00 2.956339787665452495e-03
1.719827442570826870e+00 2.954370216575543523e-03
1.721548130213762073e+00 2.955363797753397109e-03
1.723270539404973212e+00 2.957375488566209992e-03
1.724994671866867391e+00 2.958807003204000363e-03
1.726720529323575670e+00 2.963352411807894903e-03
1.728448113500954619e+00 2.967176785932710160e-03
1.730177426126591422e+00 2.966531588581131432e-03
1.731908468929799882e+00 2.965391824601338981e-03
1.733641243641623975e+00 2.965655922964688385e-03
1.735375751994837401e+00 2.964232542124518692e-03
1.737111995723943592e+00 2.962492366385708828e-03
1.738849976565191469e+00 2.962012051872356215e-03
1.740589696256562569e+00 2.960050355444476464e-03
1.742331156537773262e+00 2.957989651145791644e-03
1.744074359150284748e+00 2.956770452365580816e-03
1.745819305837302604e+00 2.955047593086851908e-03
1.747565998343771909e+00 2.956065074472474102e-03
1.749314438416384787e+00 2.956180271928626410e-03
1.751064627803578855e+00 2.955006058624281250e-03
1.752816568255545659e+00 2.955355291227371867e-03
1.754570261524226682e+00 2.957254917354786190e-03
1.756325709363313337e+00 2.956490498802639803e-03
1.758082913528259406e+00 2.957405136850966947e-03
1.759841875776264164e+00 2.957415425775083290e-03
1.761602597866290143e+00 2.956603312644102369e-03
1.763365081559061576e+00 2.957834375755159090e-03
1.765129328617062621e+00 2.957678120933329366e-03
1.766895340804538028e+00 2.956589810069789812e-03
1.768663119887500246e+00 2.956569509040138204e-03
1.770432667633730528e+00 2.960120642579265951e-03
1.772203985812774718e+00 2.962434325592156435e-03
1.773977076195953018e+00 2.963212661141682424e-03
1.775751940556356212e+00 2.957289607944265340e-03
1.777528580668849223e+00 2.951603880924502307e-03
1.779306998310069110e+00 2.946604044231864068e-03
1.781087195258436395e+00 2.946831212336629632e-03
1.782869173294147958e+00 2.950009646791647983e-03
1.784652934199179475e+00 2.954534530010547583e-03
1.786438479757295417e+00 2.956475392618737076e-03
1.788225811754038830e+00 2.958891634677675818e-03
1.790014931976740220e+00 2.963163325781665962e-03
1.791805842214524880e+00 2.964038519922571578e-03
1.793598544258301342e+00 2.962349181127300196e-03
1.795393039900771148e+00 2.958869524399312424e-03
1.797189330936433072e+00 2.955739773210055207e-03
1.798987419161574230e+00 2.952124858807191575e-03
1.800787306374282082e+00 2.951183749199688851e-03
1.802588994374447084e+00 2.950258229491351143e-03
1.804392484963757148e+00 2.950002347036405435e-03
1.806197779945701409e+00 2.947993344001605294e-03
1.808004881125578445e+00 2.945855245778527132e-03
1.809813790310486503e+00 2.944564832896435190e-03
1.811624509309332831e+00 2.946260595608452340e-03
1.813437039932837891e+00 2.946076914562792415e-03
1.815251383993535805e+00 2.946253113704206880e-03
1.817067543305768362e+00 2.945144055476367657e-03
1.818885519685696339e+00 2.947590248487281898e-03
1.820705314951296394e+00 2.945852251688622740e-03
1.822526930922362842e+00 2.944411283332355050e-03
1.824350369420509876e+00 2.944612348255584190e-03
1.826175632269178672e+00 2.944624881699559570e-03
1.828002721293634281e+00 2.944924181014548642e-03
1.829831638320961185e+00 2.942630903596921144e-03
1.831662385180077957e+00 2.943885288691858865e-03
1.833494963701736369e+00 2.946187033196776342e-03
1.835329375718512734e+00 2.947226714222983546e-03
1.837165623064816344e+00 2.946273232577244043e-03
1.839003707576895463e+00 2.947066675809477745e-03
1.840843631092833554e+00 2.943073096509029977e-03
1.842685395452556607e+00 2.942630960687667337e-03
1.844529002497830250e+00 2.939770751191834400e-03
1.846374454072257976e+00 2.940799701199529013e-03
1.848221752021293796e+00 2.941782955645007129e-03
1.850070898192236912e+00 2.942674113201387658e-03
1.851921894434231275e+00 2.938914733436664636e-03
1.853774742598273795e+00 2.938418023479086663e-03
1.855629444537212569e+00 2.937522293719656806e-03
1.857486002105753542e+00 2.937164074461398339e-03
1.859344417160451179e+00 2.936411623742745270e-03
1.861204691559718905e+00 2.933430315412662460e-03
1.863066827163835537e+00 2.932775049969743933e-03
1.864930825834933525e+00 2.933300042192645875e-03
1.866796689437008716e+00 2.931740036436335239e-03
1.868664419835927903e+00 2.929798196539726285e-03
1.870534018899425055e+00 2.929286616820164953e-03
1.872405488497095316e+00 2.929444057999347310e-03
1.874278830500408777e+00 2.927926610287633763e-03
1.876154046782708917e+00 2.927788482549291069e-03
1.878031139219214163e+00 2.926791587834557708e-03
1.879910109687015440e+00 2.925258457811262883e-03
1.881790960065083063e+00 2.926889726499670111e-03
1.883673692234267838e+00 2.925718203485086315e-03
1.885558308077303735e+00 2.924410241531616005e-03
1.887444809478806107e+00 2.923051814829302417e-03
1.889333198325271468e+00 2.922924158473819492e-03
1.891223476505090817e+00 2.923249131965640832e-03
1.893115645908544309e+00 2.920282435651573149e-03
1.895009708427802808e+00 2.919805634351586160e-03
1.896905665956926557e+00 2.920718232301432096e-03
1.898803520391874500e+00 2.919885240449119918e-03
1.900703273630501844e+00 2.919417102541236892e-03
1.902604927572561166e+00 2.919079254303809552e-03
1.904508484119706857e+00 2.920088758676858687e-03
1.906413945175493785e+00 2.919118938448109213e-03
1.908321312645386625e+00 2.917297043824705702e-03
1.910230588436751864e+00 2.918247467275125392e-03
1.912141774458864463e+00 2.920138068187176899e-03
1.914054872622910297e+00 2.916465468985944293e-03
1.915969884841984605e+00 2.915812775950223611e-03
1.917886813031101978e+00 2.915820532346486728e-03
1.919805659107191032e+00 2.919366369376859022e-03
1.921726424989099069e+00 2.921221451848532435e-03
1.923649112597595190e+00 2.919783577831978026e-03
1.925573723855365182e+00 2.916687459556593573e-03
1.927500260687016409e+00 2.914350074640022041e-03
1.929428725019089796e+00 2.914098545429532217e-03
1.931359118780051842e+00 2.916578414254522578e-03
1.933291443900291728e+00 2.917532068959290993e-03
1.935225702312133089e+00 2.915959092363408674e-03
1.937161895949837120e+00 2.917703969422656522e-03
1.939100026749601025e+00 2.920498362489552802e-03
1.941040096649554014e+00 2.921043083992466531e-03
1.942982107589765972e+00 2.923298518176615287e-03
1.944926061512247673e+00 2.925241387206326763e-03
1.946871960360953446e+00 2.927571842342709379e-03
1.948819806081781847e+00 2.928650335050136597e-03
1.950769600622574540e+00 2.927719576839508953e-03
1.952721345933129404e+00 2.929580041412027658e-03
1.954675043965192760e+00 2.928610311404743032e-03
1.956630696672465364e+00 2.928302164078913465e-03
1.958588306010599522e+00 2.926371769166978467e-03
1.960547873937202201e+00 2.923180634724814424e-03
1.962509402411841242e+00 2.923981518987832720e-03
1.964472893396044695e+00 2.923926237656131188e-03
1.966438348853305484e+00 2.923150807930478823e-03
1.968405770749081407e+00 2.921753458384504423e-03
1.970375161050789359e+00 2.920551713880194938e-03
1.972346521727821544e+00 2.917493613425254338e-03
1.974319854751539927e+00 2.914417204494142849e-03
1.976295162095277336e+00 2.912645565267301014e-03
1.978272445734343465e+00 2.910703012236929947e-03
1.980251707646021986e+00 2.909147316272766605e-03
1.982232949809572320e+00 2.907729667196843303e-03
1.984216174206235195e+00 2.907079039726616007e-03
1.986201382819236860e+00 2.905504557568488501e-03
1.988188577633788201e+00 2.905519040086272046e-03
1.990177760637084958e+00 2.906110809995868065e-03
1.992168933818306620e+00 2.905636331630667007e-03
1.994162099168625746e+00 2.910244841488210908e-03
1.996157258681210633e+00 2.916835787593572392e-03
1.998154414351219765e+00 2.924045620518737638e-03
2.000153568175812691e+00 2.927912553018364138e-03
2.002154722154140476e+00 2.929781369342973098e-03
2.004157878287355921e+00 2.930898458347672673e-03
2.006163038578616220e+00 2.930616888584897974e-03
2.008170205033081412e+00 2.929653238035701771e-03
2.010179379657917487e+00 2.930268947284352284e-03
2.012190564462303932e+00 2.932211534915721632e-03
2.014203761457421749e+00 2.933914132714705685e-03
2.016218972656465880e+00 2.932743115148263996e-03
2.018236200074653208e+00 2.932659750003678741e-03
2.020255445729208343e+00 2.931537062812813663e-03
2.022276711639375613e+00 2.930533854130522742e-03
2.024299999826424390e+00 2.928140350847295743e-03
2.026325312313641991e+00 2.927178868254052754e-03
2.028352651126337669e+00 2.925454836390212372e-03
2.030382018291853274e+00 2.924297517982524675e-03
2.032413415839559701e+00 2.921527022873643235e-03
2.034446845800850667e+00 2.919722760308417816e-03
2.036482310209152935e+00 2.917002156639182664e-03
2.038519811099934298e+00 2.914974780906603134e-03
2.040559350510698700e+00 2.913698094263862497e-03
2.042600930480983124e+00 2.913296318559431552e-03
2.044644553052371361e+00 2.913977907335311805e-03
2.046690220268486460e+00 2.914736408484470444e-03
2.048737934174990283e+00 2.915764294359185840e-03
2.050787696819598604e+00 2.916855391916090175e-03
2.052839510252076671e+00 2.918408858922662535e-03
2.054893376524232984e+00 2.917515499303669456e-03
2.056949297689938838e+00 2.916480941368169121e-03
2.059007275805113224e+00 2.915062897966262494e-03
2.061067312927732598e+00 2.913083529245371391e-03
2.063129411117835765e+00 2.916714911957698532e-03
2.065193572437520775e+00 2.919392893116887992e-03
2.067259798950950689e+00 2.919873504920061404e-03
2.069328092724351809e+00 2.920959279423972123e-03
2.071398455826018559e+00 2.920958779839245237e-03
2.073470890326312155e+00 2.921230112998436483e-03
2.075545398297670818e+00 2.919517972467380006e-03
2.077621981814598229e+00 2.920254944235596995e-03
2.079700642953679068e+00 2.918805611484488922e-03
2.081781383793575468e+00 2.919166959490806634e-03
2.083864206415028342e+00 2.920143122319199952e-03
2.085949112900863156e+00 2.919772955650390585e-03
2.088036105335985937e+00 2.919314314651870641e-03
2.090125185807389485e+00 2.920100079169720385e-03
2.092216356404151156e+00 2.920419253767613313e-03
2.094309619217441298e+00 2.920096820190155873e-03
2.096404976340524140e+00 2.920514010344362876e-03
2.098502429868758679e+00 2.920343502705388325e-03
2.100601981899600457e+00 2.919736279333682086e-03
2.102703634532599342e+00 2.919568732625118547e-03
2.104807389869406631e+00 2.920717506876172737e-03
2.106913250013779493e+00 2.921275292002435773e-03
2.109021217071576970e+00 2.921216935586492744e-03
2.111131293150767529e+00 2.922865712929348554e-03
2.113243480361425952e+00 2.923323146163342955e-03
2.115357780815740441e+00 2.922043582331099610e-03
2.117474196628013505e+00 2.924286824293343551e-03
2.119592729914662410e+00 2.925223970318298165e-03
2.121713382794218727e+00 2.923362214303558936e-03
2.123836157387335444e+00 2.926863645121958925e-03
2.125961055816782963e+00 2.926664951356762294e-03
2.128088080207463761e+00 2.931447072202469917e-03
2.130217232686400397e+00 2.929475527277797774e-03
2.132348515382747944e+00 2.930066062622706333e-03
2.134481930427789997e+00 2.929185320456257399e-03
2.136617479954937782e+00 2.931577882981950024e-03
2.138755166099743921e+00 2.930596748374228195e-03
2.140894990999892666e+00 2.931295906959915584e-03
2.143036956795210557e+00 2.937056537771521279e-03
2.145181065627663308e+00 2.935334645880330502e-03
2.147327319641362031e+00 2.934927849149897468e-03
2.149475720982560567e+00 2.937053706785827147e-03
2.151626271799656820e+00 2.939243111611660256e-03
2.153778974243205191e+00 2.937510835060315115e-03
2.155933830465906809e+00 2.941338973338500449e-03
2.158090842622617522e+00 2.942636931810591570e-03
2.160250012870349678e+00 2.945988294797911855e-03
2.162411343368275229e+00 2.945906111819644995e-03
2.164574836277725733e+00 2.945303291799327566e-03
2.166740493762190578e+00 2.949564892447848266e-03
2.168908317987328083e+00 2.947702644246816446e-03
2.171078311120967275e+00 2.946868880141572528e-03
2.173250475333098564e+00 2.946597004764729862e-03
2.175424812795882623e+00 2.944214076300580123e-03
2.177601325683664601e+00 2.944914707446129754e-03
2.179780016172958135e+00 2.943366827692444308e-03
2.181960886442447567e+00 2.941960502236993721e-03
2.184143938673002605e+00 2.945907741799439362e-03
2.186329175047673878e+00 2.946212187409998681e-03
2.188516597751704484e+00 2.946844155262924158e-03
2.190706208972517111e+00 2.949523282341392355e-03
2.192898010899720695e+00 2.955991310091726429e-03
2.195092005725113538e+00 2.961460120138977720e-03
2.197288195642695285e+00 2.971198293139980587e-03
2.199486582848655836e+00 2.979916514818714557e-03
2.201687169541381994e+00 2.983137543547251767e-03
2.203889957921462806e+00 2.979353776178670938e-03
2.206094950191685111e+00 2.977940496576104989e-03
2.208302148557042432e+00 2.970237435800773644e-03
2.210511555224734526e+00 2.965040484286570431e-03
2.212723172404166938e+00 2.963885953690571264e-03
2.214937002306953673e+00 2.958619103832149481e-03
2.217153047146927847e+00 2.960736525824078993e-03
2.219371309140135029e+00 2.958141918823816580e-03
2.221591790504835906e+00 2.962368097033771588e-03
2.223814493461512498e+00 2.962225843494524849e-03
2.226039420232865051e+00 2.965060242970472999e-03
2.228266573043822252e+00 2.966620410134830285e-03
2.230495954121538116e+00 2.965985048831389428e-03
2.232727565695393768e+00 2.968389232929211606e-03
2.234961409997000992e+00 2.970050481635221409e-03
2.237197489260204897e+00 2.973692247675089641e-03
2.239435805721083028e+00 2.973822571794704564e-03
2.241676361617952473e+00 2.976442033213460778e-03
2.243919159191369861e+00 2.976721121720508553e-03
2.246164200684134915e+00 2.982075414359852683e-03
2.248411488341286901e+00 2.979738736293467607e-03
2.250661024410114397e+00 2.980593250131644695e-03
2.252912811140153959e+00 2.981207526230039186e-03
2.255166850783189680e+00 2.981696828296945614e-03
2.257423145593265623e+00 2.980487530703920460e-03
2.259681697826675162e+00 2.978731105181251382e-03
2.261942509741970753e+00 2.979987989233878753e-03
2.264205583599968374e+00 2.979836606353016004e-03
2.266470921663737315e+00 2.978582246186239815e-03
2.268738526198614380e+00 2.980250828659083886e-03
2.271008399472205674e+00 2.977451125032700222e-03
2.273280543754384819e+00 2.978729461236551829e-03
2.275554961317296954e+00 2.978594505208078270e-03
2.277831654435360065e+00 2.978998657219373604e-03
2.280110625385271206e+00 2.978011038833339348e-03
2.282391876445996282e+00 2.980489115828218773e-03
2.284675409898784704e+00 2.982291352570014611e-03
2.286961228027174720e+00 2.982143399643302425e-03
2.289249333116983198e+00 2.985958790400946011e-03
2.291539727456316289e+00 2.987856276995607980e-03
2.293832413335568976e+00 2.986911982834981882e-03
2.296127393047421972e+00 2.987709794742957059e-03
2.298424668886857702e+00 2.984481879511625621e-03
2.300724243151156312e+00 2.982156845308571100e-03
2.303026118139892109e+00 2.982113889141627724e-03
2.305330296154935787e+00 2.978356278930386312e-03
2.307636779500468638e+00 2.973468645730860220e-03
2.309945570482975441e+00 2.968729071266976074e-03
2.312256671411244913e+00 2.965514207112963322e-03
2.314570084596378141e+00 2.969653754696786017e-03
2.316885812351787255e+00 2.989848231456398563e-03
2.319203856993203861e+00 2.993039942476860733e-03
2.321524220838667496e+00 2.987469925733917449e-03
2.323846906208542507e+00 2.983782424541888550e-03
2.326171915425521153e+00 2.984336195224949681e-03
2.328499250814608956e+00 2.984358856410092471e-03
2.330828914703140686e+00 2.983210244409186928e-03
2.333160909420783025e+00 2.983134085387712658e-03
2.335495237299529681e+00 2.984879427004918581e-03
2.337831900673706720e+00 2.983459653025778355e-03
2.340170901879977006e+00 2.983857499397938283e-03
2.342512243257343751e+00 2.982886775063610212e-03
2.344855927147150965e+00 2.985907383995179722e-03
2.347201955893081671e+00 2.984965450456065691e-03
2.349550331841163242e+00 2.983801884509826828e-03
2.351901057339769618e+00 2.983253982878343764e-03
2.354254134739628412e+00 2.981360863042946743e-03
2.356609566393821797e+00 2.981309736534663683e-03
2.358967354657777626e+00 2.982169138752285495e-03
2.361327501889283642e+00 2.977258392210523595e-03
2.363690010448485701e+00 2.976763616386534153e-03
2.366054882697895767e+00 2.977183476130385552e-03
2.368422121002386582e+00 2.979253351210880106e-03
2.370791727729192999e+00 2.989363538497234307e-03
2.373163705247925304e+00 2.986465644412736493e-03
2.375538055930560777e+00 2.984059305108609228e-03
2.377914782151449469e+00 2.983225470033476490e-03
2.380293886287319527e+00 2.984350603568322255e-03
2.382675370717276309e+00 2.980904510630149641e-03
2.385059237822801048e+00 2.979514204819891463e-03
2.387445489987759739e+00 2.977429825029477648e-03
2.389834129598410239e+00 2.974906080531730408e-03
2.392225159043389393e+00 2.973200572706305184e-03
2.394618580713724132e+00 2.973790041218134401e-03
2.397014397002838582e+00 2.972243012520245972e-03
2.399412610306550508e+00 2.972715710437438819e-03
2.401813223023073984e+00 2.970728751369429519e-03
2.404216237553020274e+00 2.968566226327959585e-03
2.406621656299405387e+00 2.965937282823388060e-03
2.409029481667643413e+00 2.966836185677236212e-03
2.411439716065562955e+00 2.965858961364601677e-03
2.413852361903402688e+00 2.966311379989796260e-03
2.416267421593802922e+00 2.967893226896245375e-03
2.418684897551825586e+00 2.970548037103866792e-03
2.421104792194948896e+00 2.970685632886733291e-03
2.423527107943065584e+00 2.978917102879196678e-03
2.425951847218492219e+00 2.974485279176128198e-03
2.428379012445967433e+00 2.972312636993587175e-03
2.430808606052657250e+00 2.967759782697096740e-03
2.433240630468156418e+00 2.969459746761367834e-03
2.435675088124486631e+00 2.972003926184478041e-03
2.438111981456106747e+00 2.969007518531126093e-03
2.440551312899912340e+00 2.964783663788835878e-03
2.442993084895234812e+00 2.962328971589542510e-03
2.445437299883853832e+00 2.961116698990177987e-03
2.447883960309978679e+00 2.963818150867637835e-03
2.450333068620265564e+00 2.958553519840159685e-03
2.452784627263817629e+00 2.960442669470192585e-03
2.455238638692204489e+00 2.960738102975294175e-03
2.457695105359435583e+00 2.960964306601943010e-03
2.460154029721969948e+00 2.957173005666135102e-03
2.462615414238743750e+00 2.957603644680930656e-03
2.465079261371134756e+00 2.955814751680434661e-03
2.467545573582992535e+00 2.956229891650394466e-03
2.470014353340631796e+00 2.956935069691133885e-03
2.472485603112830166e+00 2.954634929963916024e-03
2.474959325370837071e+00 2.951382134729581014e-03
2.477435522588375516e+00 2.951942903811516881e-03
2.479914197241639418e+00 2.951692677013054676e-03
2.482395351809302930e+00 2.949523742011963059e-03
2.484878988772528885e+00 2.950104632934727467e-03
2.487365110614955910e+00 2.949833776818903269e-03
2.489853719822701983e+00 2.949818876192263593e-03
2.492344818884375535e+00 2.947416212955222478e-03
2.494838410291070119e+00 2.944915129061103157e-03
2.497334496536383064e+00 2.944423889490251252e-03
2.499833080116400819e+00 2.945771699016798244e-03
2.502334163529706945e+00 2.944015102879193792e-03
2.504837749277384784e+00 2.943573921259430397e-03
2.507343839863014345e+00 2.941249065714895278e-03
2.509852437792693625e+00 2.941509191572247786e-03
2.512363545575026169e+00 2.942854869457536306e-03
2.514877165721113972e+00 2.940758982960892283e-03
2.517393300744581008e+00 2.939777624775898306e-03
2.519911953161556806e+00 2.940643136027655015e-03
2.522433125490685768e+00 2.939455439036118764e-03
2.524956820253147161e+00 2.938031589165163941e-03
2.527483039972646228e+00 2.938279446634176929e-03
2.530011787175398652e+00 2.936770468722258061e-03
2.532543064390146537e+00 2.935918228972596994e-03
2.535076874148167292e+00 2.936087611162450928e-03
2.537613218983271413e+00 2.935976863835823483e-03
2.540152101431809584e+00 2.933732524051602120e-03
2.542693524032659802e+00 2.935412014996495889e-03
2.545237489327245139e+00 2.939188044621206166e-03
2.547783999859532411e+00 2.944094492365529388e-03
2.550333058176029954e+00 2.943361240147839356e-03
2.552884666825803173e+00 2.941249779830624501e-03
2.555438828360458547e+00 2.942115474859973746e-03
2.557995545334152077e+00 2.950293912997312834e-03
2.560554820303596824e+00 2.947603760584717632e-03
2.563116655828076684e+00 2.943658323730246641e-03
2.565681054469429956e+00 2.944630901357355238e-03
2.568248018792045784e+00 2.942872461145903604e-03
2.570817551362897468e+00 2.945691885945531194e-03
2.573389654751518485e+00 2.944562155401809437e-03
2.575964331530008256e+00 2.945807769335669329e-03
2.578541584273044585e+00 2.945997154588519181e-03
2.581121415557876553e+00 2.945551082644333463e-03
2.583703827964337840e+00 2.945311891891845470e-03
2.586288824074843617e+00 2.951192501730110634e-03
2.588876406474390546e+00 2.953994199877248150e-03
2.591466577750558553e+00 2.951838290194092745e-03
2.594059340493518384e+00 2.949176414097534442e-03
2.596654697296031600e+00 2.946201142766711502e-03
2.599252650753462568e+00 2.944769556489124172e-03
2.601853203463758923e+00 2.945918754171752453e-03
2.604456358027470220e+00 2.944636185713582141e-03
2.607062117047760808e+00 2.945417618338980366e-03
2.609670483130389851e+00 2.945920996204678954e-03
2.612281458883716656e+00 2.946719855498250787e-03
2.614895046918714883e+00 2.946447309832292243e-03
2.617511249848980981e+00 2.942257684116515379e-03
2.620130070290716873e+00 2.940094622356380274e-03
2.622751510862746382e+00 2.941825063032680113e-03
2.625375574186502803e+00 2.938712848974634091e-03
2.628002262886047546e+00 2.938399375951614850e-03
2.630631579588075031e+00 2.938267182062158367e-03
2.633263526921897135e+00 2.936753490529727360e-03
2.635898107519465849e+00 2.932556058085740002e-03
2.638535324015363503e+00 2.932419400824691057e-03
2.641175179046807653e+00 2.932405092667763127e-03
2.643817675253651078e+00 2.929388945247639493e-03
2.646462815278393332e+00 2.928280529516541844e-03
2.649110601766170969e+00 2.926354760054352723e-03
2.651761037364768647e+00 2.929408578322645514e-03
2.654414124724629342e+00 2.935020393717513443e-03
2.657069866498836586e+00 2.939315305597747265e-03
2.659728265343126452e+00 2.942253864311037814e-03
2.662389323915903550e+00 2.950382538690075711e-03
2.665053044878226807e+00 2.955509418749585181e-03
2.667719430893810806e+00 2.957617297720401342e-03
2.670388484629045323e+00 2.961436225029147676e-03
2.673060208752994438e+00 2.963203096584323196e-03
2.675734605937373445e+00 2.963711601762166088e-03
2.678411678856579048e+00 2.963342720301458556e-03
2.681091430187691138e+00 2.964065611816389320e-03
2.683773862610453698e+00 2.967550691702486310e-03
2.686458978807302778e+00 2.967119124821663689e-03
2.689146781463357616e+00 2.962652047352521724e-03
2.691837273266414865e+00 2.960454704128222259e-03
2.694530456906965021e+00 2.960294222177345565e-03
2.697226335078197312e+00 2.959934279122790855e-03
2.699924910475991258e+00 2.961227122355736090e-03
2.702626185798916225e+00 2.962373419978747008e-03
2.705330163748253192e+00 2.961338348963612338e-03
2.708036847027985861e+00 2.960666728199940270e-03
2.710746238344789560e+00 2.959322013019504219e-03
2.713458340408054781e+00 2.956525674936235151e-03
2.716173155929883176e+00 2.954988291274718293e-03
2.718890687625096891e+00 2.953679653682011151e-03
2.721610938211223907e+00 2.949862909226432569e-03
2.724333910408513137e+00 2.945138474488611952e-03
2.727059606939940650e+00 2.944506715547402960e-03
2.729788030531202114e+00 2.941656802783698850e-03
2.732519183910722571e+00 2.940142689466154063e-03
2.735253069809658211e+00 2.941009849493352903e-03
2.737989690961888822e+00 2.940105601644569383e-03
2.740729050104034226e+00 2.941000807865053537e-03
2.743471149975461376e+00 2.942842827327011787e-03
2.746215993318269266e+00 2.944220034058368969e-03
2.748963582877296030e+00 2.945265356350821977e-03
2.751713921400137153e+00 2.946190277202825371e-03
2.754467011637128149e+00 2.946652847993934746e-03
2.757222856341353445e+00 2.947198467787543776e-03
2.759981458268668142e+00 2.946639217322390147e-03
2.762742820177677583e+00 2.947089044946466212e-03
2.765506944829736025e+00 2.944356145565380032e-03
2.768273834988963955e+00 2.943348673233913207e-03
2.771043493422256532e+00 2.945771521128328664e-03
2.773815922899276032e+00 2.949724720123360171e-03
2.776591126192445191e+00 2.951286944152215624e-03
2.779369106076971185e+00 2.951728086846371057e-03
2.782149865330835858e+00 2.951646387089798193e-03
2.784933406734796613e+00 2.950954519632779070e-03
2.787719733072396178e+00 2.951968388368920483e-03
2.790508847129963499e+00 2.952730519855168226e-03
2.793300751696610629e+00 2.955464293608340860e-03
2.796095449564240720e+00 2.955329165343769521e-03
2.798892943527549360e+00 2.952749606145258290e-03
2.801693236384038332e+00 2.950807701806034029e-03
2.804496330933999637e+00 2.952381942993678818e-03
2.807302229980519481e+00 2.951883220198096500e-03
2.810110936329506703e+00 2.950266343291574854e-03
2.812922452789668348e+00 2.950313639334876687e-03
2.815736782172511887e+00 2.951387474004797846e-03
2.818553927292374528e+00 2.950330802418497673e-03
2.821373890966397902e+00 2.949283350067711390e-03
2.824196676014550711e+00 2.948569310166488690e-03
2.827022285259616297e+00 2.944630064781181451e-03
2.829850721527202406e+00 2.944122885399638560e-03
2.832681987645746524e+00 2.944108577358128288e-03
2.835516086446511874e+00 2.944755349979671401e-03
2.838353020763594525e+00 2.941912844606745306e-03
2.841192793433933605e+00 2.939267675250810310e-03
2.844035407297307749e+00 2.936968379353683753e-03
2.846880865196327104e+00 2.935140912282098967e-03
2.849729169976447540e+00 2.933425631126473053e-03
2.852580324485975538e+00 2.932384103397087886e-03
2.855434331576065077e+00 2.929443189643387690e-03
2.858291194100722521e+00 2.926528598872556435e-03
2.861150914916811061e+00 2.924963516655776797e-03
2.864013496884051602e+00 2.921151282701964138e-03
2.866878942865026314e+00 2.918327370169091200e-03
2.869747255725183521e+00 2.916428617081601952e-03
2.872618438332836366e+00 2.914359981973509064e-03
2.875492493559169027e+00 2.911853214797101817e-03
2.878369424278236277e+00 2.910139633673405370e-03
2.881249233366968809e+00 2.909016207797885615e-03
2.884131923705171907e+00 2.905353385450404509e-03
2.887017498175541874e+00 2.903382667988770992e-03
2.889905959663658042e+00 2.901674509562081686e-03
2.892797311057972998e+00 2.900765581537075033e-03
2.895691555249836124e+00 2.901279147572165089e-03
2.898588695133490045e+00 2.899001753117394845e-03
2.901488733606079062e+00 2.897634720501074228e-03
2.904391673567642052e+00 2.897707819371502305e-03
2.907297517921122676e+00 2.896391168715641614e-03
2.910206269572368054e+00 2.896661298142916632e-03
2.913117931430124763e+00 2.897784258767278041e-03
2.916032506406053049e+00 2.897071139756810052e-03
2.918949997414726827e+00 2.895517572642539086e-03
2.921870407373641676e+00 2.895551604016767706e-03
2.924793739203208620e+00 2.894617095076546832e-03
2.927719995826757238e+00 2.896887082191050740e-03
2.930649180170546320e+00 2.898009059588854686e-03
2.933581295163762093e+00 2.898216940361747138e-03
2.936516343738513779e+00 2.897085511784555471e-03
2.939454328829848251e+00 2.897808817928942005e-03
2.942395253375765130e+00 2.896628998878087065e-03
2.945339120317177706e+00 2.900211840678280657e-03
2.948285932597951575e+00 2.899807291395507455e-03
2.951235693164907747e+00 2.902397642062393840e-03
2.954188404967802217e+00 2.903757969958817558e-03
2.957144070959347282e+00 2.904747837030003527e-03
2.960102694095215980e+00 2.905178768724537598e-03
2.963064277334023888e+00 2.907210085639937332e-03
2.966028823637354872e+00 2.907991630774958702e-03
