2.607062117047760808e+00 2.945750980226771731e-03
2.609670483130389851e+00 2.945749139961309580e-03
2.612281458883716656e+00 2.946768121407908683e-03
2.614895046918714883e+00 2.947603243047035651e-03
2.617511249848980981e+00 2.941772662396761624e-03
2.620130070290716873e+00 2.938696849473797484e-03
2.622751510862746382e+00 2.943772508148137599e-03
2.625375574186502803e+00 2.937431386333648996e-03
2.628002262886047546e+00 2.938645673845430989e-03
2.630631579588075031e+00 2.938328310329382884e-03
2.633263526921897135e+00 2.937784950422684706e-03
2.635898107519465849e+00 2.931206333220302915e-03
2.638535324015363503e+00 2.932465588990268435e-03
2.641175179046807653e+00 2.933429286475887701e-03
2.643817675253651078e+00 2.928436717361292303e-03
2.646462815278393332e+00 2.929076894646400874e-03
2.649110601766170969e+00 2.924926291453732244e-03
2.651761037364768647e+00 2.929003123947163199e-03
2.654414124724629342e+00 2.935293169379639498e-03
2.657069866498836586e+00 2.940056032449291871e-03
2.659728265343126452e+00 2.940424626723459663e-03
2.662389323915903550e+00 2.951448967841514576e-03
2.665053044878226807e+00 2.956257728361994744e-03
2.667719430893810806e+00 2.956801730241023687e-03
2.670388484629045323e+00 2.962158045637895264e-03
2.673060208752994438e+00 2.963307643534976270e-03
2.675734605937373445e+00 2.963949704197564421e-03
2.678411678856579048e+00 2.963225931279510859e-03
2.681091430187691138e+00 2.963101635583572854e-03
2.683773862610453698e+00 2.968588700447718359e-03
2.686458978807302778e+00 2.968130584731592820e-03
2.689146781463357616e+00 2.961903074673863118e-03
2.691837273266414865e+00 2.960021899143494215e-03
2.694530456906965021e+00 2.960577418776250483e-03
2.697226335078197312e+00 2.959421489271417925e-03
2.699924910475991258e+00 2.961232205635174961e-03
2.702626185798916225e+00 2.963027045847803874e-03
2.705330163748253192e+00 2.961048362428165149e-03
2.708036847027985861e+00 2.960806140387632797e-03
2.710746238344789560e+00 2.959780134168127092e-03
2.713458340408054781e+00 2.956101501302133960e-03
2.716173155929883176e+00 2.954887194353649719e-03
2.718890687625096891e+00 2.954266342092510666e-03
2.721610938211223907e+00 2.950318281127701364e-03
2.724333910408513137e+00 2.943675514132162389e-03
2.727059606939940650e+00 2.945562034787972509e-03
2.729788030531202114e+00 2.941219856415349786e-03
2.732519183910722571e+00 2.939414546808253193e-03
2.735253069809658211e+00 2.941818024037235867e-03
2.737989690961888822e+00 2.939459677563154190e-03
2.740729050104034226e+00 2.940869066322030802e-03
2.743471149975461376e+00 2.942984928489085581e-03
2.746215993318269266e+00 2.944280460175330641e-03
2.748963582877296030e+00 2.945240519154305060e-03
2.751713921400137153e+00 2.946365216799937212e-03
2.754467011637128149e+00 2.946466164351505077e-03
2.757222856341353445e+00 2.947702431561013015e-03
2.759981458268668142e+00 2.945966416436127718e-03
2.762742820177677583e+00 2.948245130928247356e-03
2.765506944829736025e+00 2.943778392475628579e-03
2.768273834988963955e+00 2.942670705264618936e-03
2.771043493422256532e+00 2.945353142932895067e-03
2.773815922899276032e+00 2.950438268068648548e-03
2.776591126192445191e+00 2.951405295776957007e-03
2.779369106076971185e+00 2.951764577597939913e-03
2.782149865330835858e+00 2.951954717185566266e-03
2.784933406734796613e+00 2.950320012495442380e-03
2.787719733072396178e+00 2.952393312106101151e-03
2.790508847129963499e+00 2.951889752083834955e-03
2.793300751696610629e+00 2.956328041307632916e-03
2.796095449564240720e+00 2.955776666188121831e-03
2.798892943527549360e+00 2.952743590619284243e-03
2.801693236384038332e+00 2.949678219703876902e-03
2.804496330933999637e+00 2.953159954939292911e-03
2.807302229980519481e+00 2.952095568180726493e-03
2.810110936329506703e+00 2.949850131928719206e-03
2.812922452789668348e+00 2.949976880467513555e-03
2.815736782172511887e+00 2.952058044211457871e-03
2.818553927292374528e+00 2.950257419319736018e-03
2.821373890966397902e+00 2.948903382406970353e-03
2.824196676014550711e+00 2.949841620468904475e-03
2.827022285259616297e+00 2.943326706050479816e-03
2.829850721527202406e+00 2.944434670992253627e-03
2.832681987645746524e+00 2.943578741952451814e-03
2.835516086446511874e+00 2.945900148679674469e-03
2.838353020763594525e+00 2.941576167533756399e-03
2.841192793433933605e+00 2.939293719177291878e-03
2.844035407297307749e+00 2.936813754182642042e-03
2.846880865196327104e+00 2.935232443441514270e-03
2.849729169976447540e+00 2.933078113698263031e-03
2.852580324485975538e+00 2.932981234893433566e-03
2.855434331576065077e+00 2.929427493377193773e-03
2.858291194100722521e+00 2.925966239186727179e-03
2.861150914916811061e+00 2.925806698880500326e-03
2.864013496884051602e+00 2.920719812719250845e-03
2.866878942865026314e+00 2.918172169148675228e-03
2.869747255725183521e+00 2.916476645617564062e-03
2.872618438332836366e+00 2.914505823759031868e-03
2.875492493559169027e+00 2.911688695475090662e-03
2.878369424278236277e+00 2.909794451176334409e-03
2.881249233366968809e+00 2.909952751461777291e-03
2.884131923705171907e+00 2.904642362398661241e-03
2.887017498175541874e+00 2.903509102893916342e-03
2.889905959663658042e+00 2.901574047043080449e-03
2.892797311057972998e+00 2.900170398840828077e-03
2.895691555249836124e+00 2.902262481608889125e-03
2.898588695133490045e+00 2.898626497211977387e-03
2.901488733606079062e+00 2.897192845964454994e-03
2.904391673567642052e+00 2.898313453354614717e-03
2.907297517921122676e+00 2.895872399826012432e-03
2.910206269572368054e+00 2.896441791547081385e-03
2.913117931430124763e+00 2.898264635411307126e-03
2.916032506406053049e+00 2.897339943933449711e-03
2.918949997414726827e+00 2.894856351000398356e-03
2.921870407373641676e+00 2.896256367435128161e-03
2.924793739203208620e+00 2.893441604813616792e-03
2.927719995826757238e+00 2.897490320641028880e-03
2.930649180170546320e+00 2.897963579905286479e-03
2.933581295163762093e+00 2.898813934532337450e-03
2.936516343738513779e+00 2.896145989022065777e-03
2.939454328829848251e+00 2.899039846960853838e-03
2.942395253375765130e+00 2.894591867255442118e-03
2.945339120317177706e+00 2.902122513858078519e-03
2.948285932597951575e+00 2.898368751236515828e-03
2.951235693164907747e+00 2.903112998282545397e-03
2.954188404967802217e+00 2.903602372139047795e-03
2.957144070959347282e+00 2.905086298679101717e-03
2.960102694095215980e+00 2.904554485003988523e-03
2.963064277334023888e+00 2.907677805578714417e-03
2.966028823637354872e+00 2.908067470057727408e-03
2.968996335969758871e+00 2.912731434445877711e-03
2.971966817298742125e+00 2.909746923557971800e-03
2.974940270594788938e+00 2.909387719453363462e-03
2.977916698831349240e+00 2.909636083127463847e-03
2.980896104984855910e+00 2.910893647093758252e-03
2.983878492034720331e+00 2.909361373399966394e-03
2.986863862963325289e+00 2.911691450690519732e-03
2.989852220756043177e+00 2.910698000776335784e-03
2.992843568401232890e+00 2.917323838590027158e-03
2.995837908890238488e+00 2.908295753937313165e-03
2.998835245217397638e+00 2.915099385449604515e-03
3.001835580380053603e+00 2.911946672218694229e-03
3.004838917378537921e+00 2.914786148506913303e-03
3.007845259216185951e+00 2.916279282486317244e-03
3.010854608899347973e+00 2.914428904102917689e-03
3.013866969437368315e+00 2.913852078233709203e-03
3.016882343842609782e+00 2.917708088047346951e-03
3.019900735130450098e+00 2.916474653824228762e-03
3.022922146319276582e+00 2.917090436999449869e-03
3.025946580430499910e+00 2.919043919144328428e-03
3.028974040488557229e+00 2.922525065726024485e-03
3.032004529520905933e+00 2.918712488885858835e-03
3.035038050558033440e+00 2.918936765762556677e-03
3.038074606633463848e+00 2.915025453203186259e-03
3.041114200783760158e+00 2.920779891700087984e-03
3.044156836048510062e+00 2.919811701065607931e-03
3.047202515470345485e+00 2.921104638922204094e-03
3.050251242094951909e+00 2.919715471225218812e-03
3.053303018971052385e+00 2.922584223804982999e-03
3.056357849150425743e+00 2.918949920624826916e-03
3.059415735687904814e+00 2.923953239743138505e-03
3.062476681641373322e+00 2.923364044094249863e-03
3.065540690071779206e+00 2.926895105708464222e-03
3.068607764043131070e+00 2.923682051674140157e-03
3.071677906622510168e+00 2.925528004903892986e-03
3.074751120880046429e+00 2.923240315219405826e-03
3.077827409888952648e+00 2.934160163730220247e-03
3.080906776725528928e+00 2.922987752144357368e-03
3.083989224469140478e+00 2.929069002665883430e-03
3.087074756202229597e+00 2.936149902641378619e-03
3.090163375010333002e+00 2.933306779986640488e-03
3.093255083982067166e+00 2.944054368301913475e-03
3.096349886209143865e+00 2.928737105663977835e-03
3.099447784786369731e+00 2.930714864514247144e-03
3.102548782811636929e+00 2.950076761423967974e-03
3.105652883385942253e+00 2.933984146708854858e-03
3.108760089613389788e+00 2.950227880406977934e-03
3.111870404601187357e+00 2.940059354367633403e-03
3.114983831459647856e+00 2.946606727253984516e-03
3.118100373302199912e+00 2.954216391235977169e-03
3.121220033245382108e+00 2.948813658337714420e-03
3.124342814408852309e+00 2.961718269368438915e-03
3.127468719915406759e+00 2.952720992347247168e-03
3.130597752890940555e+00 2.958218813728085220e-03
3.133729916464485843e+00 2.961752521933969356e-03
3.136865213768206928e+00 2.953287284648816857e-03
3.140003647937403386e+00 2.968408902056143828e-03
3.143145222110507842e+00 2.960694144625016649e-03
3.146289939429094407e+00 2.962815872898132835e-03
3.149437803037887562e+00 2.973936589390615247e-03
3.152588816084748835e+00 2.958284178682841787e-03
3.155742981720690121e+00 2.965268671712132601e-03
3.158900303099878126e+00 2.978949222458643353e-03
3.162060783379626816e+00 2.963953273741143108e-03
3.165224425720416512e+00 2.967254737156188853e-03
3.168391233285897446e+00 2.978834164470348881e-03
3.171561209242876878e+00 2.970299950769697810e-03
3.174734356761327980e+00 2.978703634115925647e-03
3.177910679014400497e+00 2.979308454620610211e-03
3.181090179178413191e+00 2.967779362032025268e-03
3.184272860432869834e+00 2.979116452936036302e-03
3.187458725960456096e+00 2.978926413980976032e-03
3.190647778947032887e+00 2.973403382969899613e-03
3.193840022581655891e+00 2.981394088388603352e-03
3.197035460056568912e+00 2.977134117973263307e-03
3.200234094567206533e+00 2.975123529019434686e-03
3.203435929312204777e+00 2.983797069492305411e-03
3.206640967493395777e+00 2.980595667111439386e-03
3.209849212315824651e+00 2.973164374130578876e-03
3.213060666987737513e+00 2.987393759570270910e-03
3.216275334720582357e+00 2.980837322969337542e-03
3.219493218729033046e+00 2.974341364590119084e-03
3.222714322230971096e+00 2.982089098731017119e-03
3.225938648447496337e+00 2.980250435008656527e-03
3.229166200602938019e+00 2.978504337457234773e-03
3.232396981924845925e+00 2.987429651135254001e-03
3.235630995644008134e+00 2.975862704991820689e-03
3.238868244994442147e+00 2.982026290101877017e-03
3.242108733213385996e+00 2.984504009809548376e-03
3.245352463541328891e+00 2.980487529548078978e-03
3.248599439222002783e+00 2.981017433299293883e-03
3.251849663502385024e+00 2.981947667416590727e-03
3.255103139632704590e+00 2.983451610539045781e-03
3.258359870866438079e+00 2.980494937877621250e-03
3.261619860460310605e+00 2.976899917410262206e-03
3.264883111674313554e+00 2.973823648425871161e-03
3.268149627771706811e+00 2.970430500830074060e-03
3.271419412018998774e+00 2.975975768301642854e-03
3.274692467685970332e+00 2.974176663747502090e-03
3.277968798045684196e+00 2.967709703140100630e-03
3.281248406374467130e+00 2.967504785905095924e-03
3.284531295951929941e+00 2.971547196687890097e-03
3.287817470060963476e+00 2.968099918416283213e-03
3.291106931987736850e+00 2.967500773030100954e-03
3.294399685021715207e+00 2.969377650025610636e-03
3.297695732455656614e+00 2.966785713301733213e-03
3.300995077585607174e+00 2.964768834552538625e-03
3.304297723710912571e+00 2.969707539793762889e-03
3.307603674134214078e+00 2.970428747276381183e-03
3.310912932161460098e+00 3.006817595892356462e-03
3.314225501101917271e+00 3.003767102727855805e-03
3.317541384268155369e+00 3.008227888740300140e-03
3.320860584976052632e+00 3.012430971494163730e-03
3.324183106544806865e+00 3.022925658221856885e-03
3.327508952296944322e+00 3.019962386603657675e-03
3.330838125558313489e+00 3.016681932092302437e-03
3.334170629658084195e+00 3.009029413976025639e-03
3.337506467928762710e+00 2.999425552740290612e-03
3.340845643706188195e+00 2.994006240803993510e-03
3.344188160329534032e+00 2.991320766199307996e-03
3.347534021141318483e+00 2.983627700655572604e-03
3.350883229487406467e+00 2.980075172721002863e-03
3.354235788717002453e+00 2.980391762976316011e-03
3.357591702182663784e+00 2.982264994735054405e-03
3.360950973240304229e+00 2.973907208292458828e-03
3.364313605249203309e+00 2.977810962752948983e-03
3.367679601571998305e+00 2.978281573530240818e-03
3.371048965574667378e+00 2.978607999001901471e-03
3.374421700626573539e+00 2.974947126709526039e-03
3.377797810100465536e+00 2.974151072590494778e-03
3.381177297372453872e+00 2.980981564618184840e-03
3.384560165822020128e+00 2.979595399949159975e-03
3.387946418832029405e+00 2.974353534405282506e-03
3.391336059788734314e+00 2.982505401406317352e-03
3.394729092081783861e+00 2.977864257880874412e-03
3.398125519104210568e+00 2.973308794868248939e-03
3.401525344252443794e+00 2.974884502909455088e-03
3.404928570926301301e+00 2.981921258276986827e-03
3.408335202529008345e+00 2.978439012079883361e-03
3.411745242467203898e+00 2.977460834289425221e-03
3.415158694150926877e+00 2.983415595194946392e-03
3.418575560993627693e+00 2.977813819914129807e-03
3.421995846412172693e+00 2.977706115174855867e-03
3.425419553826847263e+00 2.979403059816924243e-03
3.428846686661359833e+00 2.990366171689751336e-03
3.432277248342848086e+00 2.977753347506905280e-03
3.435711242301876300e+00 2.979319960223326437e-03
3.439148671972429572e+00 2.982820472830200517e-03
3.442589540791939573e+00 2.981906240501421175e-03
3.446033852201276115e+00 2.980774956196634295e-03
3.449481609644750257e+00 2.979219671410876080e-03
3.452932816570123631e+00 2.989161143696745637e-03
3.456387476428604888e+00 2.982155659319421764e-03
3.459845592674848369e+00 2.975595288114614347e-03
3.463307168766970090e+00 2.979572876385411934e-03
3.466772208166548186e+00 2.984431162770812516e-03
3.470240714338626464e+00 2.980778668021648748e-03
3.473712690751709964e+00 2.980541190477185853e-03
3.477188140877771616e+00 2.986847458960858407e-03
3.480667068192272229e+00 2.979012306051955113e-03
3.484149476174131177e+00 2.975456520873161030e-03
3.487635368305750827e+00 2.977485801810130644e-03
3.491124748073028083e+00 2.984974501148364174e-03
3.494617618965338846e+00 2.973744772975675174e-03
3.498113984475563765e+00 2.973741751041971901e-03
3.501613848100068260e+00 2.970809526848774713e-03
3.505117213338710513e+00 2.981044888790549373e-03
3.508624083694854789e+00 2.967340589760196577e-03
3.512134462675376767e+00 2.970224812604987247e-03
3.515648353790650660e+00 2.974670834256652047e-03
3.519165760554569200e+00 2.974746773579698030e-03
3.522686686484546748e+00 2.970234195580452857e-03
3.526211135101502858e+00 2.972350821155411802e-03
3.529739109929881380e+00 2.977702464761386534e-03
3.533270614497665996e+00 2.971771769165729594e-03
3.536805652336360239e+00 2.968817902763761212e-03
3.540344226981005260e+00 2.970786603854841997e-03
3.543886341970171827e+00 2.978676219220329803e-03
3.547432000845970101e+00 2.967183904836664336e-03
3.550981207154063402e+00 2.963882008507196832e-03
3.554533964443661542e+00 2.967609474935081672e-03
3.558090276267517726e+00 2.972694506299288636e-03
3.561650146181948084e+00 2.962304512036125111e-03
3.565213577746827234e+00 2.967542564298969194e-03
3.568780574525576732e+00 2.966615655480741437e-03
3.572351140085200161e+00 2.971991062786677549e-03
3.575925277996262697e+00 2.961344725743676829e-03
3.579502991832895997e+00 2.963136748385836270e-03
3.583084285172827510e+00 2.970627676305485562e-03
3.586669161597344058e+00 2.967208241853191812e-03
3.590257624691308713e+00 2.967560482296867537e-03
3.593849678043197660e+00 2.965472668866621191e-03
3.597445325245066439e+00 2.967323747495968778e-03
3.601044569892556613e+00 2.969885425135123085e-03
3.604647415584919301e+00 2.971722076565255430e-03
3.608253865925000525e+00 2.970747390598021953e-03
3.611863924519245206e+00 2.974852651442576584e-03
3.615477594977716258e+00 2.966290379647206366e-03
3.619094880914085710e+00 2.967378523386255025e-03
3.622715785945636924e+00 2.968276791454478071e-03
3.626340313693278361e+00 2.968294162435771225e-03
3.629968467781530705e+00 2.959806698091569082e-03
3.633600251838554396e+00 2.963940473848427921e-03
3.637235669496131862e+00 2.963597828645447504e-03
3.640874724389675965e+00 2.961250443444481562e-03
3.644517420158251308e+00 2.960308040379463698e-03
3.648163760444548487e+00 2.963544629033558996e-03
3.651813748894908063e+00 2.955961699713942608e-03
3.655467389159329006e+00 2.956589854011249224e-03
3.659124684891442492e+00 2.956279661108225914e-03
3.662785639748542099e+00 2.953170720967340269e-03
3.666450257391587808e+00 2.962527570433251371e-03
3.670118541485196229e+00 2.957880799493997018e-03
3.673790495697654812e+00 2.953615637498381054e-03
3.677466123700913858e+00 2.950211087357715138e-03
3.681145429170604721e+00 2.954757654199217064e-03
3.684828415786031375e+00 2.953332013242504234e-03
3.688515087230178846e+00 2.963382944295401937e-03
3.692205447189715883e+00 2.951449217289868476e-03
3.695899499355008722e+00 2.955438645344627031e-03
3.699597247420110868e+00 2.955076173843227631e-03
3.703298695082766656e+00 2.947023567237909425e-03
3.707003846044425011e+00 2.958472358366788686e-03
3.710712704010243890e+00 2.952642426521393838e-03
3.714425272689073854e+00 2.954075075642749026e-03
3.718141555793478936e+00 2.952001100184469332e-03
3.721861557039752189e+00 2.946602866903088366e-03
3.725585280147893474e+00 2.959491090248767518e-03
3.729312728841628122e+00 2.959800177251128549e-03
3.733043906848399818e+00 2.950551528262686674e-03
3.736778817899386596e+00 2.949572652678496883e-03
3.740517465729504831e+00 2.946255156961323767e-03
3.744259854077394145e+00 2.954045103392597630e-03
3.748005986685454261e+00 2.953297553365258257e-03
3.751755867299819247e+00 2.949416448358203706e-03
3.755509499670360185e+00 2.945595531246000820e-03
3.759266887550713143e+00 2.940135975649428839e-03
3.763028034698265412e+00 2.949287842032191891e-03
3.766792944874166604e+00 2.948008471153369149e-03
3.770561621843322886e+00 2.953016797298182484e-03
3.774334069374416512e+00 2.957446372634392820e-03
3.778110291239897833e+00 2.947957231190299725e-03
3.781890291215979527e+00 2.955697502078871285e-03
3.785674073082664570e+00 2.958691643623483341e-03
3.789461640623742245e+00 2.952015970341490859e-03
3.793252997626777479e+00 2.950227994543278606e-03
3.797048147883128610e+00 2.946246078030664850e-03
3.800847095187948721e+00 2.943100798246016739e-03
3.804649843340179416e+00 2.948402001240175638e-03
3.808456396142568590e+00 2.942516813137677038e-03
3.812266757401667761e+00 2.941376654863910815e-03
3.816080930927838288e+00 2.941209303843029480e-03
3.819898920535264697e+00 2.938714854887064173e-03
3.823720730041926252e+00 2.942889519149141826e-03
3.827546363269632046e+00 2.931566264978307124e-03
3.831375824044026324e+00 2.934928172200688447e-03
3.835209116194566281e+00 2.938079666995108141e-03
3.839046243554542492e+00 2.944542028526237875e-03
3.842887209961076245e+00 2.949651726569867388e-03
3.846732019255137303e+00 2.954110293725117822e-03
3.850580675281535470e+00 2.956482979384438426e-03
3.854433181888932136e+00 2.945450658123952101e-03
3.858289542929830063e+00 2.947018825237024148e-03
3.862149762260594255e+00 2.949285761889872213e-03
3.866013843741446188e+00 2.942999624826594940e-03
3.869881791236460256e+00 2.946605656630167051e-03
3.873753608613584642e+00 2.944619774984179143e-03
3.877629299744638658e+00 2.949705960695379967e-03
3.881508868505314513e+00 2.947933128190510527e-03
3.885392318775186205e+00 2.940796857607452363e-03
3.889279654437701517e+00 2.938307500565165951e-03
3.893170879380196681e+00 2.946593317518861419e-03
3.897065997493892819e+00 2.941018450105829882e-03
3.900965012673907939e+00 2.941510995325332615e-03
3.904867928819266698e+00 2.946593813067068055e-03
3.908774749832876871e+00 2.939438505219574022e-03
3.912685479621561768e+00 2.939380335023671249e-03
3.916600122096053571e+00 2.943088435158909295e-03
3.920518681170992004e+00 2.941954149308707855e-03
3.924441160764929659e+00 2.935277093756219827e-03
3.928367564800359091e+00 2.942407677712856936e-03
3.932297897203689274e+00 2.935077840188113438e-03
3.936232161905241611e+00 2.935775792388419046e-03
3.940170362839277018e+00 2.939856494933478556e-03
3.944112503944006587e+00 2.938830858967353323e-03
3.948058589161570264e+00 2.931317524942594725e-03
3.952008622438055063e+00 2.936286231488173439e-03
3.955962607723490176e+00 2.938720209132703910e-03
3.959920548971858967e+00 2.935707732988092171e-03
3.963882450141104741e+00 2.933348809380284267e-03
3.967848315193129416e+00 2.935902696257158481e-03
3.971818148093805512e+00 2.931671120669301651e-03
3.975791952812957941e+00 2.940602948685430620e-03
3.979769733324392433e+00 2.938974062186800861e-03
3.983751493605891980e+00 2.929374681980889943e-03
3.987737237639217280e+00 2.930491677744800731e-03
3.991726969410114734e+00 2.931299535149683305e-03
3.995720692908312000e+00 2.934221260011788020e-03
3.999718412127535760e+00 2.927355091277542790e-03
4.003720131065504617e+00 2.929202050411233455e-03
4.007725853723931309e+00 2.934429046745893298e-03
4.011735584108548025e+00 2.933520517182348821e-03
4.015749326229086869e+00 2.928891615429347114e-03
4.019767084099280297e+00 2.923369913083488474e-03
4.023788861736897537e+00 2.925661252141093568e-03
4.027814663163712616e+00 2.929158589318478847e-03
4.031844492405520342e+00 2.924585609993581633e-03
4.035878353492156734e+00 2.936520471223171350e-03
4.039916250457486591e+00 2.922086198341017609e-03
4.043958187339407040e+00 2.934955811239562447e-03
4.048004168179852869e+00 2.920902410760998092e-03
4.052054197024798299e+00 2.924098730710748394e-03
4.056108277924279193e+00 2.929820531220673867e-03
4.060166414932375289e+00 2.923769197492896710e-03
4.064228612107225302e+00 2.927203007352737092e-03
4.068294873511028698e+00 2.918992711675416109e-03
4.072365203210039475e+00 2.924177782425119946e-03
4.076439605274588374e+00 2.927082983998974437e-03
4.080518083779084648e+00 2.933587265655138165e-03
4.084600642802004522e+00 2.913462120110384222e-03
4.088687286425909839e+00 2.923391901801131176e-03
4.092778018737447177e+00 2.924381033422174519e-03
4.096872843827346067e+00 2.926969305616679718e-03
4.100971765790424328e+00 2.919020886887441994e-03
4.105074788725601387e+00 2.917021647199544501e-03
4.109181916735913376e+00 2.917427392353994994e-03
4.113293153928490042e+00 2.931309632678238790e-03
4.117408504414562742e+00 2.925534028439083587e-03
4.121527972309475985e+00 2.911844973516916190e-03
4.125651561732702532e+00 2.925305615015749271e-03
4.129779276807835409e+00 2.914778939811897389e-03
4.133911121662587895e+00 2.915640654351678036e-03
4.138047100428805969e+00 2.917142139658240874e-03
4.142187217242470076e+00 2.917777284524592125e-03
4.146331476243700465e+00 2.921340344236385625e-03
4.150479881576750074e+00 2.921439787112132917e-03
4.154632437390031185e+00 2.919797168800301445e-03
4.158789147836096767e+00 2.917848434016384693e-03
4.162950017071651132e+00 2.917433132634135104e-03
4.167115049257566817e+00 2.913761744560752851e-03
4.171284248558879248e+00 2.919695348724759502e-03
4.175457619144792076e+00 2.930453248303862245e-03
4.179635165188676282e+00 2.937224553223766708e-03
4.183816890868071958e+00 2.946788151482629490e-03
4.188002800364700740e+00 2.951321496019088456e-03
4.192192897864479129e+00 2.958770430534851583e-03
4.196387187557506948e+00 2.961359674381348287e-03
4.200585673638073558e+00 2.966583997853559397e-03
4.204788360304662298e+00 2.967726475775636294e-03
4.208995251759963807e+00 2.972572278830700864e-03
4.213206352210869809e+00 2.972573239100301679e-03
4.217421665868472225e+00 2.974532449522788134e-03
4.221641196948094255e+00 2.977457703708795856e-03
4.225864949669267290e+00 2.980500614679220360e-03
4.230092928255739793e+00 2.979619821882583449e-03
4.234325136935488842e+00 2.980455813798604803e-03
4.238561579940727242e+00 2.982679009048178238e-03
4.242802261507902628e+00 2.982276782120289824e-03
4.247047185877693032e+00 2.980949150924048531e-03
4.251296357295021089e+00 2.982642756649963797e-03
4.255549780009055816e+00 2.979584333498647066e-03
4.259807458273231262e+00 2.981373459547958116e-03
4.264069396345226082e+00 2.987309866192852312e-03
4.268335598486970639e+00 2.984952277760639927e-03
4.272606068964665660e+00 2.986372046321190965e-03
4.276880812048779568e+00 2.986439917971191703e-03
4.281159832014060918e+00 2.992610757833660557e-03
4.285443133139530403e+00 2.992418422287813819e-03
4.289730719708486184e+00 2.991060826109230748e-03
4.294022596008522541e+00 2.986759436600398485e-03
4.298318766331513885e+00 2.985741946725107687e-03
4.302619234973629858e+00 2.993796982144441687e-03
4.306924006235345104e+00 2.991374664796578667e-03
4.311233084421424167e+00 2.988850151196471502e-03
4.315546473840941033e+00 2.988545498920797475e-03
4.319864178807289790e+00 2.986094483270551516e-03
4.324186203638175741e+00 2.992224562286567927e-03
4.328512552655627843e+00 2.989673976967374604e-03
4.332843230185991601e+00 2.986862079394209807e-03
4.337178240559948605e+00 2.986372097229202278e-03
4.341517588112504100e+00 2.983429721087201350e-03
4.345861277183008298e+00 2.982993241172789394e-03
4.350209312115152827e+00 2.985678888812803595e-03
4.354561697256975172e+00 2.981222028403526444e-03
4.358918436960855125e+00 2.981488293432214311e-03
4.363279535583538760e+00 2.974601187347323313e-03
4.367644997486123337e+00 2.979484516346983525e-03
4.372014827034065299e+00 2.978620336993393226e-03
4.376389028597195363e+00 2.977762204134509760e-03
4.380767606549715865e+00 2.974171205187532609e-03
4.385150565270210521e+00 2.972844675017903646e-03
4.389537909141639993e+00 2.969958943617362172e-03
4.393929642551339221e+00 2.971497997413441797e-03
4.398325769891044956e+00 2.968723210583330656e-03
4.402726295556888658e+00 2.965181189252521533e-03
4.407131223949391163e+00 2.964751230022421961e-03
4.411540559473484890e+00 2.962239733354872246e-03
4.415954306538510288e+00 2.965090132130149790e-03
4.420372469558212281e+00 2.962431101026149864e-03
4.424795052950750929e+00 2.958784689484159330e-03
4.429222061138706756e+00 2.956819618225144976e-03
4.433653498549093186e+00 2.957855257313633194e-03
4.438089369613355650e+00 2.950852213704409539e-03
4.442529678767354717e+00 2.951691126491981162e-03
4.446974430451398952e+00 2.947410767686765420e-03
4.451423629110245805e+00 2.944732068628090008e-03
4.455877279193093621e+00 2.941807097181746433e-03
4.460335385153590515e+00 2.939992892669250797e-03
4.464797951449841484e+00 2.933606993952868856e-03
4.469264982544411957e+00 2.934866067037894717e-03
4.473736482904336675e+00 2.928043998060268511e-03
4.478212457001122360e+00 2.928228640959100633e-03
4.482692909310738827e+00 2.927287805309440431e-03
4.487177844313641195e+00 2.919477864707506302e-03
4.491667266494762778e+00 2.914520748825107695e-03
4.496161180343516861e+00 2.909251155668981462e-03
4.500659590353822459e+00 2.908940780396591583e-03
4.505162501024093658e+00 2.908380235236026311e-03
4.509669916857243166e+00 2.911577496720650984e-03
4.514181842360688535e+00 2.913007248844200463e-03
4.518698282046352155e+00 2.904334727780723876e-03
4.523219240430671029e+00 2.907157762821379905e-03
4.527744722034610092e+00 2.905267278923529244e-03
4.532274731383647115e+00 2.901004045344800393e-03
4.536809273007786025e+00 2.900307528062174255e-03
4.541348351441579112e+00 2.902046743596072443e-03
4.545891971224099493e+00 2.902962528551984982e-03
4.550440136898974863e+00 2.901693738883929629e-03
4.554992853014371512e+00 2.900029025673966573e-03
4.559550124122994319e+00 2.907362620711824962e-03
4.564111954782123171e+00 2.902772987560166534e-03
4.568678349553586315e+00 2.900714908222452523e-03
4.573249313003776351e+00 2.900921545758224085e-03
4.577824849703660881e+00 2.899197717248732254e-03
4.582404964228775412e+00 2.898978842633694129e-03
4.586989661159233123e+00 2.897234274858561092e-03
4.591578945079739071e+00 2.899724933459587629e-03
4.596172820579575991e+00 2.897840280576075879e-03
4.600771292252615829e+00 2.897237719893364094e-03
4.605374364697329526e+00 2.897716436880319515e-03
4.609982042516790557e+00 2.899280359933848958e-03
4.614594330318678495e+00 2.900452085169912333e-03
4.619211232715274562e+00 2.918057617640522437e-03
4.623832754323489169e+00 2.904869454113917504e-03
4.628458899764850365e+00 2.901362268683927315e-03
4.633089673665492292e+00 2.902286192357602952e-03
4.637725080656194265e+00 2.901107341190365448e-03
4.642365125372356793e+00 2.902764189800066241e-03
4.647009812454029110e+00 2.902440110448629464e-03
4.651659146545908285e+00 2.902131192284043790e-03
4.656313132297320578e+00 2.908803457330071986e-03
4.660971774362248965e+00 2.902644737093583449e-03
4.665635077399347352e+00 2.905397521102321117e-03
4.670303046071912156e+00 2.904957754052184954e-03
4.674975685047906282e+00 2.905633508654126111e-03
4.679652998999975111e+00 2.903642517991650990e-03
4.684334992605429626e+00 2.903762969356700214e-03
4.689021670546272169e+00 2.904993694538246605e-03
4.693713037509176900e+00 2.920804282240438421e-03
4.698409098185505783e+00 2.928158221809033963e-03
4.703109857271324579e+00 2.905955522965281753e-03
4.707815319467394843e+00 2.907058828522731883e-03
4.712525489479173046e+00 2.913496003533465849e-03
4.717240372016835437e+00 2.925553031415663047e-03
4.721959971795259392e+00 2.910024171273830826e-03
4.726684293534047399e+00 2.914450559609974099e-03
4.731413341957530605e+00 2.922221183555077841e-03
4.736147121794753723e+00 2.911083790295991916e-03
4.740885637779490125e+00 2.916757272698422727e-03
4.745628894650256946e+00 2.928283348896468848e-03
4.750376897150311528e+00 2.913387973710203100e-03
4.755129650027658528e+00 2.912214944786396895e-03
4.759887158035052579e+00 2.911780763524642480e-03
4.764649425930005400e+00 2.914319474729638697e-03
4.769416458474777798e+00 2.915171100793452399e-03
4.774188260436394771e+00 2.935683944471393150e-03
4.778964836586673037e+00 2.922731398905354088e-03
4.783746191702192618e+00 2.910363696268329897e-03
4.788532330564300388e+00 2.912099197926458667e-03
4.793323257959137607e+00 2.916227551172384611e-03
4.798118978677631929e+00 2.916775939737500847e-03
4.802919497515498293e+00 2.918524057387939050e-03
4.807724819273263783e+00 2.926203343673535427e-03
4.812534948756252540e+00 2.945886686999972959e-03
4.817349890774593746e+00 2.923223647566305667e-03
4.822169650143221631e+00 2.917203728880509057e-03
4.826994231681899450e+00 2.915857628595273053e-03
4.831823640215215931e+00 2.918357468291789356e-03
4.836657880572580837e+00 2.914985269771705120e-03
4.841496957588231176e+00 2.916285614170777835e-03
4.846340876101236539e+00 2.919095584442745524e-03
4.851189640955515081e+00 2.914281988190214889e-03
4.856043256999841518e+00 2.916769311451768067e-03
4.860901729087832912e+00 2.918860078646884695e-03
4.865765062077957559e+00 2.922303139266761544e-03
4.870633260833545641e+00 2.918529946354565027e-03
4.875506330222796336e+00 2.915151019815095685e-03
4.880384275118790249e+00 2.910118718688467845e-03
4.885267100399468099e+00 2.914565814071213689e-03
4.890154810947648478e+00 2.910068469881471435e-03
4.895047411651042957e+00 2.909237704323535539e-03
4.899944907402258742e+00 2.912714950167837047e-03
4.904847303098789801e+00 2.909012425588578150e-03
4.909754603643035509e+00 2.905489787065711899e-03
4.914666813942294432e+00 2.906712137750461743e-03
4.919583938908781207e+00 2.902356496478731424e-03
4.924505983459625647e+00 2.899026650771015928e-03
4.929432952516857647e+00 2.900962919435274862e-03
4.934364851007448038e+00 2.895654977719281081e-03
4.939301683863293491e+00 2.901588796703587735e-03
4.944243456021228056e+00 2.896064324910161119e-03
4.949190172423037382e+00 2.893002235774125904e-03
4.954141838015430288e+00 2.893239287978381299e-03
4.959098457750073408e+00 2.891510405516291900e-03
4.964060036583591184e+00 2.889293580227638748e-03
4.969026579477557881e+00 2.889293271725671287e-03
4.973998091398529553e+00 2.891541949823100456e-03
4.978974577317996975e+00 2.899560683891046035e-03
4.983956042212440707e+00 2.889807567929177090e-03
4.988942491063345308e+00 2.893524200103910187e-03
4.993933928857154037e+00 2.896117102338496754e-03
4.998930360585301713e+00 2.891882536321725879e-03
5.003931791244232485e+00 2.892156456169889082e-03
5.008938225835387392e+00 2.891091361164612687e-03
5.013949669365178607e+00 2.899152894738906989e-03
5.018966126845050724e+00 2.895865055438531441e-03
5.023987603291483417e+00 2.892066052108463372e-03
5.029014103725942597e+00 2.894022947466119017e-03
5.034045633174912382e+00 2.891522405562710254e-03
5.039082196669929736e+00 2.893687898108254254e-03
5.044123799247563156e+00 2.898789558860422923e-03
5.049170445949409114e+00 2.897095476309990286e-03
5.054222141822116932e+00 2.905792604720346638e-03
5.059278891917392329e+00 2.898905897515815372e-03
5.064340701291981439e+00 2.896600353598367643e-03
5.069407575007691236e+00 2.898743350230868245e-03
5.074479518131396638e+00 2.896828420680666247e-03
5.079556535735048506e+00 2.899688077989821724e-03
5.084638632895670085e+00 2.898242031551848032e-03
5.089725814695344575e+00 2.897782417471078762e-03
5.094818086221258646e+00 2.912669225091868430e-03
5.099915452565697116e+00 2.901635811959791568e-03
5.105017918826001200e+00 2.903155742432076900e-03
5.110125490104637791e+00 2.899018167002883044e-03
5.115238171509195020e+00 2.899479962610707669e-03
5.120355968152357384e+00 2.903279982410639313e-03
5.125478885151912856e+00 2.904845882418025018e-03
5.130606927630777747e+00 2.896889015936867859e-03
5.135740100717002043e+00 2.906051560074028595e-03
5.140878409543742755e+00 2.905363229028156899e-03
5.146021859249314545e+00 2.905734809128365966e-03
5.151170454977186175e+00 2.899169437470510390e-03
5.156324201875936986e+00 2.902533859662689234e-03
5.161483105099310187e+00 2.907475506439359276e-03
5.166647169806227957e+00 2.914402921794501371e-03
5.171816401160748811e+00 2.926637008504103400e-03
5.176990804332091578e+00 2.915823792216681691e-03
5.182170384494676263e+00 2.912041648847004966e-03
5.187355146828076080e+00 2.908745765606794449e-03
5.192545096517046765e+00 2.903413693086903495e-03
5.197740238751555886e+00 2.910766049491180212e-03
5.202940578726746423e+00 2.908761266388320416e-03
5.208146121642937665e+00 2.915002451584287196e-03
5.213356872705671385e+00 2.921116827667076012e-03
5.218572837125716291e+00 2.916682688296303068e-03
5.223794020119036929e+00 2.917941401411201004e-03
5.229020426906815899e+00 2.910794925137202491e-03
5.234252062715459175e+00 2.912303009199380174e-03
5.239488932776602326e+00 2.912841328469656203e-03
5.244731042327116732e+00 2.914069085207343385e-03
5.249978396609110476e+00 2.914371465636649700e-03
5.255231000869926561e+00 2.911391161959848463e-03
5.260488860362181995e+00 2.915415788261885646e-03
5.265751980343742922e+00 2.921342647199108057e-03
5.271020366077721064e+00 2.916642312956956029e-03
5.276294022832505703e+00 2.911367673179750867e-03
5.281572955881746800e+00 2.908631095624210437e-03
5.286857170504389636e+00 2.909902036883530319e-03
5.292146671984641948e+00 2.913686582289987895e-03
5.297441465612009459e+00 2.908505696331219279e-03
5.302741556681281665e+00 2.917894680927040751e-03
5.308046950492546934e+00 2.921260302262904552e-03
5.313357652351209381e+00 2.913188899977492419e-03
5.318673667567960450e+00 2.908862126954155861e-03
5.323995001458828646e+00 2.907533760581329160e-03
5.329321659345145790e+00 2.914688024623794671e-03
5.334653646553560336e+00 2.905124673096558339e-03
5.339990968416064021e+00 2.912393916876610759e-03
5.345333630269974989e+00 2.920280589929824533e-03
5.350681637457968876e+00 2.909516012573682125e-03
5.356034995328046833e+00 2.917239644578199266e-03
5.361393709233554183e+00 2.907755875347648681e-03
5.366757784533228381e+00 2.902938307263608960e-03
5.372127226591127069e+00 2.911949617263093985e-03
5.377502040776687586e+00 2.915093055108813457e-03
5.382882232464750949e+00 2.912307474970113851e-03
5.388267807035501455e+00 2.916303643004103819e-03
5.393658769874507541e+00 2.910411865686030573e-03
5.399055126372735991e+00 2.918974510191308866e-03
5.404456881926536838e+00 2.909009705789796126e-03
5.409864041937665569e+00 2.910816590622326751e-03
5.415276611813296448e+00 2.911093952693814477e-03
5.420694596965989653e+00 2.912830953835705231e-03
5.426118002813722363e+00 2.913584226600488686e-03
5.431546834779908295e+00 2.916523891899032352e-03
