2.607062117047760808e+00 2.971379757706309709e-03
2.609670483130389851e+00 2.974152646885395816e-03
2.612281458883716656e+00 2.973482878513615101e-03
2.614895046918714883e+00 2.979243676733809090e-03
2.617511249848980981e+00 2.981217470975252703e-03
2.620130070290716873e+00 2.971070887190229836e-03
2.622751510862746382e+00 2.971860544929804619e-03
2.625375574186502803e+00 2.965226099358294655e-03
2.628002262886047546e+00 2.966166026962923762e-03
2.630631579588075031e+00 2.968553244985205376e-03
2.633263526921897135e+00 2.965051946130092039e-03
2.635898107519465849e+00 2.949921128912823438e-03
2.638535324015363503e+00 2.948463240715749108e-03
2.641175179046807653e+00 2.959517040079484487e-03
2.643817675253651078e+00 2.943346880382369333e-03
2.646462815278393332e+00 2.947290792799288871e-03
2.649110601766170969e+00 2.942342564485367438e-03
2.651761037364768647e+00 2.944128111664504315e-03
2.654414124724629342e+00 2.949242988179813507e-03
2.657069866498836586e+00 2.947161872295294815e-03
2.659728265343126452e+00 2.940238113486675318e-03
2.662389323915903550e+00 2.948540285074776647e-03
2.665053044878226807e+00 2.961297056285911149e-03
2.667719430893810806e+00 2.950734174732730017e-03
2.670388484629045323e+00 2.961547995649977533e-03
2.673060208752994438e+00 2.951687622177260814e-03
2.675734605937373445e+00 2.953520082513348428e-03
2.678411678856579048e+00 2.952377957524615106e-03
2.681091430187691138e+00 2.943493285204786588e-03
2.683773862610453698e+00 2.944261860007535338e-03
2.686458978807302778e+00 2.950556158589332217e-03
2.689146781463357616e+00 2.937400473497895573e-03
2.691837273266414865e+00 2.938872110178780087e-03
2.694530456906965021e+00 2.959633483168115035e-03
2.697226335078197312e+00 2.942904856555331097e-03
2.699924910475991258e+00 2.929664845268170354e-03
2.702626185798916225e+00 2.944284651813191666e-03
2.705330163748253192e+00 2.940991409003465215e-03
2.708036847027985861e+00 2.941011386123073938e-03
2.710746238344789560e+00 2.939826065470851815e-03
2.713458340408054781e+00 2.928588715604383674e-03
2.716173155929883176e+00 2.926803030805830066e-03
2.718890687625096891e+00 2.925504953102205444e-03
2.721610938211223907e+00 2.928647489470400777e-03
2.724333910408513137e+00 2.920701610036491747e-03
2.727059606939940650e+00 2.914805199562666652e-03
2.729788030531202114e+00 2.917940411192331863e-03
2.732519183910722571e+00 2.902296706903183081e-03
2.735253069809658211e+00 2.913784137443382188e-03
2.737989690961888822e+00 2.916263668416112492e-03
2.740729050104034226e+00 2.909423020505735522e-03
2.743471149975461376e+00 2.895831767906467766e-03
2.746215993318269266e+00 2.896011503106387698e-03
2.748963582877296030e+00 2.891629973341822233e-03
2.751713921400137153e+00 2.892298788579137497e-03
2.754467011637128149e+00 2.904234857326859574e-03
2.757222856341353445e+00 2.899042133572833028e-03
2.759981458268668142e+00 2.881147344491660593e-03
2.762742820177677583e+00 2.893468941964177400e-03
2.765506944829736025e+00 2.900949624315462497e-03
2.768273834988963955e+00 2.887577308446573083e-03
2.771043493422256532e+00 2.902260786636121515e-03
2.773815922899276032e+00 2.880397105863333543e-03
2.776591126192445191e+00 2.896067044740198090e-03
2.779369106076971185e+00 2.907809701087012578e-03
2.782149865330835858e+00 2.889244585668191475e-03
2.784933406734796613e+00 2.896441584209719696e-03
2.787719733072396178e+00 2.914036636165988001e-03
2.790508847129963499e+00 2.899070636487418445e-03
2.793300751696610629e+00 2.893922169442319278e-03
2.796095449564240720e+00 2.893623184734542882e-03
2.798892943527549360e+00 2.889772035665877457e-03
2.801693236384038332e+00 2.901662971662282483e-03
2.804496330933999637e+00 2.924433117599627673e-03
2.807302229980519481e+00 2.892028211792028406e-03
2.810110936329506703e+00 2.901875838945768699e-03
2.812922452789668348e+00 2.902775053627256515e-03
2.815736782172511887e+00 2.902611175188060059e-03
2.818553927292374528e+00 2.910164144278396762e-03
2.821373890966397902e+00 2.925815885447958023e-03
2.824196676014550711e+00 2.899963213677006404e-03
2.827022285259616297e+00 2.903159689772585178e-03
2.829850721527202406e+00 2.884685754479622555e-03
2.832681987645746524e+00 2.902815552523798845e-03
2.835516086446511874e+00 2.920493633649471569e-03
2.838353020763594525e+00 2.911396382081916576e-03
2.841192793433933605e+00 2.906747392088427154e-03
2.844035407297307749e+00 2.901753951085801232e-03
2.846880865196327104e+00 2.901249508478026453e-03
2.849729169976447540e+00 2.905090947531688023e-03
2.852580324485975538e+00 2.903619663139238478e-03
2.855434331576065077e+00 2.924319812568378345e-03
2.858291194100722521e+00 2.896073894746305135e-03
2.861150914916811061e+00 2.905536840317815561e-03
2.864013496884051602e+00 2.898480907473175751e-03
2.866878942865026314e+00 2.909774645102846963e-03
2.869747255725183521e+00 2.889428752803177743e-03
2.872618438332836366e+00 2.920300312318781753e-03
2.875492493559169027e+00 2.888132448330670617e-03
2.878369424278236277e+00 2.900609142504538725e-03
2.881249233366968809e+00 2.897591568054803425e-03
2.884131923705171907e+00 2.898438344191009170e-03
2.887017498175541874e+00 2.904127454443708196e-03
2.889905959663658042e+00 2.909949913269103353e-03
2.892797311057972998e+00 2.902323456210619251e-03
2.895691555249836124e+00 2.891856744590515053e-03
2.898588695133490045e+00 2.903878633934023692e-03
2.901488733606079062e+00 2.910273188822876285e-03
2.904391673567642052e+00 2.902247385006444420e-03
2.907297517921122676e+00 2.912314227333916497e-03
2.910206269572368054e+00 2.920803926941164478e-03
2.913117931430124763e+00 2.898391075387721401e-03
2.916032506406053049e+00 2.903165307562900581e-03
2.918949997414726827e+00 2.899573540004831123e-03
2.921870407373641676e+00 2.915342886862332290e-03
2.924793739203208620e+00 2.906304498844874875e-03
2.927719995826757238e+00 2.907051969100478590e-03
2.930649180170546320e+00 2.915558150496959031e-03
2.933581295163762093e+00 2.908955269624458571e-03
2.936516343738513779e+00 2.903236048145811134e-03
2.939454328829848251e+00 2.919318464598414601e-03
2.942395253375765130e+00 2.914648296572743078e-03
2.945339120317177706e+00 2.917731061536071608e-03
2.948285932597951575e+00 2.934090224638274437e-03
2.951235693164907747e+00 2.915990878193454837e-03
2.954188404967802217e+00 2.926865329936734466e-03
2.957144070959347282e+00 2.922826740124059592e-03
2.960102694095215980e+00 2.919774449115847791e-03
2.963064277334023888e+00 2.926306488695415344e-03
2.966028823637354872e+00 2.923032806412406790e-03
2.968996335969758871e+00 2.937969851731806088e-03
2.971966817298742125e+00 2.928565755472467298e-03
2.974940270594788938e+00 2.933437576791709991e-03
2.977916698831349240e+00 2.928490595825926530e-03
2.980896104984855910e+00 2.936613483166871773e-03
2.983878492034720331e+00 2.935526395349080230e-03
2.986863862963325289e+00 2.941397809176311134e-03
2.989852220756043177e+00 2.946650054755701586e-03
2.992843568401232890e+00 2.945335231758746189e-03
2.995837908890238488e+00 2.940672575687145168e-03
2.998835245217397638e+00 2.948614237388122190e-03
3.001835580380053603e+00 2.948520789693264386e-03
3.004838917378537921e+00 2.960338641171638644e-03
3.007845259216185951e+00 2.965869582988786037e-03
3.010854608899347973e+00 2.961219325913603140e-03
3.013866969437368315e+00 2.958594904374948348e-03
3.016882343842609782e+00 2.967904653017093032e-03
3.019900735130450098e+00 2.972456795593372489e-03
3.022922146319276582e+00 2.975834072629314139e-03
3.025946580430499910e+00 2.974751899476082029e-03
3.028974040488557229e+00 2.983677805331194210e-03
3.032004529520905933e+00 2.986765012636101967e-03
3.035038050558033440e+00 2.993247048336031453e-03
3.038074606633463848e+00 2.988464729289478337e-03
3.041114200783760158e+00 2.998087100158332557e-03
3.044156836048510062e+00 3.003396350166566506e-03
3.047202515470345485e+00 3.006788914231426930e-03
3.050251242094951909e+00 3.012555992245742262e-03
3.053303018971052385e+00 3.015413339246457956e-03
3.056357849150425743e+00 3.021058591129446684e-03
3.059415735687904814e+00 3.025258137527805837e-03
3.062476681641373322e+00 3.025985172237621434e-03
3.065540690071779206e+00 3.036830662691128880e-03
3.068607764043131070e+00 3.036187339131210614e-03
3.071677906622510168e+00 3.039075245916665960e-03
3.074751120880046429e+00 3.040030891837917741e-03
3.077827409888952648e+00 3.040823431362886606e-03
3.080906776725528928e+00 3.042501473479838209e-03
3.083989224469140478e+00 3.046553915819423357e-03
3.087074756202229597e+00 3.055336392959120614e-03
3.090163375010333002e+00 3.047476692302159961e-03
3.093255083982067166e+00 3.060150917680822587e-03
3.096349886209143865e+00 3.052028445272892375e-03
3.099447784786369731e+00 3.055162345500966967e-03
3.102548782811636929e+00 3.065120656432051682e-03
3.105652883385942253e+00 3.055330606181058672e-03
3.108760089613389788e+00 3.067290586141094722e-03
3.111870404601187357e+00 3.061877105037878310e-03
3.114983831459647856e+00 3.067540270127139951e-03
3.118100373302199912e+00 3.066815373222258299e-03
3.121220033245382108e+00 3.071483283043372880e-03
3.124342814408852309e+00 3.074129862508634490e-03
3.127468719915406759e+00 3.072016252768240696e-03
3.130597752890940555e+00 3.073789371936622508e-03
3.133729916464485843e+00 3.073784852080455651e-03
3.136865213768206928e+00 3.076826187707451532e-03
3.140003647937403386e+00 3.076625077571025057e-03
3.143145222110507842e+00 3.077094032068249801e-03
3.146289939429094407e+00 3.081581622384042211e-03
3.149437803037887562e+00 3.078161898757563863e-03
3.152588816084748835e+00 3.079018859396505121e-03
3.155742981720690121e+00 3.080565082017070605e-03
3.158900303099878126e+00 3.080958988072281073e-03
3.162060783379626816e+00 3.080848536188463601e-03
3.165224425720416512e+00 3.080579052828077372e-03
3.168391233285897446e+00 3.081448964727653318e-03
3.171561209242876878e+00 3.082439333698022525e-03
3.174734356761327980e+00 3.082859180636855594e-03
3.177910679014400497e+00 3.082703888691900890e-03
3.181090179178413191e+00 3.081608424503648382e-03
3.184272860432869834e+00 3.082933537502641295e-03
3.187458725960456096e+00 3.083626607038912528e-03
3.190647778947032887e+00 3.083138156157452445e-03
3.193840022581655891e+00 3.083850100333947273e-03
3.197035460056568912e+00 3.083403114029565923e-03
3.200234094567206533e+00 3.082644555720001102e-03
3.203435929312204777e+00 3.084477874025661707e-03
3.206640967493395777e+00 3.083661398894398976e-03
3.209849212315824651e+00 3.082704128743549155e-03
3.213060666987737513e+00 3.084506911248977197e-03
3.216275334720582357e+00 3.082681626006265798e-03
3.219493218729033046e+00 3.082154847614205963e-03
3.222714322230971096e+00 3.082918697204308639e-03
3.225938648447496337e+00 3.082486855990050276e-03
3.229166200602938019e+00 3.082089246545322014e-03
3.232396981924845925e+00 3.083473577727857944e-03
3.235630995644008134e+00 3.079754255359883498e-03
3.238868244994442147e+00 3.082462198018798630e-03
3.242108733213385996e+00 3.082501026169076098e-03
3.245352463541328891e+00 3.079964862722920152e-03
3.248599439222002783e+00 3.081420252903011980e-03
3.251849663502385024e+00 3.080070882516658566e-03
3.255103139632704590e+00 3.079759701608173958e-03
3.258359870866438079e+00 3.080134033299570129e-03
3.261619860460310605e+00 3.077983190133545908e-03
3.264883111674313554e+00 3.076112287055514111e-03
3.268149627771706811e+00 3.076350557076921750e-03
3.271419412018998774e+00 3.076459242946105212e-03
3.274692467685970332e+00 3.074551941665437920e-03
3.277968798045684196e+00 3.073767668411252815e-03
3.281248406374467130e+00 3.074200619365747081e-03
3.284531295951929941e+00 3.074264985818452207e-03
3.287817470060963476e+00 3.073798259965769379e-03
3.291106931987736850e+00 3.073321293936276746e-03
3.294399685021715207e+00 3.073574535036519787e-03
3.297695732455656614e+00 3.072178696471002460e-03
3.300995077585607174e+00 3.073656491440519486e-03
3.304297723710912571e+00 3.078171671739713539e-03
3.307603674134214078e+00 3.079247564422789556e-03
3.310912932161460098e+00 3.085864689858368141e-03
3.314225501101917271e+00 3.086296507556298297e-03
3.317541384268155369e+00 3.087158950363263349e-03
3.320860584976052632e+00 3.088585601753582755e-03
3.324183106544806865e+00 3.090095640702531996e-03
3.327508952296944322e+00 3.090291354002646859e-03
3.330838125558313489e+00 3.090356636268563710e-03
3.334170629658084195e+00 3.090344967714682336e-03
3.337506467928762710e+00 3.090300405950871694e-03
3.340845643706188195e+00 3.090244868487581568e-03
3.344188160329534032e+00 3.090212636917974692e-03
3.347534021141318483e+00 3.090049256437724014e-03
3.350883229487406467e+00 3.089634336848142652e-03
3.354235788717002453e+00 3.089010825419275137e-03
3.357591702182663784e+00 3.088359268268649638e-03
3.360950973240304229e+00 3.086312430769934390e-03
3.364313605249203309e+00 3.085255957928975147e-03
3.367679601571998305e+00 3.083200918264935794e-03
3.371048965574667378e+00 3.082297794172298138e-03
3.374421700626573539e+00 3.080215224154254916e-03
3.377797810100465536e+00 3.078933731928571848e-03
3.381177297372453872e+00 3.079868210742722680e-03
3.384560165822020128e+00 3.078645589413564910e-03
3.387946418832029405e+00 3.076698917095548914e-03
3.391336059788734314e+00 3.078419123883476168e-03
3.394729092081783861e+00 3.078475729307237653e-03
3.398125519104210568e+00 3.074904447083569650e-03
3.401525344252443794e+00 3.075625880449418467e-03
3.404928570926301301e+00 3.078975528913749458e-03
3.408335202529008345e+00 3.078299422810836308e-03
3.411745242467203898e+00 3.078698343498311764e-03
3.415158694150926877e+00 3.079340467656022703e-03
3.418575560993627693e+00 3.079796522695226607e-03
3.421995846412172693e+00 3.079196632235153309e-03
3.425419553826847263e+00 3.079505265618742889e-03
3.428846686661359833e+00 3.082342489649874100e-03
3.432277248342848086e+00 3.081118660611174148e-03
3.435711242301876300e+00 3.080524914366197624e-03
3.439148671972429572e+00 3.081450511732607145e-03
3.442589540791939573e+00 3.080803421119413660e-03
3.446033852201276115e+00 3.081330430590863926e-03
3.449481609644750257e+00 3.080274110186652370e-03
3.452932816570123631e+00 3.081619397188543625e-03
3.456387476428604888e+00 3.080290040493644313e-03
3.459845592674848369e+00 3.078513403612855547e-03
3.463307168766970090e+00 3.078753711682890616e-03
3.466772208166548186e+00 3.079856854906760574e-03
3.470240714338626464e+00 3.079948621805880977e-03
3.473712690751709964e+00 3.078756828728022605e-03
3.477188140877771616e+00 3.081188283037899437e-03
3.480667068192272229e+00 3.079477744871580817e-03
3.484149476174131177e+00 3.076561116862016818e-03
3.487635368305750827e+00 3.079038025145097029e-03
3.491124748073028083e+00 3.080427591001465813e-03
3.494617618965338846e+00 3.078114789473186327e-03
3.498113984475563765e+00 3.077115994241907179e-03
3.501613848100068260e+00 3.074889600857369856e-03
3.505117213338710513e+00 3.080186557246093401e-03
3.508624083694854789e+00 3.074673748763620974e-03
3.512134462675376767e+00 3.076033344996119499e-03
3.515648353790650660e+00 3.077140011569119270e-03
3.519165760554569200e+00 3.076890735454328608e-03
3.522686686484546748e+00 3.074480079073119675e-03
3.526211135101502858e+00 3.073490902292027888e-03
3.529739109929881380e+00 3.079370176617788647e-03
3.533270614497665996e+00 3.076338907957160921e-03
3.536805652336360239e+00 3.075178770585151704e-03
3.540344226981005260e+00 3.073612650032199814e-03
3.543886341970171827e+00 3.079136193865934269e-03
3.547432000845970101e+00 3.073874702775197722e-03
3.550981207154063402e+00 3.074706825052930890e-03
3.554533964443661542e+00 3.072727449281713753e-03
3.558090276267517726e+00 3.078318644193758693e-03
3.561650146181948084e+00 3.071792111154545476e-03
3.565213577746827234e+00 3.071614795101929897e-03
3.568780574525576732e+00 3.072784454104003811e-03
3.572351140085200161e+00 3.073772429130412851e-03
3.575925277996262697e+00 3.071201135682522475e-03
3.579502991832895997e+00 3.066595061465338546e-03
3.583084285172827510e+00 3.072252706648711477e-03
3.586669161597344058e+00 3.068676028931428216e-03
3.590257624691308713e+00 3.067811951141109165e-03
3.593849678043197660e+00 3.063642444063448440e-03
3.597445325245066439e+00 3.068386967751482453e-03
3.601044569892556613e+00 3.068302892005793196e-03
3.604647415584919301e+00 3.065746901078238336e-03
3.608253865925000525e+00 3.063023996874407028e-03
3.611863924519245206e+00 3.066725168775704963e-03
3.615477594977716258e+00 3.062856886928427488e-03
3.619094880914085710e+00 3.060420117217422728e-03
3.622715785945636924e+00 3.061720493196949406e-03
3.626340313693278361e+00 3.060657070622783277e-03
3.629968467781530705e+00 3.058697145244341272e-03
3.633600251838554396e+00 3.059248297503577851e-03
3.637235669496131862e+00 3.060159610190241013e-03
3.640874724389675965e+00 3.055035689759149319e-03
3.644517420158251308e+00 3.054184555099687722e-03
3.648163760444548487e+00 3.056382661416843019e-03
3.651813748894908063e+00 3.051623024111037655e-03
3.655467389159329006e+00 3.050167342148673438e-03
3.659124684891442492e+00 3.048411599707488966e-03
3.662785639748542099e+00 3.047660178669996545e-03
3.666450257391587808e+00 3.050380955702207582e-03
3.670118541485196229e+00 3.044894862624470365e-03
3.673790495697654812e+00 3.042082316502671066e-03
3.677466123700913858e+00 3.042908531188519804e-03
3.681145429170604721e+00 3.038266373395494182e-03
3.684828415786031375e+00 3.037331513098642452e-03
3.688515087230178846e+00 3.043583278431179033e-03
3.692205447189715883e+00 3.034409855921024659e-03
3.695899499355008722e+00 3.034907478920999963e-03
3.699597247420110868e+00 3.035229007471111368e-03
3.703298695082766656e+00 3.030904566307398608e-03
3.707003846044425011e+00 3.034293554880460129e-03
3.710712704010243890e+00 3.029563519051065024e-03
3.714425272689073854e+00 3.030798505853369955e-03
3.718141555793478936e+00 3.029727692688491923e-03
3.721861557039752189e+00 3.025482301318379013e-03
3.725585280147893474e+00 3.028838916368664386e-03
3.729312728841628122e+00 3.029932040593229670e-03
3.733043906848399818e+00 3.024953068408484536e-03
3.736778817899386596e+00 3.023123687714307766e-03
3.740517465729504831e+00 3.020035619653591366e-03
3.744259854077394145e+00 3.021796614081758304e-03
3.748005986685454261e+00 3.021258533399548245e-03
3.751755867299819247e+00 3.019513739414234847e-03
3.755509499670360185e+00 3.016344509069232311e-03
3.759266887550713143e+00 3.012732786280445437e-03
3.763028034698265412e+00 3.016582325242197181e-03
3.766792944874166604e+00 3.013418069121119331e-03
3.770561621843322886e+00 3.019688282985339995e-03
3.774334069374416512e+00 3.023494272865800969e-03
3.778110291239897833e+00 3.010933514952211874e-03
3.781890291215979527e+00 3.016469880922867993e-03
3.785674073082664570e+00 3.019439383241408724e-03
3.789461640623742245e+00 3.014054650488866716e-03
3.793252997626777479e+00 3.014483577984142845e-03
3.797048147883128610e+00 3.007984494015283981e-03
3.800847095187948721e+00 3.005697275520856446e-03
3.804649843340179416e+00 3.009018044131390839e-03
3.808456396142568590e+00 3.005646588780206720e-03
3.812266757401667761e+00 3.001488991592725537e-03
3.816080930927838288e+00 3.005105775097042207e-03
3.819898920535264697e+00 2.998015637557166924e-03
3.823720730041926252e+00 3.002062060234139945e-03
3.827546363269632046e+00 2.993113837050527786e-03
3.831375824044026324e+00 2.992833688535814166e-03
3.835209116194566281e+00 2.992678459318058332e-03
3.839046243554542492e+00 2.995747276892429117e-03
3.842887209961076245e+00 2.998418467113570136e-03
3.846732019255137303e+00 3.000239769612538226e-03
3.850580675281535470e+00 2.999947050388820924e-03
3.854433181888932136e+00 2.990056651730234067e-03
3.858289542929830063e+00 2.994467458351479389e-03
3.862149762260594255e+00 2.992847701983328973e-03
3.866013843741446188e+00 2.987604949964890646e-03
3.869881791236460256e+00 2.989522699731374505e-03
3.873753608613584642e+00 2.985980531299290211e-03
3.877629299744638658e+00 2.995711966268421473e-03
3.881508868505314513e+00 2.991423322456679846e-03
3.885392318775186205e+00 2.986077655296988723e-03
3.889279654437701517e+00 2.982159887806676984e-03
3.893170879380196681e+00 2.986203226662982862e-03
3.897065997493892819e+00 2.987319928139385659e-03
3.900965012673907939e+00 2.985791609120599672e-03
3.904867928819266698e+00 2.985874035591483226e-03
3.908774749832876871e+00 2.980909713126560310e-03
3.912685479621561768e+00 2.978382186256500579e-03
3.916600122096053571e+00 2.986196308201118695e-03
3.920518681170992004e+00 2.981498124655626494e-03
3.924441160764929659e+00 2.977042995180214768e-03
3.928367564800359091e+00 2.980216532938143210e-03
3.932297897203689274e+00 2.971344797970335537e-03
3.936232161905241611e+00 2.976540113391346401e-03
3.940170362839277018e+00 2.972444665040577163e-03
3.944112503944006587e+00 2.976301905246017242e-03
3.948058589161570264e+00 2.971947194276070014e-03
3.952008622438055063e+00 2.972757074098602605e-03
3.955962607723490176e+00 2.978468916465230269e-03
3.959920548971858967e+00 2.968485039716473040e-03
3.963882450141104741e+00 2.966584780751646035e-03
3.967848315193129416e+00 2.972826151669817792e-03
3.971818148093805512e+00 2.970266327160240791e-03
3.975791952812957941e+00 2.969784344827902395e-03
3.979769733324392433e+00 2.968841295336551930e-03
3.983751493605891980e+00 2.961037299120530993e-03
3.987737237639217280e+00 2.964386020316563380e-03
3.991726969410114734e+00 2.961298600920083887e-03
3.995720692908312000e+00 2.962760357783781814e-03
3.999718412127535760e+00 2.955529922485287085e-03
4.003720131065504617e+00 2.956955985452120340e-03
4.007725853723931309e+00 2.962380802040096798e-03
4.011735584108548025e+00 2.957246532121830286e-03
4.015749326229086869e+00 2.953527729433677151e-03
4.019767084099280297e+00 2.951534404867190136e-03
4.023788861736897537e+00 2.949769219835704850e-03
4.027814663163712616e+00 2.952958964949227178e-03
4.031844492405520342e+00 2.948032606170986406e-03
4.035878353492156734e+00 2.952205551149747215e-03
4.039916250457486591e+00 2.940096822621436363e-03
4.043958187339407040e+00 2.953131847167709146e-03
4.048004168179852869e+00 2.939714690477414349e-03
4.052054197024798299e+00 2.938880754626084328e-03
4.056108277924279193e+00 2.940760158535847806e-03
4.060166414932375289e+00 2.936266712558918864e-03
4.064228612107225302e+00 2.941190139272562443e-03
4.068294873511028698e+00 2.930212617879725864e-03
4.072365203210039475e+00 2.936206250335745855e-03
4.076439605274588374e+00 2.938427544779692677e-03
4.080518083779084648e+00 2.942042116648552110e-03
4.084600642802004522e+00 2.917821900382315710e-03
4.088687286425909839e+00 2.931078534523598716e-03
4.092778018737447177e+00 2.928095797058950008e-03
4.096872843827346067e+00 2.930721272148482850e-03
4.100971765790424328e+00 2.925550849556220363e-03
4.105074788725601387e+00 2.917761484611164184e-03
4.109181916735913376e+00 2.921976978126419010e-03
4.113293153928490042e+00 2.930132426081221309e-03
4.117408504414562742e+00 2.926392845554939316e-03
4.121527972309475985e+00 2.915292216505395093e-03
4.125651561732702532e+00 2.920815539313832525e-03
4.129779276807835409e+00 2.919907769114876619e-03
4.133911121662587895e+00 2.911351406536005770e-03
4.138047100428805969e+00 2.915081509879647974e-03
4.142187217242470076e+00 2.917053555726650208e-03
4.146331476243700465e+00 2.914722279848077670e-03
4.150479881576750074e+00 2.917706511267315755e-03
4.154632437390031185e+00 2.909153263053198841e-03
4.158789147836096767e+00 2.907486740452149606e-03
4.162950017071651132e+00 2.909418610795716075e-03
4.167115049257566817e+00 2.909051107554452061e-03
4.171284248558879248e+00 2.920205590232026818e-03
4.175457619144792076e+00 2.918453153978662392e-03
4.179635165188676282e+00 2.906209691464877419e-03
4.183816890868071958e+00 2.918724546756870826e-03
4.188002800364700740e+00 2.908917048422050237e-03
4.192192897864479129e+00 2.931837734453887970e-03
4.196387187557506948e+00 2.925793912272161342e-03
4.200585673638073558e+00 2.922472503607112353e-03
4.204788360304662298e+00 2.920951409827684132e-03
4.208995251759963807e+00 2.914888252478898493e-03
4.213206352210869809e+00 2.930085405825557862e-03
4.217421665868472225e+00 2.938141481106458508e-03
4.221641196948094255e+00 2.943198011089687496e-03
4.225864949669267290e+00 2.947748029308890419e-03
4.230092928255739793e+00 2.945227030705460224e-03
4.234325136935488842e+00 2.945032225031844492e-03
4.238561579940727242e+00 2.956694952132105092e-03
4.242802261507902628e+00 2.955699714565124519e-03
4.247047185877693032e+00 2.958529659787334249e-03
4.251296357295021089e+00 2.961807686330235161e-03
4.255549780009055816e+00 2.959231607535065325e-03
4.259807458273231262e+00 2.972189583383676951e-03
4.264069396345226082e+00 2.976017787317470839e-03
4.268335598486970639e+00 2.980813630634271058e-03
4.272606068964665660e+00 2.984409788052714164e-03
4.276880812048779568e+00 2.983103216485675710e-03
4.281159832014060918e+00 2.988988890480466856e-03
4.285443133139530403e+00 2.990056257470794301e-03
4.289730719708486184e+00 2.990555424693377030e-03
4.294022596008522541e+00 2.992058236296289524e-03
4.298318766331513885e+00 2.990752984910037809e-03
4.302619234973629858e+00 3.002442224938525837e-03
4.306924006235345104e+00 3.001951969187579682e-03
4.311233084421424167e+00 3.004966334460774154e-03
4.315546473840941033e+00 3.003586737537851034e-03
4.319864178807289790e+00 2.994935271267157827e-03
4.324186203638175741e+00 3.006225642831625994e-03
4.328512552655627843e+00 3.002688786190710942e-03
4.332843230185991601e+00 2.997403176507304479e-03
4.337178240559948605e+00 3.006291064099000758e-03
4.341517588112504100e+00 3.001095895861590705e-03
4.345861277183008298e+00 3.003058914292661835e-03
4.350209312115152827e+00 3.008185429735623848e-03
4.354561697256975172e+00 3.000411486911496069e-03
4.358918436960855125e+00 2.997613404511767065e-03
4.363279535583538760e+00 2.980829589178919138e-03
4.367644997486123337e+00 2.998737731290979612e-03
4.372014827034065299e+00 2.998546644956318757e-03
4.376389028597195363e+00 2.995862326338326765e-03
4.380767606549715865e+00 2.990811847750393226e-03
4.385150565270210521e+00 2.993517963714397139e-03
4.389537909141639993e+00 2.986926985557192705e-03
4.393929642551339221e+00 2.994376593318470291e-03
4.398325769891044956e+00 2.991317163091028377e-03
4.402726295556888658e+00 2.983362140801725567e-03
4.407131223949391163e+00 2.979985053343831188e-03
4.411540559473484890e+00 2.972092857413862095e-03
4.415954306538510288e+00 2.989085496327740024e-03
4.420372469558212281e+00 2.988015021532894940e-03
4.424795052950750929e+00 2.983638686586712659e-03
4.429222061138706756e+00 2.981667794583161765e-03
4.433653498549093186e+00 2.986298322841073397e-03
4.438089369613355650e+00 2.974493996024298557e-03
4.442529678767354717e+00 2.975320025258090806e-03
4.446974430451398952e+00 2.971533716316420836e-03
4.451423629110245805e+00 2.967653469051080746e-03
4.455877279193093621e+00 2.965459617011766483e-03
4.460335385153590515e+00 2.964871956991914099e-03
4.464797951449841484e+00 2.961368719382745894e-03
4.469264982544411957e+00 2.966195924580983419e-03
4.473736482904336675e+00 2.957458169772966133e-03
4.478212457001122360e+00 2.956990450413162115e-03
4.482692909310738827e+00 2.952914153278905687e-03
4.487177844313641195e+00 2.947059633207953656e-03
4.491667266494762778e+00 2.945028971989139925e-03
4.496161180343516861e+00 2.940859769388506125e-03
4.500659590353822459e+00 2.935340253114209104e-03
4.505162501024093658e+00 2.934812102457480618e-03
4.509669916857243166e+00 2.931561637445566446e-03
4.514181842360688535e+00 2.928853529419823878e-03
4.518698282046352155e+00 2.921752392851547850e-03
4.523219240430671029e+00 2.923963445452819072e-03
4.527744722034610092e+00 2.916663575528274672e-03
4.532274731383647115e+00 2.911907976438035933e-03
4.536809273007786025e+00 2.901456307068331006e-03
4.541348351441579112e+00 2.895133337260131969e-03
4.545891971224099493e+00 2.896195562887560193e-03
4.550440136898974863e+00 2.894346486575196265e-03
4.554992853014371512e+00 2.889564755022470174e-03
4.559550124122994319e+00 2.878555897438277861e-03
4.564111954782123171e+00 2.881925000427242034e-03
4.568678349553586315e+00 2.880105500186772201e-03
4.573249313003776351e+00 2.877876957256234481e-03
4.577824849703660881e+00 2.867078267737123605e-03
4.582404964228775412e+00 2.858587887727184838e-03
4.586989661159233123e+00 2.856332914748972371e-03
4.591578945079739071e+00 2.856780007056225999e-03
4.596172820579575991e+00 2.849793819399745309e-03
4.600771292252615829e+00 2.854864392694758148e-03
4.605374364697329526e+00 2.844254347152411471e-03
4.609982042516790557e+00 2.844170836415855011e-03
4.614594330318678495e+00 2.852643500787528392e-03
4.619211232715274562e+00 2.850459254419242684e-03
4.623832754323489169e+00 2.857190418841237638e-03
4.628458899764850365e+00 2.840360316835329347e-03
4.633089673665492292e+00 2.836627858447050843e-03
4.637725080656194265e+00 2.836448797734699139e-03
4.642365125372356793e+00 2.840425335465489743e-03
4.647009812454029110e+00 2.842867805240129574e-03
4.651659146545908285e+00 2.831042700519308120e-03
4.656313132297320578e+00 2.848009863494858820e-03
4.660971774362248965e+00 2.853405285232365335e-03
4.665635077399347352e+00 2.836118625810526983e-03
4.670303046071912156e+00 2.837838115739170931e-03
4.674975685047906282e+00 2.843847933544776680e-03
4.679652998999975111e+00 2.840955024550318852e-03
4.684334992605429626e+00 2.825534634045985191e-03
4.689021670546272169e+00 2.840042933710781956e-03
4.693713037509176900e+00 2.847877675977353047e-03
4.698409098185505783e+00 2.840873890957647339e-03
4.703109857271324579e+00 2.822286817344421116e-03
4.707815319467394843e+00 2.841633106066165492e-03
4.712525489479173046e+00 2.854097079369060253e-03
4.717240372016835437e+00 2.845981920079750701e-03
4.721959971795259392e+00 2.839813996956407245e-03
4.726684293534047399e+00 2.878330127102690476e-03
4.731413341957530605e+00 2.847355218714564453e-03
4.736147121794753723e+00 2.837532903964317278e-03
4.740885637779490125e+00 2.834124216701024244e-03
4.745628894650256946e+00 2.829838991187601065e-03
4.750376897150311528e+00 2.831238598767280793e-03
4.755129650027658528e+00 2.850132836370870143e-03
4.759887158035052579e+00 2.871753261555688459e-03
4.764649425930005400e+00 2.863111834399230480e-03
4.769416458474777798e+00 2.852070201520532852e-03
4.774188260436394771e+00 2.858491391952037563e-03
4.778964836586673037e+00 2.849480567260344321e-03
4.783746191702192618e+00 2.862305092234254406e-03
4.788532330564300388e+00 2.844429954404296360e-03
4.793323257959137607e+00 2.875242876568516633e-03
4.798118978677631929e+00 2.850814975493577534e-03
4.802919497515498293e+00 2.858113633227931695e-03
4.807724819273263783e+00 2.848222409548465967e-03
4.812534948756252540e+00 2.861271002107135513e-03
4.817349890774593746e+00 2.856369624183177029e-03
4.822169650143221631e+00 2.854401066708603385e-03
4.826994231681899450e+00 2.869149728312152432e-03
4.831823640215215931e+00 2.878314070410970330e-03
4.836657880572580837e+00 2.865220006682231944e-03
4.841496957588231176e+00 2.874133741811310365e-03
4.846340876101236539e+00 2.848431000522237862e-03
4.851189640955515081e+00 2.857325631390779039e-03
4.856043256999841518e+00 2.858163037078120892e-03
4.860901729087832912e+00 2.866002401181116412e-03
4.865765062077957559e+00 2.894393128413664563e-03
4.870633260833545641e+00 2.879915667250722809e-03
4.875506330222796336e+00 2.875953866394724730e-03
4.880384275118790249e+00 2.862697356300214144e-03
4.885267100399468099e+00 2.870102506517663993e-03
4.890154810947648478e+00 2.860492923340480966e-03
4.895047411651042957e+00 2.876252264317496424e-03
4.899944907402258742e+00 2.895352601359821657e-03
4.904847303098789801e+00 2.891697346615834489e-03
4.909754603643035509e+00 2.879906447416022419e-03
4.914666813942294432e+00 2.879344255322926257e-03
4.919583938908781207e+00 2.863158223747459125e-03
4.924505983459625647e+00 2.876065101054957069e-03
4.929432952516857647e+00 2.877427731578779003e-03
4.934364851007448038e+00 2.895852547451014183e-03
4.939301683863293491e+00 2.906670614197521922e-03
4.944243456021228056e+00 2.895098128161513983e-03
4.949190172423037382e+00 2.887565673673273339e-03
4.954141838015430288e+00 2.888931666961236638e-03
4.959098457750073408e+00 2.883277478400408760e-03
4.964060036583591184e+00 2.888257372384877685e-03
4.969026579477557881e+00 2.893362097356410277e-03
4.973998091398529553e+00 2.888308889155817571e-03
4.978974577317996975e+00 2.914645043508720494e-03
4.983956042212440707e+00 2.893810831664333019e-03
4.988942491063345308e+00 2.886021085649051986e-03
4.993933928857154037e+00 2.887175107780205405e-03
4.998930360585301713e+00 2.889756647865544033e-03
5.003931791244232485e+00 2.896400161350094239e-03
5.008938225835387392e+00 2.904572443994707549e-03
5.013949669365178607e+00 2.919005737762543455e-03
5.018966126845050724e+00 2.926682070475086599e-03
5.023987603291483417e+00 2.903336641896597792e-03
5.029014103725942597e+00 2.903143701928116716e-03
5.034045633174912382e+00 2.889575795631564234e-03
5.039082196669929736e+00 2.892585163142827841e-03
5.044123799247563156e+00 2.904601588300381645e-03
5.049170445949409114e+00 2.918960918980227810e-03
5.054222141822116932e+00 2.930260072561082212e-03
5.059278891917392329e+00 2.919887102029903106e-03
5.064340701291981439e+00 2.908363341000164484e-03
5.069407575007691236e+00 2.901957397956835601e-03
5.074479518131396638e+00 2.895605452051166779e-03
5.079556535735048506e+00 2.916411607309105612e-03
5.084638632895670085e+00 2.913956583186164823e-03
5.089725814695344575e+00 2.901830394181076009e-03
5.094818086221258646e+00 2.935721766655224191e-03
5.099915452565697116e+00 2.915502131810303928e-03
5.105017918826001200e+00 2.921677266013051558e-03
5.110125490104637791e+00 2.922772378753938933e-03
5.115238171509195020e+00 2.906722277660367393e-03
5.120355968152357384e+00 2.906394425498374460e-03
5.125478885151912856e+00 2.921786093218919564e-03
5.130606927630777747e+00 2.920555644611006960e-03
5.135740100717002043e+00 2.932557097357711435e-03
5.140878409543742755e+00 2.940468754964110660e-03
5.146021859249314545e+00 2.945288215654476814e-03
5.151170454977186175e+00 2.915708374339932244e-03
5.156324201875936986e+00 2.920131532130302784e-03
5.161483105099310187e+00 2.919932503321734634e-03
5.166647169806227957e+00 2.923791943585106554e-03
5.171816401160748811e+00 2.926024046166101917e-03
5.176990804332091578e+00 2.933687360186816931e-03
5.182170384494676263e+00 2.936199108628812556e-03
5.187355146828076080e+00 2.941499924733116667e-03
5.192545096517046765e+00 2.912107760895751071e-03
5.197740238751555886e+00 2.927329629276606299e-03
5.202940578726746423e+00 2.923666854452334086e-03
5.208146121642937665e+00 2.944282971378721706e-03
5.213356872705671385e+00 2.924072075567068878e-03
5.218572837125716291e+00 2.934979850471323894e-03
5.223794020119036929e+00 2.952554314318932890e-03
5.229020426906815899e+00 2.926789710461798720e-03
5.234252062715459175e+00 2.928720247837958597e-03
5.239488932776602326e+00 2.933315198982452618e-03
5.244731042327116732e+00 2.925153241846589411e-03
5.249978396609110476e+00 2.939488596641934293e-03
5.255231000869926561e+00 2.929536366032840268e-03
5.260488860362181995e+00 2.937929702351557704e-03
5.265751980343742922e+00 2.948321571624726994e-03
5.271020366077721064e+00 2.938956051495445441e-03
5.276294022832505703e+00 2.961781577686476916e-03
5.281572955881746800e+00 2.935071734343572963e-03
5.286857170504389636e+00 2.937612175245034665e-03
5.292146671984641948e+00 2.948284732947275590e-03
5.297441465612009459e+00 2.942400300676273773e-03
5.302741556681281665e+00 2.944399338964719896e-03
5.308046950492546934e+00 2.950125831940023872e-03
5.313357652351209381e+00 2.944022852751226969e-03
5.318673667567960450e+00 2.934869979766087811e-03
5.323995001458828646e+00 2.940121902691815361e-03
5.329321659345145790e+00 2.947393594699113713e-03
5.334653646553560336e+00 2.934028061385498664e-03
5.339990968416064021e+00 2.941215752907207128e-03
5.345333630269974989e+00 2.956805255658642544e-03
5.350681637457968876e+00 2.955837927762651647e-03
5.356034995328046833e+00 2.949155512829672136e-03
5.361393709233554183e+00 2.938027042871452655e-03
5.366757784533228381e+00 2.950652249477436762e-03
5.372127226591127069e+00 2.953284490486977887e-03
5.377502040776687586e+00 2.957256700382564132e-03
5.382882232464750949e+00 2.945442282260875202e-03
5.388267807035501455e+00 2.962661767953378520e-03
5.393658769874507541e+00 2.954866498183623697e-03
5.399055126372735991e+00 2.957284189647675296e-03
5.404456881926536838e+00 2.948613892877418371e-03
5.409864041937665569e+00 2.957695040613662375e-03
5.415276611813296448e+00 2.962001171467121014e-03
5.420694596965989653e+00 2.966088954882345474e-03
5.426118002813722363e+00 2.967691842094470275e-03
5.431546834779908295e+00 2.963283238694265024e-03
