8.099554455959743215e-01 2.583530049818355719e-03
8.107658061542900585e-01 2.583518241161654374e-03
8.115769774784792334e-01 2.582956191832806551e-03
8.123889603797121994e-01 2.583411726299913742e-03
8.132017556699727701e-01 2.586269474468786290e-03
8.140153641620563318e-01 2.584544644989188612e-03
8.148297866695717317e-01 2.584870817218906224e-03
8.156450240069411661e-01 2.581401035250157489e-03
8.164610769894029563e-01 2.577923890182780980e-03
8.172779464330105492e-01 2.573295493059965435e-03
8.180956331546322957e-01 2.573019326535380506e-03
8.189141379719558911e-01 2.566265334981935285e-03
8.197334617034857107e-01 2.570406366207764106e-03
8.205536051685444754e-01 2.573395405985715555e-03
8.213745691872769150e-01 2.571672042453353440e-03
8.221963545806487694e-01 2.570835165480844786e-03
8.230189621704429026e-01 2.590881878604707825e-03
8.238423927792670742e-01 2.583156087961580374e-03
8.246666472305524964e-01 2.572755471273736102e-03
8.254917263485536116e-01 2.566240766897150832e-03
8.263176309583500911e-01 2.565067233126627679e-03
8.271443618858455027e-01 2.563937106115695298e-03
8.279719199577725286e-01 2.569612587713473138e-03
8.288003060016881918e-01 2.573433359238096272e-03
8.296295208459781856e-01 2.578036827071360747e-03
8.304595653198585392e-01 2.573722541430198494e-03
8.312904402533747295e-01 2.570398635307446188e-03
8.321221464773999044e-01 2.588252913360704864e-03
8.329546848236402123e-01 2.677185695749690827e-03
8.337880561246344691e-01 2.712562932135269972e-03
8.346222612137542685e-01 2.716076973056356404e-03
8.354573009252049820e-01 2.717944400442572680e-03
8.362931760940265358e-01 2.719351607086272372e-03
8.371298875560944097e-01 2.719720110117842052e-03
8.379674361481189715e-01 2.721356903706377822e-03
8.388058227076495843e-01 2.722047107992274853e-03
8.396450480730722754e-01 2.722135855834708750e-03
8.404851130836130668e-01 2.722792014226929017e-03
8.413260185793379753e-01 2.723586474492140086e-03
8.421677654011512359e-01 2.724479789908749658e-03
8.430103543908002983e-01 2.724019845764326028e-03
8.438537863908742720e-01 2.723992512503668577e-03
8.446980622448042597e-01 2.724087869616028529e-03
8.455431827968671321e-01 2.723955059517530787e-03
8.463891488921824191e-01 2.723837100842283962e-03
8.472359613767166397e-01 2.724284137581409367e-03
8.480836210972833022e-01 2.725308218422412172e-03
8.489321289015407945e-01 2.726294312485650836e-03
8.497814856379983794e-01 2.726875128370494054e-03
8.506316921560135302e-01 2.727294189574087663e-03
8.514827493057913754e-01 2.727570090841299234e-03
8.523346579383890287e-01 2.727399919259742688e-03
8.531874189057161439e-01 2.727237966387189433e-03
8.540410330605319178e-01 2.726909798153069261e-03
8.548955012564523059e-01 2.725740665962947049e-03
8.557508243479458043e-01 2.725112742572614096e-03
8.566070031903338933e-01 2.724504028673095136e-03
8.574640386397960334e-01 2.723949727054976368e-03
8.583219315533672233e-01 2.723783759602723190e-03
8.591806827889413301e-01 2.724012893458368969e-03
8.600402932052715332e-01 2.724856329455642347e-03
8.609007636619676607e-01 2.726124306228236253e-03
8.617620950194990748e-01 2.726814134342223691e-03
8.626242881391973372e-01 2.727278294657606988e-03
8.634873438832556536e-01 2.727545046141859487e-03
8.643512631147296510e-01 2.728703936642242357e-03
8.652160466975378217e-01 2.730311633425089746e-03
8.660816954964636327e-01 2.731825428133787328e-03
8.669482103771571913e-01 2.734460401791389845e-03
8.678155922061336902e-01 2.737220387874901312e-03
8.686838418507756288e-01 2.739810988934265282e-03
8.695529601793322572e-01 2.741959926709989972e-03
8.704229480609205760e-01 2.743882855415868786e-03
8.712938063655277787e-01 2.745285728224800426e-03
8.721655359640141381e-01 2.746247622397344872e-03
8.730381377281095645e-01 2.746697678882429640e-03
8.739116125304161597e-01 2.746109442999608401e-03
8.747859612444087718e-01 2.745177216549962544e-03
8.756611847444361052e-01 2.744224128270263303e-03
8.765372839057208321e-01 2.743509708302333764e-03
8.774142596043608133e-01 2.745148829429681393e-03
8.782921127173328735e-01 2.748867095223625316e-03
8.791708441224919124e-01 2.752294380415973643e-03
8.800504546985693510e-01 2.755395252154594840e-03
8.809309453251749078e-01 2.759466525791861788e-03
8.818123168827982639e-01 2.763694951974461633e-03
8.826945702528108395e-01 2.766607202683359600e-03
8.835777063174676815e-01 2.770147111459708798e-03
8.844617259599056869e-01 2.776770359518729477e-03
8.853466300641437137e-01 2.786284439632587262e-03
8.862324195150838024e-01 2.799141265152532525e-03
8.871190951985163942e-01 2.813997062031888246e-03
8.880066580011191091e-01 2.824259223919225147e-03
8.888951088104538600e-01 2.833233060712592611e-03
8.897844485149719596e-01 2.845333478992429291e-03
8.906746780040118994e-01 2.852289246306072799e-03
8.915657981678065669e-01 2.848234949648727546e-03
8.924578098974739193e-01 2.839525629729502346e-03
8.933507140850214245e-01 2.831627590576107738e-03
8.942445116233572744e-01 2.819873675685420026e-03
8.951392034062801706e-01 2.813823356392431210e-03
8.960347903284814342e-01 2.811452118097080601e-03
8.969312732855473369e-01 2.809551861273649597e-03
8.978286531739603227e-01 2.819631023057815600e-03
8.987269308911014498e-01 2.854611452565815940e-03
8.996261073352495030e-01 2.863820185713186143e-03
9.005261834055795500e-01 2.853652770571183175e-03
9.014271600021682707e-01 2.839335589755140245e-03
9.023290380259918475e-01 2.823084365973276000e-03
9.032318183789278532e-01 2.814143213683270583e-03
9.041355019637584700e-01 2.813691112876778779e-03
9.050400896841658271e-01 2.810150009959270362e-03
9.059455824447376626e-01 2.802434569593270468e-03
9.068519811509679895e-01 2.797904689933618412e-03
9.077592867092548756e-01 2.798661304610690868e-03
9.086675000269045510e-01 2.799027082729641652e-03
9.095766220121302981e-01 2.795894107390950022e-03
9.104866535740545608e-01 2.795239115221623619e-03
9.113975956227070574e-01 2.793967450319915537e-03
9.123094490690316638e-01 2.790923456418481843e-03
9.132222148248820837e-01 2.786892430924172229e-03
9.141358938030226255e-01 2.784236359849879324e-03
9.150504869171317557e-01 2.781647617880576503e-03
9.159659950818033192e-01 2.777681295565655011e-03
9.168824192125480943e-01 2.772920133123666937e-03
9.177997602257875753e-01 2.768867589752322007e-03
9.187180190388626322e-01 2.763385928502512870e-03
9.196371965700328444e-01 2.757682265705757325e-03
9.205572937384781662e-01 2.749882726022071389e-03
9.214783114642939310e-01 2.744349846805596224e-03
9.224002506684964020e-01 2.737834064046601543e-03
9.233231122730257701e-01 2.734411112394857270e-03
9.242468972007444883e-01 2.734800540663817007e-03
9.251716063754391595e-01 2.732634328697585487e-03
9.260972407218166502e-01 2.732833358456177985e-03
9.270238011655114185e-01 2.738565099173724017e-03
9.279512886330849586e-01 2.750491597843047510e-03
9.288797040520245796e-01 2.751046131463973435e-03
9.298090483507445159e-01 2.746969759288208409e-03
9.307393224585915892e-01 2.746996228011880457e-03
9.316705273058381032e-01 2.743023635558152797e-03
9.326026638236895039e-01 2.745673995037281861e-03
9.335357329442838248e-01 2.744972820904348874e-03
9.344697356006889111e-01 2.743979750055711240e-03
9.354046727269068606e-01 2.741325223002838603e-03
9.363405452578753563e-01 2.743025055785612738e-03
9.372773541294663335e-01 2.742326232483098102e-03
9.382151002784899774e-01 2.744580535891483469e-03
9.391537846426917246e-01 2.744353436151657048e-03
9.400934081607547066e-01 2.743447761309746567e-03
9.410339717723049668e-01 2.745879393218852559e-03
9.419754764179059103e-01 2.746605257014386823e-03
9.429179230390614119e-01 2.745479975907337035e-03
9.438613125782181479e-01 2.743505363237288587e-03
9.448056459787667061e-01 2.744366175212444199e-03
9.457509241850403647e-01 2.744638789113335638e-03
9.466971481423157586e-01 2.748308660703002813e-03
9.476443187968174309e-01 2.752246117336059998e-03
9.485924370957175000e-01 2.755076179739704423e-03
9.495415039871341056e-01 2.756200738307442409e-03
9.504915204201344059e-01 2.756252964077766238e-03
9.514424873447341335e-01 2.755260557529556637e-03
9.523944057118994833e-01 2.757593293780174256e-03
9.533472764735499982e-01 2.755442637272633409e-03
9.543011005825563497e-01 2.756735865772293008e-03
9.552558789927436678e-01 2.758407461544402570e-03
9.562116126588898757e-01 2.758958847814022269e-03
9.571683025367276887e-01 2.760851794990876878e-03
9.581259495829482775e-01 2.761232573973899408e-03
9.590845547552002692e-01 2.763841052309740261e-03
9.600441190120854174e-01 2.763970664670644620e-03
9.610046433131675947e-01 2.764890623961404562e-03
9.619661286189739036e-01 2.765783828600218344e-03
9.629285758909905679e-01 2.767143417053801336e-03
9.638919860916628224e-01 2.770102331175356217e-03
9.648563601844011295e-01 2.767654221230417266e-03
9.658216991335795143e-01 2.768611445259497490e-03
9.667880039045362306e-01 2.770369715049884277e-03
9.677552754635757593e-01 2.766652014268565149e-03
9.687235147779708067e-01 2.770709418275708880e-03
9.696927228159630818e-01 2.773451518264594129e-03
9.706629005467596327e-01 2.770139636547872160e-03
9.716340489405361769e-01 2.771166244363319330e-03
9.726061689684449840e-01 2.773062591728647601e-03
9.735792616026035518e-01 2.772494006556237671e-03
9.745533278161038204e-01 2.772421098460865069e-03
9.755283685830130613e-01 2.774726384519466110e-03
9.765043848783711011e-01 2.775732390093156067e-03
9.774813776781959840e-01 2.775573734400291377e-03
9.784593479594798637e-01 2.777790476568448800e-03
9.794382967001936668e-01 2.779603988280141165e-03
9.804182248792859822e-01 2.779983756082112043e-03
9.813991334766843933e-01 2.780226718889431282e-03
9.823810234732978097e-01 2.781167615979284261e-03
9.833638958510170225e-01 2.781379911847149493e-03
9.843477515927149257e-01 2.781078452273239889e-03
9.853325916822468500e-01 2.781462891876647359e-03
9.863184171044501181e-01 2.782001375032485194e-03
9.873052288451531489e-01 2.782489965462407473e-03
9.882930278911683519e-01 2.781632152313297419e-03
9.892818152302930157e-01 2.781487796381746161e-03
9.902715918513149695e-01 2.781273762025357650e-03
9.912623587440111406e-01 2.781650666106938365e-03
9.922541168991476646e-01 2.784105097931580206e-03
9.932468673084843269e-01 2.790038442405830179e-03
9.942406109647716761e-01 2.796215189335728851e-03
9.952353488617531330e-01 2.805567942598950846e-03
9.962310819941662121e-01 2.808674311096984264e-03
9.972278113577441871e-01 2.801624279211132034e-03
9.982255379492167569e-01 2.796039945785961864e-03
9.992242627663093790e-01 2.793506038786138217e-03
1.000223986807747600e+00 2.793541269692682762e-03
1.001224711073256834e+00 2.795131966486430128e-03
1.002226436563560474e+00 2.797151319233906128e-03
1.003229164280384333e+00 2.800309317617992629e-03
1.004232895226455646e+00 2.804617389748679211e-03
1.005237630405505511e+00 2.807171387338383388e-03
1.006243370822270000e+00 2.806866306849956777e-03
1.007250117482488161e+00 2.804748265818416894e-03
1.008257871392907346e+00 2.802511061449239511e-03
1.009266633561284321e+00 2.798912125600178449e-03
1.010276404996379940e+00 2.795205625975205957e-03
1.011287186707962471e+00 2.790998925134484908e-03
1.012298979706815372e+00 2.788546583898598129e-03
1.013311785004731513e+00 2.790584646523004871e-03
1.014325603614517401e+00 2.797264868124751166e-03
1.015340436549991621e+00 2.797167423711398142e-03
1.016356284825987721e+00 2.793415620669326312e-03
1.017373149458352000e+00 2.791072453967822012e-03
1.018391031463949936e+00 2.788654102387545710e-03
1.019409931860664198e+00 2.785708234315592557e-03
1.020429851667395971e+00 2.781965773053918147e-03
1.021450791904064959e+00 2.780410351950846157e-03
1.022472753591610495e+00 2.780776842513614858e-03
1.023495737751995538e+00 2.781117377489197070e-03
1.024519745408203342e+00 2.781143853867709854e-03
1.025544777584241007e+00 2.781777119636969636e-03
1.026570835305141705e+00 2.781634136864238535e-03
1.027597919596963782e+00 2.781983823014771810e-03
1.028626031486790104e+00 2.781461516926607685e-03
1.029655172002734043e+00 2.780092216298163908e-03
1.030685342173935926e+00 2.777852451238441503e-03
1.031716543030566147e+00 2.775745567967619586e-03
1.032748775603824720e+00 2.772750429395418135e-03
1.033782040925944834e+00 2.770022609474882477e-03
1.034816340030192627e+00 2.767563427148389803e-03
1.035851673950866303e+00 2.765244280453616962e-03
1.036888043723299679e+00 2.761137150787393735e-03
1.037925450383862858e+00 2.757237999305605335e-03
1.038963894969963331e+00 2.754310780250357645e-03
1.040003378520046207e+00 2.751383601025283836e-03
1.041043902073592431e+00 2.749105198722325439e-03
1.042085466671125449e+00 2.747042086611642224e-03
1.043128073354212981e+00 2.745199724428455841e-03
1.044171723165462140e+00 2.743052638441369380e-03
1.045216417148520982e+00 2.740242068421609896e-03
1.046262156348083616e+00 2.738839245025426021e-03
1.047308941809890870e+00 2.736988985116641133e-03
1.048356774580727402e+00 2.735495616641080326e-03
1.049405655708424367e+00 2.732714898091993805e-03
1.050455586241864525e+00 2.730717836321738552e-03
1.051506567230979794e+00 2.727663231354916958e-03
1.052558599726749256e+00 2.726233033991338171e-03
1.053611684781205371e+00 2.724229412033539553e-03
1.054665823447434869e+00 2.722988729655831820e-03
1.055721016779575638e+00 2.720912276650707361e-03
1.056777265832821389e+00 2.718893713997807930e-03
1.057834571663421430e+00 2.717986221074049184e-03
1.058892935328680673e+00 2.716531616828989689e-03
1.059952357886963181e+00 2.716403438649346493e-03
1.061012840397692836e+00 2.715029705657829358e-03
1.062074383921351339e+00 2.715461981092819575e-03
1.063136989519481546e+00 2.714341564385055507e-03
1.064200658254688792e+00 2.713995132910396093e-03
1.065265391190642452e+00 2.713258227076924614e-03
1.066331189392076162e+00 2.712624465949385697e-03
1.067398053924788259e+00 2.711941626152664271e-03
1.068465985855643563e+00 2.711658399768929802e-03
1.069534986252574260e+00 2.711836289533989686e-03
1.070605056184579462e+00 2.711819756823020348e-03
1.071676196721730756e+00 2.711880178110983707e-03
1.072748408935168429e+00 2.712180216482139306e-03
1.073821693897103469e+00 2.712309096717882388e-03
1.074896052680821112e+00 2.713900086841674036e-03
1.075971486360680407e+00 2.714693764241337976e-03
1.077047996012116871e+00 2.716437705085520717e-03
1.078125582711639385e+00 2.717796687056683001e-03
1.079204247536833972e+00 2.719747800236522236e-03
1.080283991566367119e+00 2.722732696766155900e-03
1.081364815879982011e+00 2.725424779268082950e-03
1.082446721558502079e+00 2.728193486504626800e-03
1.083529709683832998e+00 2.731361616140778881e-03
1.084613781338964023e+00 2.734206009132348833e-03
1.085698937607967762e+00 2.737824757281728458e-03
1.086785179575999072e+00 2.741329177191766716e-03
1.087872508329299936e+00 2.743018349500541634e-03
1.088960924955200360e+00 2.746012451423176983e-03
1.090050430542115478e+00 2.748209252131560143e-03
1.091141026179552442e+00 2.749698398751643756e-03
1.092232712958106200e+00 2.752366918498679906e-03
1.093325491969463270e+00 2.754136567817334295e-03
1.094419364306403519e+00 2.756317477392655670e-03
1.095514331062799718e+00 2.759087027316938986e-03
1.096610393333617983e+00 2.760458215133778336e-03
1.097707552214920890e+00 2.764790427080462618e-03
1.098805808803868134e+00 2.767311825287725909e-03
1.099905164198715202e+00 2.770807413856921520e-03
1.101005619498818477e+00 2.776798113248817469e-03
1.102107175804632577e+00 2.780409945555612720e-03
1.103209834217713237e+00 2.784378762207968729e-03
1.104313595840720197e+00 2.788852313145156591e-03
1.105418461777413652e+00 2.795514748084724187e-03
1.106524433132661356e+00 2.800985008199230117e-03
1.107631511012435288e+00 2.806339536951775720e-03
1.108739696523812546e+00 2.811135250247218109e-03
1.109848990774979782e+00 2.817343979403979289e-03
1.110959394875229211e+00 2.824412781920125973e-03
1.112070909934964602e+00 2.827555346074188229e-03
1.113183537065703277e+00 2.835741814916195851e-03
1.114297277380072559e+00 2.841401784693656750e-03
1.115412131991812217e+00 2.849281947182529407e-03
1.116528102015776458e+00 2.855229861292091394e-03
1.117645188567933490e+00 2.857769388061937640e-03
1.118763392765371512e+00 2.861785456550021683e-03
1.119882715726297162e+00 2.864326215840259232e-03
1.121003158570033076e+00 2.862573505538232570e-03
1.122124722417020326e+00 2.863250850991432613e-03
1.123247408388822866e+00 2.862435245466454867e-03
1.124371217608127527e+00 2.859905820527050644e-03
1.125496151198744688e+00 2.859898365166937961e-03
1.126622210285607384e+00 2.858872612678153152e-03
1.127749395994771975e+00 2.857308047095310100e-03
1.128877709453426359e+00 2.849288146691177168e-03
1.130007151789885311e+00 2.847694229959039230e-03
1.131137724133588929e+00 2.844573466029280250e-03
1.132269427615111068e+00 2.841909297688651609e-03
1.133402263366155127e+00 2.848294722117019739e-03
1.134536232519556265e+00 2.864530539511299032e-03
1.135671336209286064e+00 2.872002054451297005e-03
1.136807575570448314e+00 2.878293280845613776e-03
1.137944951739279231e+00 2.873610340756669809e-03
1.139083465853155674e+00 2.867929305017523790e-03
1.140223119050594480e+00 2.865629931171818218e-03
1.141363912471246245e+00 2.863419721007082024e-03
1.142505847255904872e+00 2.861330095257228357e-03
1.143648924546506684e+00 2.862789168277321897e-03
1.144793145486128871e+00 2.864459010794811848e-03
1.145938511218992373e+00 2.867244666340853284e-03
1.147085022890461214e+00 2.870834412336218614e-03
1.148232681647048281e+00 2.877288998069887568e-03
1.149381488636412874e+00 2.886610052245716825e-03
1.150531445007361153e+00 2.895202732257650714e-03
1.151682551909849916e+00 2.903232201830159304e-03
1.152834810494985263e+00 2.910549671733497507e-03
1.153988221915028811e+00 2.916932126046772530e-03
1.155142787323389930e+00 2.919125911192704467e-03
1.156298507874635062e+00 2.922203944736854672e-03
1.157455384724486835e+00 2.920716861834747081e-03
1.158613419029816960e+00 2.919213116987407972e-03
1.159772611948661325e+00 2.917550932562750204e-03
1.160932964640214893e+00 2.914256889550039149e-03
1.162094478264829478e+00 2.910730356332015371e-03
1.163257153984020631e+00 2.904381598369561515e-03
1.164420992960464529e+00 2.895271325962937674e-03
1.165585996357997089e+00 2.888997232542691619e-03
1.166752165341621739e+00 2.881916876372519684e-03
1.167919501077509192e+00 2.880569210332396823e-03
1.169088004732994568e+00 2.884749442672892086e-03
1.170257677476581604e+00 2.889088596097231197e-03
1.171428520477943325e+00 2.909582052996071040e-03
1.172600534907923375e+00 2.936154277619859674e-03
1.173773721938536241e+00 2.946051557550430182e-03
1.174948082742969024e+00 2.941332202632666350e-03
1.176123618495583001e+00 2.929771744474514439e-03
1.177300330371911397e+00 2.915489715714938979e-03
1.178478219548668493e+00 2.905078625620909419e-03
1.179657287203744964e+00 2.898397501333486483e-03
1.180837534516205212e+00 2.895214158323464269e-03
1.182018962666298245e+00 2.894722692905333551e-03
1.183201572835452797e+00 2.892004642784417375e-03
1.184385366206279766e+00 2.884397041182154824e-03
1.185570343962571549e+00 2.880110918175413266e-03
1.186756507289305596e+00 2.882606019269306433e-03
1.187943857372644185e+00 2.880565932179264630e-03
1.189132395399938202e+00 2.877619298682614329e-03
1.190322122559727358e+00 2.879437206607487511e-03
1.191513040041739746e+00 2.879710275566415342e-03
1.192705149036892065e+00 2.877938864792395270e-03
1.193898450737292283e+00 2.876581609956865414e-03
1.195092946336242523e+00 2.872451480648318713e-03
1.196288637028239288e+00 2.869155237543711667e-03
1.197485524008971902e+00 2.867438504726690929e-03
1.198683608475328288e+00 2.864571129844552429e-03
1.199882891625392523e+00 2.859869977380619273e-03
1.201083374658448388e+00 2.854461334114035027e-03
1.202285058774978488e+00 2.852208250411324662e-03
1.203487945176667351e+00 2.848823081092455127e-03
1.204692035066401878e+00 2.845112697073093160e-03
1.205897329648271787e+00 2.841761237696877745e-03
1.207103830127570721e+00 2.837123982939400869e-03
1.208311537710799799e+00 2.832227135474530127e-03
1.209520453605668511e+00 2.826205567093248699e-03
1.210730579021092268e+00 2.821719766852053089e-03
1.211941915167195072e+00 2.815845761791791954e-03
1.213154463255313065e+00 2.811581850452700513e-03
1.214368224497995641e+00 2.806381690986002944e-03
1.215583200109004336e+00 2.803295449665683080e-03
1.216799391303313715e+00 2.800156480395399067e-03
1.218016799297116037e+00 2.798648797951925823e-03
1.219235425307820142e+00 2.794832887129607320e-03
1.220455270554050786e+00 2.791321249340432235e-03
1.221676336255654416e+00 2.786921935082785004e-03
1.222898623633697612e+00 2.782348242883715770e-03
1.224122133910464649e+00 2.778468924925519504e-03
1.225346868309468595e+00 2.774396351626618601e-03
1.226572828055445985e+00 2.770306306010511792e-03
1.227800014374351933e+00 2.767429217871608411e-03
1.229028428493374347e+00 2.763116224453572405e-03
1.230258071640927708e+00 2.759410334739181153e-03
1.231488945046652184e+00 2.756522592666115802e-03
1.232721049941425173e+00 2.760081590296322405e-03
1.233954387557350874e+00 2.764518453704142061e-03
1.235188959127763386e+00 2.762973624829431849e-03
1.236424765887237598e+00 2.761737945985344965e-03
1.237661809071581853e+00 2.755401625241796909e-03
1.238900089917839509e+00 2.747593275014691139e-03
1.240139609664291376e+00 2.743282308202450639e-03
1.241380369550453722e+00 2.740229958019451371e-03
1.242622370817087374e+00 2.737686200834809312e-03
1.243865614706197942e+00 2.735203423677307066e-03
1.245110102461026935e+00 2.730789133442671802e-03
1.246355835326061534e+00 2.729039403602718031e-03
1.247602814547033478e+00 2.728045606222853289e-03
1.248851041370924841e+00 2.726277015704406999e-03
1.250100517045962700e+00 2.724532311214287843e-03
1.251351242821620691e+00 2.722981238029596220e-03
1.252603219948625890e+00 2.721674264695090814e-03
1.253856449678957707e+00 2.721197278728823294e-03
1.255110933265842998e+00 2.720216521039961304e-03
1.256366671963763171e+00 2.718676788670413864e-03
1.257623667028460623e+00 2.717478337912839804e-03
1.258881919716930087e+00 2.717374900746178865e-03
1.260141431287421954e+00 2.716314665613205667e-03
1.261402202999453381e+00 2.715859715112190972e-03
1.262664236113794747e+00 2.716445480602338799e-03
1.263927531892475642e+00 2.715621872732543012e-03
1.265192091598793755e+00 2.715759687700521844e-03
1.266457916497307101e+00 2.716592990483612108e-03
1.267725007853840458e+00 2.717338511308732898e-03
1.268993366935489364e+00 2.717744679101700457e-03
1.270262995010613016e+00 2.717854990637555077e-03
1.271533893348834932e+00 2.719448448215774135e-03
1.272806063221056050e+00 2.720953742685146802e-03
1.274079505899448517e+00 2.722841036978598719e-03
1.275354222657453018e+00 2.722565625404498729e-03
1.276630214769785443e+00 2.725068753222012734e-03
1.277907483512440212e+00 2.726084754501022136e-03
1.279186030162684506e+00 2.730399042375001185e-03
1.280465855999067148e+00 2.733748056778643673e-03
1.281746962301411275e+00 2.735164699692427259e-03
1.283029350350822995e+00 2.739744531571549485e-03
1.284313021429691171e+00 2.741996586019713675e-03
1.285597976821686306e+00 2.745000185179330681e-03
1.286884217811765874e+00 2.749333400642772936e-03
1.288171745686169212e+00 2.753792689367507221e-03
1.289460561732425514e+00 2.756261706259799209e-03
1.290750667239352723e+00 2.759567697429007004e-03
1.292042063497055082e+00 2.765445701863393849e-03
1.293334751796928028e+00 2.766978021248607707e-03
1.294628733431660184e+00 2.771306459133031797e-03
1.295924009695232693e+00 2.775508073886690484e-03
1.297220581882923440e+00 2.778968097679208188e-03
1.298518451291303943e+00 2.780532876741641582e-03
1.299817619218243570e+00 2.786821096878575564e-03
1.301118086962911757e+00 2.791989650781492860e-03
1.302419855825775574e+00 2.795627218420899170e-03
1.303722927108603713e+00 2.797806656055666294e-03
1.305027302114467824e+00 2.801306953375663940e-03
1.306332982147742738e+00 2.807547503630770849e-03
1.307639968514106243e+00 2.811038733380527826e-03
1.308948262520545081e+00 2.811948630181891791e-03
1.310257865475357386e+00 2.813110937004992870e-03
1.311568778688145365e+00 2.819044434929437667e-03
1.312881003469822394e+00 2.823646518582148112e-03
1.314194541132613248e+00 2.825957342574039050e-03
1.315509392990052095e+00 2.825920282629327488e-03
1.316825560356992275e+00 2.830782639673772721e-03
1.318143044549605181e+00 2.834222938537622576e-03
1.319461846885372491e+00 2.835123105247114566e-03
1.320781968683094609e+00 2.839309473363702332e-03
1.322103411262894657e+00 2.840828293383502925e-03
1.323426175946215588e+00 2.845752058675216599e-03
1.324750264055823967e+00 2.845600108302643108e-03
1.326075676915806634e+00 2.846298025829925582e-03
1.327402415851577810e+00 2.854925066797888746e-03
1.328730482189877105e+00 2.864464406159415721e-03
1.330059877258766621e+00 2.874478270535188625e-03
1.331390602387644506e+00 2.899605379526823141e-03
1.332722658907238511e+00 2.898836706482707526e-03
1.334056048149601548e+00 2.888130449657712578e-03
1.335390771448121905e+00 2.885115020023602730e-03
1.336726830137523470e+00 2.888682806131965489e-03
1.338064225553867281e+00 2.890431447159383469e-03
1.339402959034549756e+00 2.887425406535358650e-03
1.340743031918303130e+00 2.886060519768060377e-03
1.342084445545197235e+00 2.890208312585344341e-03
1.343427201256649495e+00 2.891826808275973614e-03
1.344771300395417146e+00 2.894762627576613883e-03
1.346116744305594359e+00 2.897727089932663862e-03
1.347463534332628665e+00 2.900996899273917354e-03
1.348811671823311853e+00 2.901332939709794310e-03
1.350161158125778860e+00 2.905798287689735984e-03
1.351511994589517540e+00 2.906091715423574084e-03
1.352864182565362894e+00 2.909986787234292334e-03
1.354217723405502616e+00 2.916538815434326602e-03
1.355572618463477541e+00 2.916324045337330764e-03
1.356928869094182311e+00 2.920623351780626993e-03
1.358286476653869368e+00 2.934077063835818355e-03
1.359645442500145185e+00 2.941072877844711723e-03
1.361005767991978699e+00 2.939133390284212957e-03
1.362367454489693541e+00 2.939193165010960725e-03
1.363730503354976253e+00 2.931849835459735508e-03
1.365094915950876286e+00 2.927496538278508489e-03
1.366460693641805557e+00 2.923212975437143937e-03
1.367827837793544221e+00 2.920834750167213695e-03
1.369196349773232901e+00 2.919390037841570161e-03
1.370566230949384456e+00 2.925247360786696268e-03
1.371937482691882648e+00 2.929338067913062841e-03
1.373310106371978812e+00 2.932953140236788190e-03
1.374684103362296073e+00 2.934773012765148209e-03
1.376059475036832236e+00 2.933487566153133736e-03
1.377436222770957119e+00 2.935945278360208716e-03
1.378814347941416329e+00 2.939512361306434018e-03
1.380193851926337034e+00 2.939865846805288924e-03
1.381574736105227075e+00 2.941939205748585022e-03
1.382957001858968082e+00 2.946380739845293282e-03
1.384340650569826359e+00 2.944076990984477969e-03
1.385725683621453097e+00 2.946108069455149331e-03
1.387112102398877056e+00 2.943106547975897751e-03
1.388499908288514106e+00 2.942957414958755243e-03
1.389889102678176336e+00 2.942855088149707449e-03
1.391279686957059170e+00 2.944570867849921354e-03
1.392671662515744480e+00 2.946269725759995128e-03
1.394065030746209910e+00 2.947175131857174279e-03
1.395459793041823549e+00 2.948256032403374048e-03
1.396855950797346368e+00 2.948974237118854105e-03
1.398253505408935560e+00 2.950261532341930115e-03
1.399652458274146971e+00 2.948012957018400580e-03
1.401052810791931336e+00 2.950814810315787080e-03
1.402454564362640488e+00 2.944091884442201143e-03
1.403857720388033359e+00 2.942642379682990431e-03
1.405262280271267539e+00 2.941005841337419879e-03
1.406668245416895724e+00 2.938723231014932734e-03
1.408075617230885701e+00 2.936579521324960123e-03
1.409484397120611021e+00 2.937043854395054564e-03
1.410894586494849667e+00 2.932505969810187199e-03
1.412306186763792493e+00 2.931371791049795436e-03
1.413719199339038557e+00 2.930382431929788416e-03
1.415133625633601788e+00 2.928549229210350695e-03
1.416549467061908762e+00 2.924803927746293976e-03
1.417966725039802256e+00 2.926002311730918886e-03
1.419385400984539025e+00 2.926852732142678701e-03
1.420805496314794913e+00 2.923921351571968918e-03
1.422227012450665296e+00 2.923642390209878900e-03
1.423649950813663079e+00 2.924404796287756025e-03
1.425074312826731360e+00 2.919636994928098868e-03
1.426500099914232100e+00 2.917861437365308792e-03
1.427927313501950124e+00 2.918678093949710062e-03
1.429355955017101332e+00 2.915584658504837608e-03
1.430786025888328483e+00 2.909877073478503613e-03
1.432217527545700975e+00 2.911195971770818864e-03
1.433650461420720168e+00 2.910840951106956689e-03
1.435084828946318947e+00 2.904996953872602400e-03
1.436520631556862826e+00 2.901275776269970214e-03
1.437957870688159057e+00 2.900748738553610498e-03
1.439396547777445301e+00 2.903144545099406882e-03
1.440836664263399847e+00 2.899811899614637527e-03
1.442278221586138942e+00 2.898096661055919385e-03
1.443721221187219905e+00 2.893824073730940326e-03
1.445165664509644454e+00 2.895140116150479899e-03
1.446611552997854488e+00 2.890890768586067312e-03
1.448058888097737640e+00 2.884709412672640041e-03
1.449507671256628161e+00 2.883505178041641942e-03
1.450957903923310921e+00 2.886103844830223680e-03
1.452409587548018299e+00 2.878251098235443291e-03
1.453862723582431071e+00 2.878374537324163845e-03
1.455317313479687957e+00 2.875797827738280077e-03
1.456773358694377629e+00 2.874975577775750520e-03
1.458230860682547148e+00 2.868098068507411898e-03
1.459689820901702628e+00 2.866110657697902922e-03
1.461150240810803247e+00 2.869483364500634900e-03
1.462612121870266346e+00 2.869609240689477425e-03
1.464075465541970544e+00 2.864441934248825126e-03
1.465540273289261508e+00 2.861676415724765873e-03
1.467006546576947734e+00 2.859364390218904588e-03
1.468474286871301882e+00 2.860228279452104935e-03
1.469943495640066322e+00 2.856020094920850606e-03
1.471414174352450921e+00 2.854280491355044164e-03
1.472886324479134590e+00 2.850507864216318688e-03
1.474359947492264622e+00 2.851454958928127670e-03
1.475835044865461132e+00 2.848451606035403826e-03
1.477311618073823940e+00 2.843551144967761471e-03
1.478789668593927464e+00 2.839704887591388595e-03
1.480269197903824496e+00 2.842530181655199793e-03
1.481750207483043980e+00 2.838290761196575213e-03
1.483232698812595229e+00 2.834479537632550450e-03
1.484716673374970375e+00 2.831121371697933962e-03
1.486202132654143915e+00 2.828320334106230148e-03
1.487689078135571830e+00 2.827590297571304454e-03
1.489177511306200907e+00 2.825051911382533542e-03
1.490667433654462082e+00 2.819482367287081716e-03
1.492158846670277539e+00 2.822452340265754842e-03
1.493651751845064934e+00 2.817627991188613457e-03
1.495146150671732066e+00 2.812693531252347893e-03
1.496642044644675762e+00 2.811588238791659904e-03
1.498139435259789654e+00 2.806165534521383106e-03
1.499638324014464175e+00 2.803032340008537824e-03
1.501138712407587894e+00 2.805282351845486861e-03
1.502640601939549292e+00 2.802127512885533699e-03
1.504143994112236538e+00 2.802158444544091548e-03
1.505648890429041931e+00 2.799069854591771864e-03
1.507155292394863233e+00 2.796386416561053544e-03
1.508663201516102337e+00 2.794146268225819116e-03
1.510172619300667263e+00 2.789888323377799281e-03
1.511683547257977489e+00 2.787158720369769128e-03
1.513195986898960399e+00 2.788655861175437078e-03
1.514709939736056388e+00 2.781058332465059270e-03
1.516225407283221971e+00 2.778679449863692349e-03
1.517742391055919793e+00 2.780544117409332935e-03
1.519260892571135058e+00 2.778341317489125845e-03
1.520780913347369978e+00 2.774431496348689092e-03
1.522302454904641111e+00 2.772357412928528643e-03
1.523825518764496234e+00 2.768381448849980934e-03
1.525350106449998355e+00 2.768310454939834023e-03
1.526876219485730601e+00 2.766864618013538304e-03
1.528403859397809539e+00 2.762253460372517556e-03
1.529933027713875626e+00 2.763563363534029399e-03
1.531463725963096323e+00 2.761202993634273312e-03
1.532995955676171640e+00 2.762391467519037698e-03
1.534529718385328367e+00 2.764691639613420498e-03
1.536065015624331398e+00 2.765399420288151919e-03
1.537601848928477732e+00 2.764525181020209554e-03
1.539140219834601586e+00 2.759141994303749255e-03
1.540680129881076166e+00 2.757479955901254599e-03
1.542221580607809006e+00 2.758341923536650024e-03
1.543764573556249298e+00 2.760323315877122926e-03
1.545309110269391661e+00 2.759021540029867568e-03
1.546855192291775483e+00 2.757015388865920180e-03
1.548402821169480026e+00 2.757112548042265580e-03
1.549951998450135093e+00 2.757995332333038757e-03
1.551502725682915251e+00 2.763409066566412196e-03
1.553055004418552043e+00 2.763966981265984779e-03
1.554608836209321776e+00 2.763371515665753297e-03
1.556164222609055736e+00 2.765649840238248135e-03
1.557721165173142852e+00 2.765884285733298704e-03
1.559279665458526809e+00 2.767162987599025223e-03
1.560839725023707159e+00 2.770390887915036380e-03
1.562401345428738431e+00 2.772637349654631309e-03
1.563964528235243456e+00 2.773911834991096663e-03
1.565529275006407373e+00 2.773157425868225286e-03
1.567095587306978954e+00 2.772757058469217575e-03
1.568663466703268616e+00 2.775552424950999009e-03
1.570232914763154186e+00 2.777308728460918790e-03
1.571803933056086233e+00 2.778815551538652874e-03
1.573376523153083406e+00 2.779782206006864084e-03
1.574950686626736207e+00 2.781255101387465969e-03
1.576526425051205660e+00 2.784765247094411582e-03
1.578103740002232414e+00 2.787249670379177407e-03
1.579682633057129193e+00 2.789498796034958067e-03
1.581263105794789903e+00 2.793847037263770539e-03
1.582845159795690959e+00 2.797694397206840645e-03
1.584428796641883297e+00 2.801280746746296485e-03
1.586014017917000585e+00 2.805850113924763210e-03
1.587600825206265887e+00 2.810900805942269810e-03
1.589189220096486999e+00 2.817596028714008070e-03
1.590779204176061778e+00 2.822413688254549018e-03
1.592370779034972816e+00 2.829584439047219593e-03
1.593963946264796538e+00 2.835053074937475201e-03
1.595558707458699654e+00 2.842835930665906039e-03
1.597155064211443820e+00 2.850868765380653279e-03
1.598753018119386970e+00 2.859430269705086868e-03
1.600352570780481987e+00 2.867578225782646886e-03
1.601953723794279805e+00 2.876967521311834218e-03
1.603556478761936521e+00 2.886861903822444952e-03
1.605160837286207842e+00 2.893172448171636366e-03
1.606766800971446418e+00 2.901737157743162002e-03
1.608374371423619609e+00 2.906987659363387873e-03
1.609983550250299711e+00 2.912394982055050568e-03
1.611594339060662628e+00 2.920919686502203294e-03
1.613206739465496975e+00 2.928385965821177737e-03
1.614820753077206072e+00 2.935224663870967046e-03
1.616436381509801290e+00 2.933475781171725888e-03
1.618053626378912035e+00 2.943938808225255929e-03
1.619672489301787088e+00 2.952153656655676778e-03
1.621292971897287050e+00 2.953002551629832668e-03
1.622915075785891670e+00 2.954354769378342467e-03
1.624538802589707176e+00 2.952898555422911464e-03
1.626164153932458944e+00 2.963382780925657555e-03
1.627791131439499495e+00 2.965566796375856528e-03
1.629419736737808710e+00 2.958245114911515605e-03
1.631049971455992953e+00 2.963282514737317248e-03
1.632681837224285060e+00 2.964005472776350646e-03
1.634315335674550784e+00 2.957542102158789311e-03
1.635950468440285910e+00 2.957872883413987207e-03
1.637587237156621134e+00 2.953568215956452539e-03
1.639225643460328952e+00 2.950850189500121845e-03
1.640865688989819882e+00 2.953345145086426829e-03
1.642507375385137580e+00 2.947816338301485588e-03
1.644150704287967502e+00 2.948320434182390495e-03
1.645795677341638452e+00 2.949088084092766487e-03
1.647442296191123257e+00 2.949990286959111412e-03
1.649090562483041200e+00 2.950257760483703320e-03
1.650740477865659139e+00 2.945748536238449681e-03
1.652392043988892389e+00 2.942287569786330124e-03
1.654045262504306946e+00 2.943593627870293508e-03
1.655700135065121037e+00 2.954450058869574972e-03
1.657356663326206681e+00 2.957385459227216025e-03
1.659014848944093901e+00 2.953613858134839128e-03
1.660674693576969618e+00 2.949167393730150848e-03
1.662336198884679206e+00 2.948557159203072254e-03
1.663999366528727597e+00 2.947833269025216998e-03
1.665664198172280175e+00 2.963057378960282703e-03
1.667330695480168323e+00 2.981586592270574210e-03
1.668998860118890315e+00 2.995548987119601991e-03
1.670668693756610423e+00 2.987287758667050985e-03
1.672340198063163363e+00 2.988482089426802105e-03
1.674013374710054736e+00 2.987439235359161133e-03
1.675688225370461693e+00 2.978050481223364424e-03
1.677364751719235381e+00 2.972923805436451621e-03
1.679042955432901163e+00 2.966311754312112459e-03
1.680722838189662172e+00 2.965880796796808386e-03
1.682404401669400640e+00 2.962085976337684029e-03
1.684087647553678346e+00 2.963142137115962887e-03
1.685772577525743277e+00 2.962783309546650548e-03
1.687459193270526736e+00 2.964238543651364494e-03
1.689147496474642685e+00 2.966500849618044708e-03
1.690837488826394841e+00 2.968381498961361348e-03
1.692529172015778904e+00 2.971380053721131738e-03
1.694222547734476558e+00 2.976916238012146040e-03
1.695917617675862132e+00 2.975090775613971165e-03
1.697614383535007043e+00 2.980554598958679805e-03
1.699312847008676020e+00 2.982630998527933085e-03
1.701013009795334652e+00 2.982750389830752039e-03
1.702714873595143619e+00 2.980040263350284494e-03
1.704418440109970900e+00 2.974826559784271313e-03
1.706123711043382896e+00 2.969343100833878729e-03
1.707830688100642424e+00 2.967673602186909378e-03
1.709539372988733374e+00 2.964349600763939267e-03
1.711249767416338718e+00 2.971017221436562071e-03
1.712961873093852061e+00 2.973695488175054791e-03
1.714675691733381635e+00 2.972532930197714814e-03
1.716391225048744973e+00 2.961962196202079598e-03
1.718108474755477122e+00 2.961092736618534636e-03
1.719827442570826870e+00 2.955858766964151920e-03
1.721548130213762073e+00 2.954888557394295782e-03
1.723270539404973212e+00 2.952945271656197326e-03
1.724994671866867391e+00 2.954942852704044859e-03
1.726720529323575670e+00 2.958597288497152259e-03
1.728448113500954619e+00 2.964136689006567540e-03
1.730177426126591422e+00 2.967219869890706449e-03
1.731908468929799882e+00 2.965646345987001803e-03
1.733641243641623975e+00 2.968445705990476694e-03
1.735375751994837401e+00 2.968279199731588790e-03
1.737111995723943592e+00 2.967613885176918764e-03
1.738849976565191469e+00 2.968119239190848083e-03
1.740589696256562569e+00 2.964988005408676977e-03
1.742331156537773262e+00 2.961220319826290970e-03
1.744074359150284748e+00 2.956454975784979580e-03
1.745819305837302604e+00 2.954916087229550112e-03
1.747565998343771909e+00 2.953229935607630356e-03
1.749314438416384787e+00 2.951387505082035852e-03
1.751064627803578855e+00 2.949914306861114305e-03
1.752816568255545659e+00 2.948186793982115073e-03
1.754570261524226682e+00 2.951868992351343746e-03
1.756325709363313337e+00 2.951368926809467934e-03
1.758082913528259406e+00 2.952013070851124740e-03
1.759841875776264164e+00 2.951757305843671735e-03
1.761602597866290143e+00 2.951995665670740978e-03
1.763365081559061576e+00 2.955772492736430390e-03
1.765129328617062621e+00 2.954229033839805146e-03
1.766895340804538028e+00 2.953388444936922309e-03
1.768663119887500246e+00 2.954534425959898410e-03
1.770432667633730528e+00 2.958248558346830703e-03
1.772203985812774718e+00 2.958560886491607388e-03
1.773977076195953018e+00 2.958413359271400405e-03
1.775751940556356212e+00 2.952916321629470327e-03
1.777528580668849223e+00 2.947412152643438636e-03
1.779306998310069110e+00 2.943423604731641198e-03
1.781087195258436395e+00 2.941803792266006051e-03
1.782869173294147958e+00 2.940081415337116900e-03
1.784652934199179475e+00 2.945316863173684345e-03
1.786438479757295417e+00 2.947807184853741894e-03
1.788225811754038830e+00 2.951392700876398750e-03
1.790014931976740220e+00 2.956377996093343709e-03
1.791805842214524880e+00 2.961754295864519552e-03
1.793598544258301342e+00 2.961777123868929076e-03
1.795393039900771148e+00 2.957460473625380531e-03
1.797189330936433072e+00 2.957038241552430776e-03
1.798987419161574230e+00 2.949249763197504901e-03
1.800787306374282082e+00 2.948963142924233838e-03
1.802588994374447084e+00 2.945718706448433553e-03
1.804392484963757148e+00 2.940160169039662298e-03
1.806197779945701409e+00 2.937300357317343576e-03
1.808004881125578445e+00 2.934187241335312404e-03
1.809813790310486503e+00 2.929875273673993377e-03
1.811624509309332831e+00 2.931216671578051360e-03
1.813437039932837891e+00 2.927477906901597600e-03
1.815251383993535805e+00 2.926384395790221533e-03
1.817067543305768362e+00 2.926167189830037024e-03
1.818885519685696339e+00 2.930262113967239609e-03
1.820705314951296394e+00 2.928197199257863252e-03
1.822526930922362842e+00 2.926443847247929726e-03
1.824350369420509876e+00 2.919582634858176439e-03
1.826175632269178672e+00 2.925363827722955549e-03
1.828002721293634281e+00 2.924915856884423813e-03
1.829831638320961185e+00 2.921290829844666939e-03
1.831662385180077957e+00 2.922120411381397970e-03
1.833494963701736369e+00 2.923264698911250126e-03
1.835329375718512734e+00 2.926116627582672769e-03
1.837165623064816344e+00 2.927534631646474140e-03
1.839003707576895463e+00 2.925710933434481822e-03
1.840843631092833554e+00 2.920673353573274324e-03
1.842685395452556607e+00 2.921541174867493471e-03
1.844529002497830250e+00 2.916684966149645647e-03
1.846374454072257976e+00 2.918604284771704471e-03
1.848221752021293796e+00 2.920994484091541700e-03
1.850070898192236912e+00 2.920054110952994240e-03
1.851921894434231275e+00 2.911516982458311163e-03
1.853774742598273795e+00 2.915776528616886940e-03
1.855629444537212569e+00 2.912653675883233786e-03
1.857486002105753542e+00 2.916206619643392332e-03
1.859344417160451179e+00 2.915991858547414307e-03
1.861204691559718905e+00 2.911914946075599628e-03
1.863066827163835537e+00 2.907277568950929550e-03
1.864930825834933525e+00 2.912019183950792164e-03
1.866796689437008716e+00 2.905287752624247100e-03
1.868664419835927903e+00 2.906600681186276725e-03
1.870534018899425055e+00 2.904007200006364017e-03
1.872405488497095316e+00 2.902495969967945101e-03
1.874278830500408777e+00 2.896553221779979426e-03
1.876154046782708917e+00 2.894895660876567640e-03
1.878031139219214163e+00 2.892841668195277050e-03
1.879910109687015440e+00 2.886549593658310851e-03
1.881790960065083063e+00 2.885407226165751481e-03
1.883673692234267838e+00 2.883407382983540004e-03
1.885558308077303735e+00 2.884648834559634147e-03
1.887444809478806107e+00 2.879476022750987463e-03
1.889333198325271468e+00 2.879402271641305893e-03
1.891223476505090817e+00 2.876659094710234173e-03
1.893115645908544309e+00 2.873971610705710732e-03
1.895009708427802808e+00 2.869147874114042276e-03
1.896905665956926557e+00 2.870340636978638976e-03
1.898803520391874500e+00 2.868495160021916277e-03
1.900703273630501844e+00 2.864649818180636017e-03
1.902604927572561166e+00 2.860951544753796358e-03
1.904508484119706857e+00 2.865908333968867228e-03
1.906413945175493785e+00 2.864418951286647197e-03
1.908321312645386625e+00 2.853527613451295637e-03
1.910230588436751864e+00 2.856505738941137081e-03
1.912141774458864463e+00 2.864686161190097696e-03
1.914054872622910297e+00 2.859892704425722344e-03
1.915969884841984605e+00 2.853481082319260509e-03
1.917886813031101978e+00 2.849538689408536753e-03
1.919805659107191032e+00 2.856558110950065035e-03
1.921726424989099069e+00 2.859985828557850152e-03
1.923649112597595190e+00 2.858156543550599213e-03
1.925573723855365182e+00 2.850295071404818775e-03
1.927500260687016409e+00 2.852451677081993542e-03
1.929428725019089796e+00 2.855412772104976189e-03
1.931359118780051842e+00 2.855770291627850004e-03
1.933291443900291728e+00 2.853270691804724816e-03
1.935225702312133089e+00 2.845298038645794909e-03
1.937161895949837120e+00 2.850178619966943321e-03
1.939100026749601025e+00 2.857171972024185897e-03
1.941040096649554014e+00 2.854324143467968939e-03
1.942982107589765972e+00 2.842487444737093385e-03
1.944926061512247673e+00 2.843876659157723585e-03
1.946871960360953446e+00 2.845102707910939031e-03
1.948819806081781847e+00 2.844809579374701219e-03
1.950769600622574540e+00 2.836108417755726658e-03
1.952721345933129404e+00 2.838515452091504212e-03
1.954675043965192760e+00 2.839152118794936730e-03
1.956630696672465364e+00 2.837748828375065337e-03
1.958588306010599522e+00 2.830702075441348525e-03
1.960547873937202201e+00 2.828673803259154802e-03
1.962509402411841242e+00 2.825025147531004446e-03
1.964472893396044695e+00 2.826397425399461774e-03
1.966438348853305484e+00 2.822595371799418735e-03
1.968405770749081407e+00 2.822587184797896703e-03
1.970375161050789359e+00 2.815604670476393352e-03
1.972346521727821544e+00 2.814685483001608257e-03
1.974319854751539927e+00 2.816035129117679808e-03
1.976295162095277336e+00 2.815224192867921572e-03
1.978272445734343465e+00 2.809454297154974529e-03
1.980251707646021986e+00 2.811486257879376033e-03
1.982232949809572320e+00 2.809437652771899167e-03
1.984216174206235195e+00 2.803994918113116974e-03
1.986201382819236860e+00 2.799718327965909723e-03
1.988188577633788201e+00 2.803968141547254819e-03
1.990177760637084958e+00 2.809771467292930015e-03
1.992168933818306620e+00 2.800948047360404813e-03
1.994162099168625746e+00 2.799080642292479850e-03
1.996157258681210633e+00 2.801593422458702361e-03
1.998154414351219765e+00 2.811185875479839998e-03
2.000153568175812691e+00 2.808620736095528668e-03
2.002154722154140476e+00 2.804929410711683689e-03
2.004157878287355921e+00 2.804797631277115150e-03
2.006163038578616220e+00 2.807728339039422191e-03
2.008170205033081412e+00 2.809465651771712261e-03
2.010179379657917487e+00 2.807865861196677006e-03
2.012190564462303932e+00 2.803116537485335347e-03
2.014203761457421749e+00 2.806204897966027133e-03
2.016218972656465880e+00 2.812023947385887054e-03
2.018236200074653208e+00 2.811023883454094770e-03
2.020255445729208343e+00 2.812876484159293998e-03
2.022276711639375613e+00 2.808097093666353170e-03
2.024299999826424390e+00 2.805251981929927918e-03
2.026325312313641991e+00 2.808985776023203117e-03
2.028352651126337669e+00 2.813823492712506230e-03
2.030382018291853274e+00 2.814558924076655030e-03
2.032413415839559701e+00 2.807950128888170131e-03
2.034446845800850667e+00 2.809210122150998436e-03
2.036482310209152935e+00 2.809646025251802230e-03
2.038519811099934298e+00 2.811788540983856197e-03
2.040559350510698700e+00 2.815078948725449701e-03
2.042600930480983124e+00 2.811891387513014255e-03
2.044644553052371361e+00 2.814938151424015590e-03
2.046690220268486460e+00 2.814404131373692258e-03
2.048737934174990283e+00 2.815594218361906070e-03
2.050787696819598604e+00 2.816036677461650640e-03
2.052839510252076671e+00 2.821197246447558656e-03
2.054893376524232984e+00 2.819681603148416725e-03
2.056949297689938838e+00 2.819731116336546967e-03
2.059007275805113224e+00 2.821375323356168762e-03
2.061067312927732598e+00 2.821867871293296665e-03
2.063129411117835765e+00 2.826368617943817319e-03
2.065193572437520775e+00 2.830380053240127113e-03
2.067259798950950689e+00 2.827218695809445483e-03
2.069328092724351809e+00 2.831339139801680206e-03
2.071398455826018559e+00 2.835918901633580937e-03
2.073470890326312155e+00 2.836640093239847348e-03
2.075545398297670818e+00 2.839034412745262276e-03
2.077621981814598229e+00 2.843584516940436333e-03
2.079700642953679068e+00 2.844075265312716837e-03
2.081781383793575468e+00 2.848587153377406343e-03
2.083864206415028342e+00 2.849855408361772445e-03
2.085949112900863156e+00 2.853756230167519854e-03
2.088036105335985937e+00 2.856725868236008326e-03
2.090125185807389485e+00 2.859408644290210941e-03
2.092216356404151156e+00 2.864766493206541073e-03
2.094309619217441298e+00 2.867138983277606017e-03
2.096404976340524140e+00 2.869674327258543191e-03
2.098502429868758679e+00 2.873374452653452635e-03
2.100601981899600457e+00 2.876339686402306414e-03
2.102703634532599342e+00 2.878266581498608798e-03
2.104807389869406631e+00 2.881326952490805438e-03
2.106913250013779493e+00 2.885324227158730936e-03
2.109021217071576970e+00 2.887605631585341004e-03
2.111131293150767529e+00 2.892791933144766778e-03
2.113243480361425952e+00 2.894310170559022399e-03
2.115357780815740441e+00 2.893830463165186773e-03
2.117474196628013505e+00 2.900500069013485331e-03
2.119592729914662410e+00 2.903196638054254645e-03
2.121713382794218727e+00 2.901072409382529811e-03
2.123836157387335444e+00 2.908433687168070041e-03
2.125961055816782963e+00 2.909109581342282473e-03
2.128088080207463761e+00 2.918083557610957543e-03
2.130217232686400397e+00 2.917350715389220063e-03
2.132348515382747944e+00 2.919633467256223767e-03
2.134481930427789997e+00 2.919419747360609083e-03
2.136617479954937782e+00 2.925364298874998277e-03
2.138755166099743921e+00 2.922938941082803190e-03
2.140894990999892666e+00 2.926701484015453020e-03
2.143036956795210557e+00 2.933442624521659294e-03
2.145181065627663308e+00 2.931684762649015494e-03
2.147327319641362031e+00 2.936059005495448258e-03
2.149475720982560567e+00 2.937962974972956227e-03
2.151626271799656820e+00 2.943424815346813977e-03
2.153778974243205191e+00 2.942603114724215169e-03
2.155933830465906809e+00 2.948500739293390994e-03
2.158090842622617522e+00 2.951193953402840141e-03
2.160250012870349678e+00 2.956224882947923027e-03
2.162411343368275229e+00 2.958962093368733628e-03
2.164574836277725733e+00 2.957388324328286914e-03
2.166740493762190578e+00 2.963392201476001270e-03
2.168908317987328083e+00 2.961627091755867323e-03
2.171078311120967275e+00 2.963946931317046774e-03
2.173250475333098564e+00 2.968189011276375217e-03
2.175424812795882623e+00 2.969488628015617103e-03
2.177601325683664601e+00 2.972465713269968786e-03
2.179780016172958135e+00 2.974220178908751171e-03
2.181960886442447567e+00 2.976227310996960081e-03
2.184143938673002605e+00 2.981597262723439685e-03
2.186329175047673878e+00 2.986038641621844951e-03
2.188516597751704484e+00 2.989346917325723992e-03
2.190706208972517111e+00 2.995216163988605879e-03
2.192898010899720695e+00 3.002738970503598948e-03
2.195092005725113538e+00 3.009704205486385918e-03
2.197288195642695285e+00 3.019933915921329051e-03
2.199486582848655836e+00 3.027523007985489720e-03
2.201687169541381994e+00 3.035686446162789986e-03
2.203889957921462806e+00 3.036806031507231253e-03
2.206094950191685111e+00 3.044659464666438047e-03
2.208302148557042432e+00 3.041378627144862047e-03
2.210511555224734526e+00 3.034403288776362818e-03
2.212723172404166938e+00 3.031770426001721783e-03
2.214937002306953673e+00 3.022680932360836785e-03
2.217153047146927847e+00 3.022693356194558131e-03
2.219371309140135029e+00 3.017782188623366595e-03
2.221591790504835906e+00 3.022370623639040500e-03
2.223814493461512498e+00 3.021568749938593514e-03
2.226039420232865051e+00 3.024035331703200068e-03
2.228266573043822252e+00 3.027190602388931187e-03
2.230495954121538116e+00 3.026198928502166121e-03
2.232727565695393768e+00 3.027696636626512217e-03
2.234961409997000992e+00 3.031356276109571646e-03
2.237197489260204897e+00 3.033063608475342933e-03
2.239435805721083028e+00 3.034714520974301447e-03
2.241676361617952473e+00 3.038088360131874395e-03
2.243919159191369861e+00 3.038650263363678466e-03
2.246164200684134915e+00 3.043725631279046127e-03
2.248411488341286901e+00 3.041644172089696257e-03
2.250661024410114397e+00 3.042028086556835924e-03
2.252912811140153959e+00 3.043860077990457637e-03
2.255166850783189680e+00 3.045762570409204714e-03
2.257423145593265623e+00 3.044315619992302852e-03
2.259681697826675162e+00 3.043625188602475107e-03
2.261942509741970753e+00 3.045183198738237590e-03
2.264205583599968374e+00 3.046284458672043720e-03
2.266470921663737315e+00 3.046604044366054732e-03
2.268738526198614380e+00 3.048663669389833995e-03
2.271008399472205674e+00 3.046719855515202767e-03
2.273280543754384819e+00 3.048023221769328127e-03
2.275554961317296954e+00 3.048663512589800100e-03
2.277831654435360065e+00 3.050391467173385867e-03
2.280110625385271206e+00 3.049610874202598673e-03
2.282391876445996282e+00 3.051811621701746701e-03
2.284675409898784704e+00 3.053816180382154955e-03
2.286961228027174720e+00 3.052962926777221149e-03
2.289249333116983198e+00 3.055204029243622013e-03
2.291539727456316289e+00 3.057311716280216619e-03
2.293832413335568976e+00 3.056240732682159733e-03
2.296127393047421972e+00 3.056182826511162631e-03
2.298424668886857702e+00 3.054321182825177339e-03
2.300724243151156312e+00 3.051357979780607976e-03
2.303026118139892109e+00 3.050001413592475473e-03
2.305330296154935787e+00 3.045583576729626873e-03
2.307636779500468638e+00 3.040630525714532999e-03
2.309945570482975441e+00 3.036366089988118931e-03
2.312256671411244913e+00 3.032954335748510623e-03
2.314570084596378141e+00 3.035093500128545341e-03
2.316885812351787255e+00 3.051282838684546504e-03
2.319203856993203861e+00 3.056343165284443244e-03
2.321524220838667496e+00 3.054793829839227374e-03
2.323846906208542507e+00 3.054435228267235285e-03
2.326171915425521153e+00 3.058344629629904804e-03
2.328499250814608956e+00 3.061473779290170907e-03
2.330828914703140686e+00 3.063339447522213290e-03
2.333160909420783025e+00 3.063307759348033593e-03
2.335495237299529681e+00 3.063394458266739326e-03
2.337831900673706720e+00 3.062031596429708354e-03
2.340170901879977006e+00 3.061385493550271633e-03
2.342512243257343751e+00 3.060623129596901949e-03
2.344855927147150965e+00 3.061618879559011887e-03
2.347201955893081671e+00 3.060403201111346061e-03
2.349550331841163242e+00 3.059030335669277005e-03
2.351901057339769618e+00 3.057963125016997102e-03
2.354254134739628412e+00 3.054795176328669454e-03
2.356609566393821797e+00 3.053406116776468532e-03
2.358967354657777626e+00 3.053286629930356683e-03
2.361327501889283642e+00 3.049361445286740205e-03
2.363690010448485701e+00 3.048557624217131026e-03
2.366054882697895767e+00 3.046565081910957828e-03
2.368422121002386582e+00 3.047967253092344342e-03
2.370791727729192999e+00 3.057903009153288641e-03
2.373163705247925304e+00 3.055723662839233794e-03
2.375538055930560777e+00 3.057694163793227803e-03
2.377914782151449469e+00 3.061748044602065951e-03
2.380293886287319527e+00 3.065307288222988633e-03
2.382675370717276309e+00 3.062439617883429884e-03
2.385059237822801048e+00 3.059726233895611238e-03
2.387445489987759739e+00 3.055789450008524963e-03
2.389834129598410239e+00 3.051653610512408514e-03
2.392225159043389393e+00 3.048784319106059414e-03
2.394618580713724132e+00 3.046167345827683129e-03
2.397014397002838582e+00 3.043540645971922181e-03
2.399412610306550508e+00 3.043236518988867018e-03
2.401813223023073984e+00 3.040113720905264841e-03
2.404216237553020274e+00 3.037951234456256165e-03
2.406621656299405387e+00 3.035982112110302382e-03
2.409029481667643413e+00 3.037994169704248074e-03
2.411439716065562955e+00 3.037862726595842201e-03
2.413852361903402688e+00 3.036617275134640467e-03
2.416267421593802922e+00 3.036642513208430601e-03
2.418684897551825586e+00 3.037598427927867481e-03
2.421104792194948896e+00 3.035175309098818355e-03
2.423527107943065584e+00 3.042309025893285765e-03
2.425951847218492219e+00 3.036881127596858382e-03
2.428379012445967433e+00 3.037152736302731020e-03
2.430808606052657250e+00 3.034717418649065645e-03
2.433240630468156418e+00 3.036454874844794760e-03
2.435675088124486631e+00 3.040080758855694988e-03
2.438111981456106747e+00 3.036228437580659398e-03
2.440551312899912340e+00 3.032903313283959092e-03
2.442993084895234812e+00 3.031953800918388460e-03
2.445437299883853832e+00 3.029896881093920719e-03
2.447883960309978679e+00 3.032673312175099192e-03
2.450333068620265564e+00 3.026176923395572024e-03
2.452784627263817629e+00 3.028578617572302845e-03
2.455238638692204489e+00 3.026888879826266678e-03
2.457695105359435583e+00 3.027399247097818831e-03
2.460154029721969948e+00 3.022583469380002441e-03
2.462615414238743750e+00 3.022684217039685144e-03
2.465079261371134756e+00 3.019234330582032215e-03
2.467545573582992535e+00 3.021912897526467072e-03
2.470014353340631796e+00 3.019928799058872303e-03
2.472485603112830166e+00 3.018647111725137992e-03
2.474959325370837071e+00 3.016113640361440910e-03
2.477435522588375516e+00 3.016218325841237436e-03
2.479914197241639418e+00 3.012976961676612150e-03
2.482395351809302930e+00 3.012036255519647161e-03
2.484878988772528885e+00 3.007088152261156583e-03
2.487365110614955910e+00 3.008513273991979698e-03
2.489853719822701983e+00 3.012068987622698590e-03
2.492344818884375535e+00 3.004892833749453051e-03
2.494838410291070119e+00 2.999714229313519675e-03
2.497334496536383064e+00 3.002827043110783620e-03
2.499833080116400819e+00 3.002380748330953000e-03
2.502334163529706945e+00 2.998586566741922622e-03
2.504837749277384784e+00 2.997631508849895980e-03
2.507343839863014345e+00 2.994382490639184956e-03
2.509852437792693625e+00 2.994994909063895296e-03
2.512363545575026169e+00 2.996684241670381516e-03
2.514877165721113972e+00 2.991781889972847802e-03
2.517393300744581008e+00 2.988167176368106658e-03
2.519911953161556806e+00 2.986894438185475238e-03
2.522433125490685768e+00 2.984567010138649071e-03
2.524956820253147161e+00 2.987142374924511498e-03
2.527483039972646228e+00 2.981834365775910042e-03
2.530011787175398652e+00 2.979011977602638757e-03
2.532543064390146537e+00 2.980710355123824141e-03
2.535076874148167292e+00 2.978636788996878899e-03
2.537613218983271413e+00 2.977936826966409017e-03
2.540152101431809584e+00 2.972864890648358859e-03
2.542693524032659802e+00 2.976014815419121898e-03
2.545237489327245139e+00 2.979101094080351207e-03
2.547783999859532411e+00 2.982875914410389705e-03
2.550333058176029954e+00 2.978081123199468466e-03
2.552884666825803173e+00 2.978650404455157955e-03
2.555438828360458547e+00 2.976340859807700794e-03
2.557995545334152077e+00 2.981349203259916168e-03
2.560554820303596824e+00 2.983175240804951736e-03
2.563116655828076684e+00 2.976159902262584013e-03
2.565681054469429956e+00 2.979068653814126617e-03
2.568248018792045784e+00 2.977883339447659830e-03
2.570817551362897468e+00 2.979708728999766118e-03
2.573389654751518485e+00 2.981644084038195114e-03
2.575964331530008256e+00 2.986862711617698646e-03
2.578541584273044585e+00 2.987737590256150672e-03
2.581121415557876553e+00 2.987297074061038855e-03
2.583703827964337840e+00 2.987476444640949254e-03
2.586288824074843617e+00 2.987591146931871128e-03
2.588876406474390546e+00 2.988168981053865997e-03
2.591466577750558553e+00 2.984066619291653177e-03
2.594059340493518384e+00 2.982309330700637709e-03
2.596654697296031600e+00 2.974602744076103485e-03
2.599252650753462568e+00 2.970069551398986894e-03
2.601853203463758923e+00 2.971015457617087480e-03
2.604456358027470220e+00 2.969898156253447143e-03
2.607062117047760808e+00 2.971441032617857646e-03
2.609670483130389851e+00 2.973571162726750417e-03
2.612281458883716656e+00 2.974584423431491861e-03
2.614895046918714883e+00 2.978566459574007955e-03
2.617511249848980981e+00 2.979122706894775201e-03
2.620130070290716873e+00 2.972923469591338182e-03
2.622751510862746382e+00 2.970617939468779729e-03
2.625375574186502803e+00 2.966530852706390081e-03
2.628002262886047546e+00 2.966423440568717075e-03
2.630631579588075031e+00 2.967496395203798962e-03
2.633263526921897135e+00 2.963044667570192015e-03
2.635898107519465849e+00 2.952309863499534212e-03
2.638535324015363503e+00 2.950607948359803938e-03
2.641175179046807653e+00 2.954859409104341333e-03
2.643817675253651078e+00 2.946753686876401983e-03
2.646462815278393332e+00 2.945815879801947073e-03
2.649110601766170969e+00 2.943501802872533490e-03
2.651761037364768647e+00 2.944707823096815932e-03
2.654414124724629342e+00 2.947982802823819609e-03
2.657069866498836586e+00 2.946339746235214756e-03
2.659728265343126452e+00 2.942894238115558673e-03
2.662389323915903550e+00 2.949294506818600416e-03
2.665053044878226807e+00 2.957301333375482455e-03
2.667719430893810806e+00 2.954338757938840959e-03
2.670388484629045323e+00 2.958034704688182817e-03
2.673060208752994438e+00 2.953660482237617339e-03
2.675734605937373445e+00 2.953012278220200869e-03
2.678411678856579048e+00 2.951045865887056297e-03
2.681091430187691138e+00 2.945171621028177568e-03
2.683773862610453698e+00 2.945198133907756845e-03
2.686458978807302778e+00 2.947219497948521012e-03
2.689146781463357616e+00 2.939952781536610618e-03
2.691837273266414865e+00 2.942173038383466294e-03
2.694530456906965021e+00 2.953155994466408370e-03
2.697226335078197312e+00 2.943486090653524984e-03
2.699924910475991258e+00 2.934485612846495037e-03
2.702626185798916225e+00 2.941247801735294605e-03
2.705330163748253192e+00 2.941514839293027546e-03
2.708036847027985861e+00 2.940781723089474532e-03
2.710746238344789560e+00 2.938095415079695818e-03
2.713458340408054781e+00 2.930210812518783091e-03
2.716173155929883176e+00 2.926927944437785964e-03
2.718890687625096891e+00 2.926249548603166058e-03
2.721610938211223907e+00 2.926730934758699915e-03
2.724333910408513137e+00 2.921053389448677578e-03
2.727059606939940650e+00 2.916333454932342785e-03
2.729788030531202114e+00 2.914766750530062636e-03
2.732519183910722571e+00 2.906952006886971002e-03
2.735253069809658211e+00 2.912263121819619500e-03
2.737989690961888822e+00 2.914591941328288985e-03
2.740729050104034226e+00 2.908257658005400630e-03
2.743471149975461376e+00 2.898202666825304939e-03
2.746215993318269266e+00 2.895269412126481173e-03
2.748963582877296030e+00 2.892530581823915363e-03
2.751713921400137153e+00 2.894230537507255958e-03
2.754467011637128149e+00 2.901241419851729921e-03
2.757222856341353445e+00 2.896862872869583518e-03
2.759981458268668142e+00 2.886370443627478150e-03
2.762742820177677583e+00 2.892650939199201132e-03
2.765506944829736025e+00 2.897376884312849628e-03
2.768273834988963955e+00 2.892309106584698124e-03
2.771043493422256532e+00 2.896070542318904782e-03
2.773815922899276032e+00 2.886831488975807186e-03
2.776591126192445191e+00 2.895402363245677940e-03
2.779369106076971185e+00 2.902582954092365781e-03
2.782149865330835858e+00 2.893683539752429576e-03
2.784933406734796613e+00 2.898236771343338809e-03
2.787719733072396178e+00 2.908412004805530950e-03
2.790508847129963499e+00 2.900704573845972953e-03
2.793300751696610629e+00 2.894786460427180644e-03
2.796095449564240720e+00 2.893062276094418659e-03
2.798892943527549360e+00 2.892540351821340158e-03
2.801693236384038332e+00 2.903448599149925733e-03
2.804496330933999637e+00 2.914956219842800011e-03
2.807302229980519481e+00 2.899218362267379136e-03
2.810110936329506703e+00 2.900432209342518244e-03
2.812922452789668348e+00 2.902585992350170847e-03
2.815736782172511887e+00 2.903978087904763097e-03
2.818553927292374528e+00 2.911480708495425666e-03
2.821373890966397902e+00 2.918678983522953255e-03
2.824196676014550711e+00 2.904851821821827565e-03
2.827022285259616297e+00 2.899565924588141507e-03
2.829850721527202406e+00 2.891010452341086310e-03
2.832681987645746524e+00 2.902764887523058036e-03
2.835516086446511874e+00 2.915832243914985144e-03
2.838353020763594525e+00 2.912094967737936281e-03
2.841192793433933605e+00 2.906712893117473738e-03
2.844035407297307749e+00 2.902548841640279625e-03
2.846880865196327104e+00 2.902005593010368277e-03
2.849729169976447540e+00 2.904239768854672502e-03
2.852580324485975538e+00 2.907333523230620515e-03
2.855434331576065077e+00 2.915949342028147269e-03
2.858291194100722521e+00 2.902467237020220012e-03
2.861150914916811061e+00 2.902814625133096418e-03
2.864013496884051602e+00 2.901545275382577151e-03
2.866878942865026314e+00 2.904452265522085297e-03
2.869747255725183521e+00 2.898095890912963900e-03
2.872618438332836366e+00 2.909573388386155202e-03
2.875492493559169027e+00 2.895698755528437057e-03
2.878369424278236277e+00 2.898044104987437808e-03
2.881249233366968809e+00 2.898235447241472897e-03
2.884131923705171907e+00 2.899294888373102688e-03
2.887017498175541874e+00 2.904126059460678498e-03
2.889905959663658042e+00 2.907595043745965849e-03
2.892797311057972998e+00 2.901853681945551489e-03
2.895691555249836124e+00 2.895757197502995400e-03
2.898588695133490045e+00 2.902919672908484475e-03
2.901488733606079062e+00 2.907792267219499755e-03
2.904391673567642052e+00 2.905359072509048832e-03
2.907297517921122676e+00 2.912002269571007784e-03
2.910206269572368054e+00 2.915484198474424700e-03
2.913117931430124763e+00 2.903023232176442370e-03
2.916032506406053049e+00 2.901838679475379074e-03
2.918949997414726827e+00 2.902857372970656102e-03
2.921870407373641676e+00 2.911096966071745340e-03
2.924793739203208620e+00 2.907963467949702813e-03
2.927719995826757238e+00 2.908390766487038183e-03
2.930649180170546320e+00 2.912946079206365016e-03
2.933581295163762093e+00 2.909128667663154338e-03
2.936516343738513779e+00 2.906983934941056134e-03
2.939454328829848251e+00 2.915781418833463673e-03
2.942395253375765130e+00 2.915979914961504098e-03
2.945339120317177706e+00 2.919971525029560998e-03
2.948285932597951575e+00 2.928197600670849002e-03
2.951235693164907747e+00 2.920905897383144038e-03
2.954188404967802217e+00 2.924348566311187406e-03
2.957144070959347282e+00 2.922983597028384721e-03
2.960102694095215980e+00 2.921421834098673377e-03
2.963064277334023888e+00 2.924632041264599303e-03
2.966028823637354872e+00 2.923576027160056968e-03
