8.099554455959743215e-01 2.888370705688030494e-03
8.107658061542900585e-01 2.888396568955061989e-03
8.115769774784792334e-01 2.888425648139795760e-03
8.123889603797121994e-01 2.888450324255120889e-03
8.132017556699727701e-01 2.888465540824331716e-03
8.140153641620563318e-01 2.888469201212009140e-03
8.148297866695717317e-01 2.888457445369759825e-03
8.156450240069411661e-01 2.888429142152090963e-03
8.164610769894029563e-01 2.888383418056176058e-03
8.172779464330105492e-01 2.888316509762900008e-03
8.180956331546322957e-01 2.888233529343608910e-03
8.189141379719558911e-01 2.888135627967140101e-03
8.197334617034857107e-01 2.888028726721105551e-03
8.205536051685444754e-01 2.887913864895979687e-03
8.213745691872769150e-01 2.887794608114029136e-03
8.221963545806487694e-01 2.887676123035182348e-03
8.230189621704429026e-01 2.887561034618324560e-03
8.238423927792670742e-01 2.887439611983511935e-03
8.246666472305524964e-01 2.887323184925812310e-03
8.254917263485536116e-01 2.887211244099679476e-03
8.263176309583500911e-01 2.887101424624266728e-03
8.271443618858455027e-01 2.886994048970958730e-03
8.279719199577725286e-01 2.886891378349774190e-03
8.288003060016881918e-01 2.886791855672234987e-03
8.296295208459781856e-01 2.886692437229160593e-03
8.304595653198585392e-01 2.886598036616192051e-03
8.312904402533747295e-01 2.886553191202181727e-03
8.321221464773999044e-01 2.889001948969573044e-03
8.329546848236402123e-01 2.899184930875208909e-03
8.337880561246344691e-01 2.903603243911133305e-03
8.346222612137542685e-01 2.904913277002347995e-03
8.354573009252049820e-01 2.905554800542393956e-03
8.362931760940265358e-01 2.906358453714232362e-03
8.371298875560944097e-01 2.907106588061625016e-03
8.379674361481189715e-01 2.907733632800991747e-03
8.388058227076495843e-01 2.907858870893770004e-03
8.396450480730722754e-01 2.907913313300336880e-03
8.404851130836130668e-01 2.907875037118015996e-03
8.413260185793379753e-01 2.909138202582856221e-03
8.421677654011512359e-01 2.910032885689558049e-03
8.430103543908002983e-01 2.910566540269150446e-03
8.438537863908742720e-01 2.910684748282260995e-03
8.446980622448042597e-01 2.909556434972883875e-03
8.455431827968671321e-01 2.908419717175508845e-03
8.463891488921824191e-01 2.908424308041246756e-03
8.472359613767166397e-01 2.909222178713592906e-03
8.480836210972833022e-01 2.909804567792411388e-03
8.489321289015407945e-01 2.909949148526569298e-03
8.497814856379983794e-01 2.909716847056722632e-03
8.506316921560135302e-01 2.909691421132153295e-03
8.514827493057913754e-01 2.909518649481490117e-03
8.523346579383890287e-01 2.909664362568449396e-03
8.531874189057161439e-01 2.909886642878726365e-03
8.540410330605319178e-01 2.909929518271424376e-03
8.548955012564523059e-01 2.910163538818535262e-03
8.557508243479458043e-01 2.910568689548532952e-03
8.566070031903338933e-01 2.910493505228037899e-03
8.574640386397960334e-01 2.910273732878756493e-03
8.583219315533672233e-01 2.909640964290966750e-03
8.591806827889413301e-01 2.909252208210969925e-03
8.600402932052715332e-01 2.909324368818116263e-03
8.609007636619676607e-01 2.909782381599576237e-03
8.617620950194990748e-01 2.908881956653451215e-03
8.626242881391973372e-01 2.908255687319093348e-03
8.634873438832556536e-01 2.907604927636588468e-03
8.643512631147296510e-01 2.907188531054255044e-03
8.652160466975378217e-01 2.907435405670523096e-03
8.660816954964636327e-01 2.907661264740837078e-03
8.669482103771571913e-01 2.908681891208896378e-03
8.678155922061336902e-01 2.909820385978718199e-03
8.686838418507756288e-01 2.910549694718021947e-03
8.695529601793322572e-01 2.911393842967435405e-03
8.704229480609205760e-01 2.912190275627933502e-03
8.712938063655277787e-01 2.912648728970408229e-03
8.721655359640141381e-01 2.912932555112341098e-03
8.730381377281095645e-01 2.913181123172256179e-03
8.739116125304161597e-01 2.913036492968704844e-03
8.747859612444087718e-01 2.912668235699889061e-03
8.756611847444361052e-01 2.910957855221060243e-03
8.765372839057208321e-01 2.909951426043759764e-03
8.774142596043608133e-01 2.910414054221859698e-03
8.782921127173328735e-01 2.911773274872993603e-03
8.791708441224919124e-01 2.913150999404492524e-03
8.800504546985693510e-01 2.913255934358024990e-03
8.809309453251749078e-01 2.912635625615883107e-03
8.818123168827982639e-01 2.911849636298168009e-03
8.826945702528108395e-01 2.911546061514321514e-03
8.835777063174676815e-01 2.911705328984054084e-03
8.844617259599056869e-01 2.912488268207223761e-03
8.853466300641437137e-01 2.914175329904158430e-03
8.862324195150838024e-01 2.917008958853293220e-03
8.871190951985163942e-01 2.921099039563336899e-03
8.880066580011191091e-01 2.924821865394386551e-03
8.888951088104538600e-01 2.929009991108386113e-03
8.897844485149719596e-01 2.934901014121164050e-03
8.906746780040118994e-01 2.941766435720577846e-03
8.915657981678065669e-01 2.945650743845733017e-03
8.924578098974739193e-01 2.946553942947882296e-03
8.933507140850214245e-01 2.945466124430173947e-03
8.942445116233572744e-01 2.941152177505901300e-03
8.951392034062801706e-01 2.937590134450083785e-03
8.960347903284814342e-01 2.932871733998991884e-03
8.969312732855473369e-01 2.930095358047967325e-03
8.978286531739603227e-01 2.934832617030309725e-03
8.987269308911014498e-01 2.950391273120272183e-03
8.996261073352495030e-01 2.951635774546742044e-03
9.005261834055795500e-01 2.945957528823202592e-03
9.014271600021682707e-01 2.939512434851987779e-03
9.023290380259918475e-01 2.934083180964166052e-03
9.032318183789278532e-01 2.932405836286446250e-03
9.041355019637584700e-01 2.933382119605871217e-03
9.050400896841658271e-01 2.932898499644474855e-03
9.059455824447376626e-01 2.932767788830515417e-03
9.068519811509679895e-01 2.932392379409223902e-03
9.077592867092548756e-01 2.932058479133376611e-03
9.086675000269045510e-01 2.931129231581304680e-03
9.095766220121302981e-01 2.928671280200165900e-03
9.104866535740545608e-01 2.926444724798639343e-03
9.113975956227070574e-01 2.924151086152742326e-03
9.123094490690316638e-01 2.921037789605974815e-03
9.132222148248820837e-01 2.917176984705697682e-03
9.141358938030226255e-01 2.914280584587631770e-03
9.150504869171317557e-01 2.911165381864049342e-03
9.159659950818033192e-01 2.907505650342514548e-03
9.168824192125480943e-01 2.904178378027854994e-03
9.177997602257875753e-01 2.901018021407318192e-03
9.187180190388626322e-01 2.898342155772756605e-03
9.196371965700328444e-01 2.896336253932837220e-03
9.205572937384781662e-01 2.894383505130929644e-03
9.214783114642939310e-01 2.892778268604164014e-03
9.224002506684964020e-01 2.890942628167637776e-03
9.233231122730257701e-01 2.890124273296811822e-03
9.242468972007444883e-01 2.889749731824918424e-03
9.251716063754391595e-01 2.889457759863112325e-03
9.260972407218166502e-01 2.888932071707517833e-03
9.270238011655114185e-01 2.888467787071765866e-03
9.279512886330849586e-01 2.888361670169597648e-03
9.288797040520245796e-01 2.888299092451063720e-03
9.298090483507445159e-01 2.888192076324837005e-03
9.307393224585915892e-01 2.888198995875313878e-03
9.316705273058381032e-01 2.888295455695927098e-03
9.326026638236895039e-01 2.888168069751950295e-03
9.335357329442838248e-01 2.888289106597580203e-03
9.344697356006889111e-01 2.888541646213379360e-03
9.354046727269068606e-01 2.888681376310521087e-03
9.363405452578753563e-01 2.888760210641642782e-03
9.372773541294663335e-01 2.889093480996492332e-03
9.382151002784899774e-01 2.889596045314021117e-03
9.391537846426917246e-01 2.890493410656512756e-03
9.400934081607547066e-01 2.890771685633020723e-03
9.410339717723049668e-01 2.890540544520415773e-03
9.419754764179059103e-01 2.890449801486088665e-03
9.429179230390614119e-01 2.891098762040687428e-03
9.438613125782181479e-01 2.891345742118866385e-03
9.448056459787667061e-01 2.892213377069940625e-03
9.457509241850403647e-01 2.893234586906904757e-03
9.466971481423157586e-01 2.894256776966563135e-03
9.476443187968174309e-01 2.895725950896336533e-03
9.485924370957175000e-01 2.896229389864995053e-03
9.495415039871341056e-01 2.895150352439848120e-03
9.504915204201344059e-01 2.897350913227353039e-03
9.514424873447341335e-01 2.897446803737898854e-03
9.523944057118994833e-01 2.898102107778412553e-03
9.533472764735499982e-01 2.898993528180283680e-03
9.543011005825563497e-01 2.899411741026109574e-03
9.552558789927436678e-01 2.899874186525927718e-03
9.562116126588898757e-01 2.901291151810805533e-03
9.571683025367276887e-01 2.902828185048865646e-03
9.581259495829482775e-01 2.902457559779194566e-03
9.590845547552002692e-01 2.903111416253243565e-03
9.600441190120854174e-01 2.904693165371168007e-03
9.610046433131675947e-01 2.905920255014375272e-03
9.619661286189739036e-01 2.906068547186823996e-03
9.629285758909905679e-01 2.907129407480339885e-03
9.638919860916628224e-01 2.908122249857532197e-03
9.648563601844011295e-01 2.908133490142974197e-03
9.658216991335795143e-01 2.908811377669736492e-03
9.667880039045362306e-01 2.909689106155338885e-03
9.677552754635757593e-01 2.909600906474309277e-03
9.687235147779708067e-01 2.911551756537993779e-03
9.696927228159630818e-01 2.915803441595548554e-03
9.706629005467596327e-01 2.914639220758378710e-03
9.716340489405361769e-01 2.912284870013664203e-03
9.726061689684449840e-01 2.911585253279746089e-03
9.735792616026035518e-01 2.911814108032838300e-03
9.745533278161038204e-01 2.912907883150667350e-03
9.755283685830130613e-01 2.913256344256448353e-03
9.765043848783711011e-01 2.913834246153623221e-03
9.774813776781959840e-01 2.914963075141724022e-03
9.784593479594798637e-01 2.915697478023724417e-03
9.794382967001936668e-01 2.916660395560661222e-03
9.804182248792859822e-01 2.917796320946710459e-03
9.813991334766843933e-01 2.918444847701690166e-03
9.823810234732978097e-01 2.919263142503674725e-03
9.833638958510170225e-01 2.920247986298461253e-03
9.843477515927149257e-01 2.921011206225693473e-03
9.853325916822468500e-01 2.921896453829920907e-03
9.863184171044501181e-01 2.922839677932213831e-03
9.873052288451531489e-01 2.923444358563120904e-03
9.882930278911683519e-01 2.923256315880672258e-03
9.892818152302930157e-01 2.923208352274949285e-03
9.902715918513149695e-01 2.921378313446281599e-03
9.912623587440111406e-01 2.919799074449323274e-03
9.922541168991476646e-01 2.920586153621524544e-03
9.932468673084843269e-01 2.923320531695403068e-03
9.942406109647716761e-01 2.927596580947362456e-03
9.952353488617531330e-01 2.934074916714684254e-03
9.962310819941662121e-01 2.932866722666568199e-03
9.972278113577441871e-01 2.926213528495023777e-03
9.982255379492167569e-01 2.923374126932713757e-03
9.992242627663093790e-01 2.923683529767890418e-03
1.000223986807747600e+00 2.924490983164816562e-03
1.001224711073256834e+00 2.925405419051683824e-03
1.002226436563560474e+00 2.926592975557076523e-03
1.003229164280384333e+00 2.927994686596669879e-03
1.004232895226455646e+00 2.929873476765504185e-03
1.005237630405505511e+00 2.931705776893559628e-03
1.006243370822270000e+00 2.932593988566084293e-03
1.007250117482488161e+00 2.932008359340994730e-03
1.008257871392907346e+00 2.930892365769451231e-03
1.009266633561284321e+00 2.928615081900232987e-03
1.010276404996379940e+00 2.925695268461253953e-03
1.011287186707962471e+00 2.923687978544307550e-03
1.012298979706815372e+00 2.922556228218792587e-03
1.013311785004731513e+00 2.924966287107476880e-03
1.014325603614517401e+00 2.929704285512093991e-03
1.015340436549991621e+00 2.929580112001524579e-03
1.016356284825987721e+00 2.926936744048524823e-03
1.017373149458352000e+00 2.925542301291174027e-03
1.018391031463949936e+00 2.925944936622821169e-03
1.019409931860664198e+00 2.926401171568932588e-03
1.020429851667395971e+00 2.924659541511604680e-03
1.021450791904064959e+00 2.924284846458942953e-03
1.022472753591610495e+00 2.925495050112464704e-03
1.023495737751995538e+00 2.925985056977021929e-03
1.024519745408203342e+00 2.926588569121317714e-03
1.025544777584241007e+00 2.927879581189241250e-03
1.026570835305141705e+00 2.928209537234138446e-03
1.027597919596963782e+00 2.928424915040996317e-03
1.028626031486790104e+00 2.928038375907813552e-03
1.029655172002734043e+00 2.927055805340149190e-03
1.030685342173935926e+00 2.925477335853116263e-03
1.031716543030566147e+00 2.923994524102519268e-03
1.032748775603824720e+00 2.922007483574898777e-03
1.033782040925944834e+00 2.920578014020620665e-03
1.034816340030192627e+00 2.919148208900581177e-03
1.035851673950866303e+00 2.917937767551427586e-03
1.036888043723299679e+00 2.916663669379877810e-03
1.037925450383862858e+00 2.914948921065357336e-03
1.038963894969963331e+00 2.913501160084742102e-03
1.040003378520046207e+00 2.912374697750129068e-03
1.041043902073592431e+00 2.910704141650600173e-03
1.042085466671125449e+00 2.909426989651303294e-03
1.043128073354212981e+00 2.908468655786941668e-03
1.044171723165462140e+00 2.906874526950934540e-03
1.045216417148520982e+00 2.905771635387477143e-03
1.046262156348083616e+00 2.904323156476068535e-03
1.047308941809890870e+00 2.903346814270953407e-03
1.048356774580727402e+00 2.902287625202994333e-03
1.049405655708424367e+00 2.902276025172707309e-03
1.050455586241864525e+00 2.900813687407571752e-03
1.051506567230979794e+00 2.899736310497562537e-03
1.052558599726749256e+00 2.898892879342632699e-03
1.053611684781205371e+00 2.898380054549649400e-03
1.054665823447434869e+00 2.897512191655804599e-03
1.055721016779575638e+00 2.896913900450042312e-03
1.056777265832821389e+00 2.896470188068291790e-03
1.057834571663421430e+00 2.896431359536781082e-03
1.058892935328680673e+00 2.895778944279318694e-03
1.059952357886963181e+00 2.895559744010989776e-03
1.061012840397692836e+00 2.895370564193947612e-03
1.062074383921351339e+00 2.895502480069040395e-03
1.063136989519481546e+00 2.896474775593950619e-03
1.064200658254688792e+00 2.897338542709973052e-03
1.065265391190642452e+00 2.897425122579887560e-03
1.066331189392076162e+00 2.897400560143724435e-03
1.067398053924788259e+00 2.896662739561442837e-03
1.068465985855643563e+00 2.895842351526655475e-03
1.069534986252574260e+00 2.894858539298795011e-03
1.070605056184579462e+00 2.893954242252741969e-03
1.071676196721730756e+00 2.893468470212825008e-03
1.072748408935168429e+00 2.892802580217531446e-03
1.073821693897103469e+00 2.892573135804628239e-03
1.074896052680821112e+00 2.892364592827737554e-03
1.075971486360680407e+00 2.892553645749407903e-03
1.077047996012116871e+00 2.892380246660303678e-03
1.078125582711639385e+00 2.892382736350720615e-03
1.079204247536833972e+00 2.892123905692182625e-03
1.080283991566367119e+00 2.892031106896984956e-03
1.081364815879982011e+00 2.892514349548525650e-03
1.082446721558502079e+00 2.893258046068700184e-03
1.083529709683832998e+00 2.893612634563383877e-03
1.084613781338964023e+00 2.894356030607973460e-03
1.085698937607967762e+00 2.895804696756111227e-03
1.086785179575999072e+00 2.897044923159574920e-03
1.087872508329299936e+00 2.898960470699827978e-03
1.088960924955200360e+00 2.901663292558647085e-03
1.090050430542115478e+00 2.903728399096718732e-03
1.091141026179552442e+00 2.905575232051023880e-03
1.092232712958106200e+00 2.907177647698241333e-03
1.093325491969463270e+00 2.908280319418345139e-03
1.094419364306403519e+00 2.908754665228024949e-03
1.095514331062799718e+00 2.908717724450746688e-03
1.096610393333617983e+00 2.908182701182233411e-03
1.097707552214920890e+00 2.908061214681388097e-03
1.098805808803868134e+00 2.907987288941108785e-03
1.099905164198715202e+00 2.906892911660279282e-03
1.101005619498818477e+00 2.904156558971632187e-03
1.102107175804632577e+00 2.904381481621375310e-03
1.103209834217713237e+00 2.905587692222860903e-03
1.104313595840720197e+00 2.907252491782676140e-03
1.105418461777413652e+00 2.909681395782451850e-03
1.106524433132661356e+00 2.914338474116110779e-03
1.107631511012435288e+00 2.913086337625998834e-03
1.108739696523812546e+00 2.916753043691761374e-03
1.109848990774979782e+00 2.917399842656077068e-03
1.110959394875229211e+00 2.917032948839930629e-03
1.112070909934964602e+00 2.918372666801644089e-03
1.113183537065703277e+00 2.921112104601332384e-03
1.114297277380072559e+00 2.923576397496296941e-03
1.115412131991812217e+00 2.926248027948459736e-03
1.116528102015776458e+00 2.928367581574201853e-03
1.117645188567933490e+00 2.931534528555226025e-03
1.118763392765371512e+00 2.933979156490303108e-03
1.119882715726297162e+00 2.936367270465077908e-03
1.121003158570033076e+00 2.937792481828778099e-03
1.122124722417020326e+00 2.939535640644024873e-03
1.123247408388822866e+00 2.940896390619149141e-03
1.124371217608127527e+00 2.940241430100323100e-03
1.125496151198744688e+00 2.940949501970248348e-03
1.126622210285607384e+00 2.942358786347400775e-03
1.127749395994771975e+00 2.941693681564865742e-03
1.128877709453426359e+00 2.935168330809934285e-03
1.130007151789885311e+00 2.933280813279318805e-03
1.131137724133588929e+00 2.930578298565450230e-03
1.132269427615111068e+00 2.928032069991516606e-03
1.133402263366155127e+00 2.928469821874704962e-03
1.134536232519556265e+00 2.936903175791453699e-03
1.135671336209286064e+00 2.944159680234091289e-03
1.136807575570448314e+00 2.948921326053813470e-03
1.137944951739279231e+00 2.944441578086363399e-03
1.139083465853155674e+00 2.938489945313998812e-03
1.140223119050594480e+00 2.935133157873927832e-03
1.141363912471246245e+00 2.935113376694856342e-03
1.142505847255904872e+00 2.935053854141117177e-03
1.143648924546506684e+00 2.935179719153106423e-03
1.144793145486128871e+00 2.934962724727790094e-03
1.145938511218992373e+00 2.934569671697649478e-03
1.147085022890461214e+00 2.933753367567075616e-03
1.148232681647048281e+00 2.935369226790096424e-03
1.149381488636412874e+00 2.936519120745581350e-03
1.150531445007361153e+00 2.937769405685941668e-03
1.151682551909849916e+00 2.940589620270691110e-03
1.152834810494985263e+00 2.943181662255775835e-03
1.153988221915028811e+00 2.946577578090670523e-03
1.155142787323389930e+00 2.950423381121716412e-03
1.156298507874635062e+00 2.954249880624156433e-03
1.157455384724486835e+00 2.955686943481167228e-03
1.158613419029816960e+00 2.956758314501759140e-03
1.159772611948661325e+00 2.956730314503499928e-03
1.160932964640214893e+00 2.955095577914973286e-03
1.162094478264829478e+00 2.952611408001564342e-03
1.163257153984020631e+00 2.949412742740383734e-03
1.164420992960464529e+00 2.946013983911996079e-03
1.165585996357997089e+00 2.944615960511636626e-03
1.166752165341621739e+00 2.942688912639632431e-03
1.167919501077509192e+00 2.942310067273680614e-03
1.169088004732994568e+00 2.945273348881353049e-03
1.170257677476581604e+00 2.949119940022559838e-03
1.171428520477943325e+00 2.958746679740789642e-03
1.172600534907923375e+00 2.969007213953856437e-03
1.173773721938536241e+00 2.968692806283042274e-03
1.174948082742969024e+00 2.961423131237105738e-03
1.176123618495583001e+00 2.953897319740631574e-03
1.177300330371911397e+00 2.948094398432782488e-03
1.178478219548668493e+00 2.946729067605960688e-03
1.179657287203744964e+00 2.946039953936665894e-03
1.180837534516205212e+00 2.946026345016560053e-03
1.182018962666298245e+00 2.946008203829582946e-03
1.183201572835452797e+00 2.946753419029805084e-03
1.184385366206279766e+00 2.946769275866090512e-03
1.185570343962571549e+00 2.946322657811171336e-03
1.186756507289305596e+00 2.948025301256457231e-03
1.187943857372644185e+00 2.946773703852778765e-03
1.189132395399938202e+00 2.945113542646638632e-03
1.190322122559727358e+00 2.945151840234981437e-03
1.191513040041739746e+00 2.943874758876829402e-03
1.192705149036892065e+00 2.942211853464715698e-03
1.193898450737292283e+00 2.940737730569932366e-03
1.195092946336242523e+00 2.938516648131835485e-03
1.196288637028239288e+00 2.936595744977497837e-03
1.197485524008971902e+00 2.934568632113646394e-03
1.198683608475328288e+00 2.932345919667374637e-03
1.199882891625392523e+00 2.929745394830527740e-03
1.201083374658448388e+00 2.927649336397528806e-03
1.202285058774978488e+00 2.926866995228764173e-03
1.203487945176667351e+00 2.926428424522918136e-03
1.204692035066401878e+00 2.924684807672988697e-03
1.205897329648271787e+00 2.923506619929714528e-03
1.207103830127570721e+00 2.922051305971635343e-03
1.208311537710799799e+00 2.920168721468168957e-03
1.209520453605668511e+00 2.918910092109618798e-03
1.210730579021092268e+00 2.917903750638161341e-03
1.211941915167195072e+00 2.915824283060408032e-03
1.213154463255313065e+00 2.915247428565083312e-03
1.214368224497995641e+00 2.914594698607162089e-03
1.215583200109004336e+00 2.913406418200936016e-03
1.216799391303313715e+00 2.913622103402833431e-03
1.218016799297116037e+00 2.913464654174593559e-03
1.219235425307820142e+00 2.912542823272231372e-03
1.220455270554050786e+00 2.910987277435290749e-03
1.221676336255654416e+00 2.910467330994662150e-03
1.222898623633697612e+00 2.910244871146217428e-03
1.224122133910464649e+00 2.910416801335752833e-03
1.225346868309468595e+00 2.910036171401230408e-03
1.226572828055445985e+00 2.910172327023628595e-03
1.227800014374351933e+00 2.909435597990638923e-03
1.229028428493374347e+00 2.908366307016452962e-03
1.230258071640927708e+00 2.908689310289147567e-03
1.231488945046652184e+00 2.907147439769064597e-03
1.232721049941425173e+00 2.905499995798171975e-03
1.233954387557350874e+00 2.905083554292979715e-03
1.235188959127763386e+00 2.905007707086377546e-03
1.236424765887237598e+00 2.903815163832823305e-03
1.237661809071581853e+00 2.902405871967122901e-03
1.238900089917839509e+00 2.902033640751960214e-03
1.240139609664291376e+00 2.902675781546112076e-03
1.241380369550453722e+00 2.902441505756746341e-03
1.242622370817087374e+00 2.901125075451975021e-03
1.243865614706197942e+00 2.900662578341250790e-03
1.245110102461026935e+00 2.900756917354912513e-03
1.246355835326061534e+00 2.899862033542846898e-03
1.247602814547033478e+00 2.899459876468362361e-03
1.248851041370924841e+00 2.898835646526849198e-03
1.250100517045962700e+00 2.898438272190799123e-03
1.251351242821620691e+00 2.898585919008211508e-03
1.252603219948625890e+00 2.897457088807313917e-03
1.253856449678957707e+00 2.897581282777682114e-03
1.255110933265842998e+00 2.897608481687091123e-03
1.256366671963763171e+00 2.897150118197959479e-03
1.257623667028460623e+00 2.896387684246456637e-03
1.258881919716930087e+00 2.894410414708870581e-03
1.260141431287421954e+00 2.893464541952452639e-03
1.261402202999453381e+00 2.892919518203679492e-03
1.262664236113794747e+00 2.891793517909365709e-03
1.263927531892475642e+00 2.891014573256087475e-03
1.265192091598793755e+00 2.890476919555916985e-03
1.266457916497307101e+00 2.890585975853530130e-03
1.267725007853840458e+00 2.890077686818780245e-03
1.268993366935489364e+00 2.889251727023590434e-03
1.270262995010613016e+00 2.889055291181781560e-03
1.271533893348834932e+00 2.889421248815445334e-03
1.272806063221056050e+00 2.889115933588863594e-03
1.274079505899448517e+00 2.889032683444964830e-03
1.275354222657453018e+00 2.889339298863894887e-03
1.276630214769785443e+00 2.890555502895590569e-03
1.277907483512440212e+00 2.890913535872890929e-03
1.279186030162684506e+00 2.891953282651237977e-03
1.280465855999067148e+00 2.892771592871969978e-03
1.281746962301411275e+00 2.893429206562620620e-03
1.283029350350822995e+00 2.895189803812226251e-03
1.284313021429691171e+00 2.896698714386105461e-03
1.285597976821686306e+00 2.897556239973903512e-03
1.286884217811765874e+00 2.898597777989991159e-03
1.288171745686169212e+00 2.901057654495062168e-03
1.289460561732425514e+00 2.902868354517277802e-03
1.290750667239352723e+00 2.904104592444936225e-03
1.292042063497055082e+00 2.905720597934209615e-03
1.293334751796928028e+00 2.906207067131064657e-03
1.294628733431660184e+00 2.907200567687836818e-03
1.295924009695232693e+00 2.906883053979584120e-03
1.297220581882923440e+00 2.907846092804422522e-03
1.298518451291303943e+00 2.908386866968469021e-03
1.299817619218243570e+00 2.909666090544655529e-03
1.301118086962911757e+00 2.910922785428867159e-03
1.302419855825775574e+00 2.911926662643985267e-03
1.303722927108603713e+00 2.911459473534694451e-03
1.305027302114467824e+00 2.911993416937545126e-03
1.306332982147742738e+00 2.913665309423638800e-03
1.307639968514106243e+00 2.915019975482200688e-03
1.308948262520545081e+00 2.915279220261560080e-03
1.310257865475357386e+00 2.914693366156443591e-03
1.311568778688145365e+00 2.917400973372129974e-03
1.312881003469822394e+00 2.920314679390141610e-03
1.314194541132613248e+00 2.920675125173950379e-03
1.315509392990052095e+00 2.919520658609066257e-03
1.316825560356992275e+00 2.922407236115570801e-03
1.318143044549605181e+00 2.922030267736857798e-03
1.319461846885372491e+00 2.920929315770435901e-03
1.320781968683094609e+00 2.924362683613989863e-03
1.322103411262894657e+00 2.922595628867375762e-03
1.323426175946215588e+00 2.922282885646497550e-03
1.324750264055823967e+00 2.921435457743693648e-03
1.326075676915806634e+00 2.921118912167215351e-03
1.327402415851577810e+00 2.927431067189548066e-03
1.328730482189877105e+00 2.934789644165903058e-03
1.330059877258766621e+00 2.937322757590333372e-03
1.331390602387644506e+00 2.948479790000271307e-03
1.332722658907238511e+00 2.943953602341147467e-03
1.334056048149601548e+00 2.938498469925799987e-03
1.335390771448121905e+00 2.936764145505412101e-03
1.336726830137523470e+00 2.936875305442210836e-03
1.338064225553867281e+00 2.935544024046963206e-03
1.339402959034549756e+00 2.937574998789007318e-03
1.340743031918303130e+00 2.939266473321926199e-03
1.342084445545197235e+00 2.940759845112612091e-03
1.343427201256649495e+00 2.940324945119799499e-03
1.344771300395417146e+00 2.941698032955257416e-03
1.346116744305594359e+00 2.943300027680564694e-03
1.347463534332628665e+00 2.943685959702867661e-03
1.348811671823311853e+00 2.944388154321651418e-03
1.350161158125778860e+00 2.945546117987932200e-03
1.351511994589517540e+00 2.946840774260503851e-03
1.352864182565362894e+00 2.947074544219135950e-03
1.354217723405502616e+00 2.945748671486028009e-03
1.355572618463477541e+00 2.946425461920429770e-03
1.356928869094182311e+00 2.949751697750148480e-03
1.358286476653869368e+00 2.956015040191575967e-03
1.359645442500145185e+00 2.957819199436162450e-03
1.361005767991978699e+00 2.955926202551096768e-03
1.362367454489693541e+00 2.954274522485909361e-03
1.363730503354976253e+00 2.948671754497154789e-03
1.365094915950876286e+00 2.944329169628535480e-03
1.366460693641805557e+00 2.946138838143298744e-03
1.367827837793544221e+00 2.946644143935853687e-03
1.369196349773232901e+00 2.947092306498267419e-03
1.370566230949384456e+00 2.951731265949005846e-03
1.371937482691882648e+00 2.954612607281173389e-03
1.373310106371978812e+00 2.956346201790184276e-03
1.374684103362296073e+00 2.955949922094803974e-03
1.376059475036832236e+00 2.956209360770994683e-03
1.377436222770957119e+00 2.957226856545795528e-03
1.378814347941416329e+00 2.958958718753022625e-03
1.380193851926337034e+00 2.959229070358396479e-03
1.381574736105227075e+00 2.959339843481856476e-03
1.382957001858968082e+00 2.958578950546404077e-03
1.384340650569826359e+00 2.959513607810067889e-03
1.385725683621453097e+00 2.959784874095975314e-03
1.387112102398877056e+00 2.958914920578065155e-03
1.388499908288514106e+00 2.956493025323606201e-03
1.389889102678176336e+00 2.956633244207458253e-03
1.391279686957059170e+00 2.956789070776244706e-03
1.392671662515744480e+00 2.958304144755849810e-03
1.394065030746209910e+00 2.959580395160188709e-03
1.395459793041823549e+00 2.960158748812212817e-03
1.396855950797346368e+00 2.961006123279300798e-03
1.398253505408935560e+00 2.962543516512148364e-03
1.399652458274146971e+00 2.959742190758139768e-03
1.401052810791931336e+00 2.959373755851492892e-03
1.402454564362640488e+00 2.956746786229009528e-03
1.403857720388033359e+00 2.956246317709820739e-03
1.405262280271267539e+00 2.955221639388234262e-03
1.406668245416895724e+00 2.955506505449177410e-03
1.408075617230885701e+00 2.954983956630508751e-03
1.409484397120611021e+00 2.953809193032381694e-03
1.410894586494849667e+00 2.951429625642625586e-03
1.412306186763792493e+00 2.950624474423402255e-03
1.413719199339038557e+00 2.950672811213754694e-03
1.415133625633601788e+00 2.950399956424962916e-03
1.416549467061908762e+00 2.950882516594707274e-03
1.417966725039802256e+00 2.951411301855868131e-03
1.419385400984539025e+00 2.950233445182746592e-03
1.420805496314794913e+00 2.950810680837205081e-03
1.422227012450665296e+00 2.950075470452686276e-03
1.423649950813663079e+00 2.949151157894183521e-03
1.425074312826731360e+00 2.947248209982565592e-03
1.426500099914232100e+00 2.946194797149077720e-03
1.427927313501950124e+00 2.946502031463562373e-03
1.429355955017101332e+00 2.944949417325382242e-03
1.430786025888328483e+00 2.946217596107387517e-03
1.432217527545700975e+00 2.944166970310133254e-03
1.433650461420720168e+00 2.941739641518577048e-03
1.435084828946318947e+00 2.940361427942613480e-03
1.436520631556862826e+00 2.940105906074070956e-03
1.437957870688159057e+00 2.940798084895003030e-03
1.439396547777445301e+00 2.942300996650046904e-03
1.440836664263399847e+00 2.942076197952052385e-03
1.442278221586138942e+00 2.940421756612527759e-03
1.443721221187219905e+00 2.937686993713988382e-03
1.445165664509644454e+00 2.936557747573081793e-03
1.446611552997854488e+00 2.937177595172126010e-03
1.448058888097737640e+00 2.935160445194362304e-03
1.449507671256628161e+00 2.934656684922845767e-03
1.450957903923310921e+00 2.934453063091243662e-03
1.452409587548018299e+00 2.934155826670442960e-03
1.453862723582431071e+00 2.933508427609851643e-03
1.455317313479687957e+00 2.932305643307809434e-03
1.456773358694377629e+00 2.930646897904144559e-03
1.458230860682547148e+00 2.929336727825818110e-03
1.459689820901702628e+00 2.928022576367784839e-03
1.461150240810803247e+00 2.928139752413845380e-03
1.462612121870266346e+00 2.926529435338044889e-03
1.464075465541970544e+00 2.927566289335515552e-03
1.465540273289261508e+00 2.927652337706638033e-03
1.467006546576947734e+00 2.925617444615622245e-03
1.468474286871301882e+00 2.924561187063048212e-03
1.469943495640066322e+00 2.922946369479215937e-03
1.471414174352450921e+00 2.924625865585702214e-03
1.472886324479134590e+00 2.926798060131871691e-03
1.474359947492264622e+00 2.925107412778692878e-03
1.475835044865461132e+00 2.922188627797806838e-03
1.477311618073823940e+00 2.919188346088292217e-03
1.478789668593927464e+00 2.918543722170735544e-03
1.480269197903824496e+00 2.917795339985845837e-03
1.481750207483043980e+00 2.916741015289130677e-03
1.483232698812595229e+00 2.917262713980440202e-03
1.484716673374970375e+00 2.916118918174543002e-03
1.486202132654143915e+00 2.914058615891168113e-03
1.487689078135571830e+00 2.913310157486295824e-03
1.489177511306200907e+00 2.913427562679505971e-03
1.490667433654462082e+00 2.913010638479415770e-03
1.492158846670277539e+00 2.915088342074695967e-03
1.493651751845064934e+00 2.913193002228607609e-03
1.495146150671732066e+00 2.911866918497760422e-03
1.496642044644675762e+00 2.910797756279609374e-03
1.498139435259789654e+00 2.909540530817814573e-03
1.499638324014464175e+00 2.910567468658296821e-03
1.501138712407587894e+00 2.912180820616545526e-03
1.502640601939549292e+00 2.911959628985401512e-03
1.504143994112236538e+00 2.910397039925296039e-03
1.505648890429041931e+00 2.910151706448530461e-03
1.507155292394863233e+00 2.908910409256811828e-03
1.508663201516102337e+00 2.907448785092805847e-03
1.510172619300667263e+00 2.905658471054195849e-03
1.511683547257977489e+00 2.905559842972022314e-03
1.513195986898960399e+00 2.905091380514972232e-03
1.514709939736056388e+00 2.903961612576337788e-03
1.516225407283221971e+00 2.903055009720881523e-03
1.517742391055919793e+00 2.902495401424637182e-03
1.519260892571135058e+00 2.902934353269115593e-03
1.520780913347369978e+00 2.901584444114990464e-03
1.522302454904641111e+00 2.901305084557092955e-03
1.523825518764496234e+00 2.902438029368518274e-03
1.525350106449998355e+00 2.903583790931885469e-03
1.526876219485730601e+00 2.903376292768311377e-03
1.528403859397809539e+00 2.902911096645864261e-03
1.529933027713875626e+00 2.903865155251389267e-03
1.531463725963096323e+00 2.904244082087377530e-03
1.532995955676171640e+00 2.905240648777991305e-03
1.534529718385328367e+00 2.904944805617138553e-03
1.536065015624331398e+00 2.903755086040500297e-03
1.537601848928477732e+00 2.902858818399528182e-03
1.539140219834601586e+00 2.903216967600302529e-03
1.540680129881076166e+00 2.903191122298986321e-03
1.542221580607809006e+00 2.900732215925968561e-03
1.543764573556249298e+00 2.898903427680267920e-03
1.545309110269391661e+00 2.899500207601528150e-03
1.546855192291775483e+00 2.900709476290730393e-03
1.548402821169480026e+00 2.898581140564613669e-03
1.549951998450135093e+00 2.897243790522242152e-03
1.551502725682915251e+00 2.903601868523049932e-03
1.553055004418552043e+00 2.907541095048465224e-03
1.554608836209321776e+00 2.907525331098884201e-03
1.556164222609055736e+00 2.907813132723250336e-03
1.557721165173142852e+00 2.905251641836428811e-03
1.559279665458526809e+00 2.907229260155335965e-03
1.560839725023707159e+00 2.909310820951343385e-03
1.562401345428738431e+00 2.908516540747266288e-03
1.563964528235243456e+00 2.908023033543462744e-03
1.565529275006407373e+00 2.906825410227946264e-03
1.567095587306978954e+00 2.910329998578489556e-03
1.568663466703268616e+00 2.912811552690913394e-03
1.570232914763154186e+00 2.914521485467499312e-03
1.571803933056086233e+00 2.914284553290457779e-03
1.573376523153083406e+00 2.912365825667838446e-03
1.574950686626736207e+00 2.910416714095930696e-03
1.576526425051205660e+00 2.910286684032074682e-03
1.578103740002232414e+00 2.910821962574390923e-03
1.579682633057129193e+00 2.910071759899383187e-03
1.581263105794789903e+00 2.909575438319819858e-03
1.582845159795690959e+00 2.906414924654147046e-03
1.584428796641883297e+00 2.903477551868098756e-03
1.586014017917000585e+00 2.902238928234174547e-03
1.587600825206265887e+00 2.900261344627341753e-03
1.589189220096486999e+00 2.899846847698495794e-03
1.590779204176061778e+00 2.900465318945945684e-03
1.592370779034972816e+00 2.900205849046016103e-03
1.593963946264796538e+00 2.900567048021265512e-03
1.595558707458699654e+00 2.902615724401427615e-03
1.597155064211443820e+00 2.906956353202628206e-03
1.598753018119386970e+00 2.910391876096303163e-03
1.600352570780481987e+00 2.913927936981872049e-03
1.601953723794279805e+00 2.915110951211864754e-03
1.603556478761936521e+00 2.917268039147605067e-03
1.605160837286207842e+00 2.917593102730219740e-03
1.606766800971446418e+00 2.921072924817854494e-03
1.608374371423619609e+00 2.923341019943745313e-03
1.609983550250299711e+00 2.925827723002750319e-03
1.611594339060662628e+00 2.928755821872500078e-03
1.613206739465496975e+00 2.929677849598903705e-03
1.614820753077206072e+00 2.933668090834475311e-03
1.616436381509801290e+00 2.932640057247295692e-03
1.618053626378912035e+00 2.936284284894781320e-03
1.619672489301787088e+00 2.939687582167459928e-03
1.621292971897287050e+00 2.941317540936471547e-03
1.622915075785891670e+00 2.942069450503796441e-03
1.624538802589707176e+00 2.940142081658822688e-03
1.626164153932458944e+00 2.945252268141971067e-03
1.627791131439499495e+00 2.948186645616115466e-03
1.629419736737808710e+00 2.944039084742685816e-03
1.631049971455992953e+00 2.946804811506063652e-03
1.632681837224285060e+00 2.948452761267314221e-03
1.634315335674550784e+00 2.944328490380760267e-03
1.635950468440285910e+00 2.945500993907263117e-03
1.637587237156621134e+00 2.943163181759599935e-03
1.639225643460328952e+00 2.942029359005371089e-03
1.640865688989819882e+00 2.944134077993681119e-03
1.642507375385137580e+00 2.943429960622277915e-03
1.644150704287967502e+00 2.944106669487788278e-03
1.645795677341638452e+00 2.947737104005595989e-03
1.647442296191123257e+00 2.950844209076409607e-03
1.649090562483041200e+00 2.953418279474643270e-03
1.650740477865659139e+00 2.948831057668230282e-03
1.652392043988892389e+00 2.941156245863953654e-03
1.654045262504306946e+00 2.942596382186110464e-03
1.655700135065121037e+00 2.952981166582057098e-03
1.657356663326206681e+00 2.951967315085711214e-03
1.659014848944093901e+00 2.946632051673830389e-03
1.660674693576969618e+00 2.941438896412983551e-03
1.662336198884679206e+00 2.940651257750013028e-03
1.663999366528727597e+00 2.943103908075285838e-03
1.665664198172280175e+00 2.958096602551359405e-03
1.667330695480168323e+00 2.965098224842950027e-03
1.668998860118890315e+00 2.966222420605299417e-03
1.670668693756610423e+00 2.957985585712325644e-03
1.672340198063163363e+00 2.957141340227958156e-03
1.674013374710054736e+00 2.954808389900935063e-03
1.675688225370461693e+00 2.950534258484970723e-03
1.677364751719235381e+00 2.951047069542819465e-03
1.679042955432901163e+00 2.949249881223168362e-03
1.680722838189662172e+00 2.951727311799309372e-03
1.682404401669400640e+00 2.948936059070982572e-03
1.684087647553678346e+00 2.950858511939697011e-03
1.685772577525743277e+00 2.950659853806499467e-03
1.687459193270526736e+00 2.951300221185572913e-03
1.689147496474642685e+00 2.951990636475224344e-03
1.690837488826394841e+00 2.954275123974968442e-03
1.692529172015778904e+00 2.956997085840371541e-03
1.694222547734476558e+00 2.959952644433356574e-03
1.695917617675862132e+00 2.959867496673408704e-03
1.697614383535007043e+00 2.962492387461679658e-03
1.699312847008676020e+00 2.964613597817911117e-03
1.701013009795334652e+00 2.966096803235037174e-03
1.702714873595143619e+00 2.965955695076126150e-03
1.704418440109970900e+00 2.963000988059774979e-03
1.706123711043382896e+00 2.961311029755151359e-03
1.707830688100642424e+00 2.959973828634945674e-03
1.709539372988733374e+00 2.959222242314678807e-03
1.711249767416338718e+00 2.964856897032090190e-03
1.712961873093852061e+00 2.965985328124769518e-03
1.714675691733381635e+00 2.963069667608204862e-03
1.716391225048744973e+00 2.954304555311300026e-03
1.718108474755477122e+00 2.952208545282811094e-03
1.719827442570826870e+00 2.950602262809909337e-03
1.721548130213762073e+00 2.952104015347054022e-03
1.723270539404973212e+00 2.954604676488409992e-03
1.724994671866867391e+00 2.955879631307987455e-03
1.726720529323575670e+00 2.960435491409971285e-03
1.728448113500954619e+00 2.964228935885318203e-03
1.730177426126591422e+00 2.963124914427045509e-03
1.731908468929799882e+00 2.961925495352383912e-03
1.733641243641623975e+00 2.962010545563061471e-03
1.735375751994837401e+00 2.960437871755727725e-03
1.737111995723943592e+00 2.958635027282734489e-03
1.738849976565191469e+00 2.958106361247211241e-03
1.740589696256562569e+00 2.956201056207846418e-03
1.742331156537773262e+00 2.954225537612940704e-03
1.744074359150284748e+00 2.953110586716234734e-03
1.745819305837302604e+00 2.951486933670989608e-03
1.747565998343771909e+00 2.952507748463711196e-03
1.749314438416384787e+00 2.952526699763351019e-03
1.751064627803578855e+00 2.951206617287506322e-03
1.752816568255545659e+00 2.951655249091259849e-03
1.754570261524226682e+00 2.953686035168773781e-03
1.756325709363313337e+00 2.952698966712595952e-03
1.758082913528259406e+00 2.953698782754844709e-03
1.759841875776264164e+00 2.953761106191646682e-03
1.761602597866290143e+00 2.952890419335483553e-03
1.763365081559061576e+00 2.954035603433863462e-03
1.765129328617062621e+00 2.954081158407393434e-03
1.766895340804538028e+00 2.952998903145283467e-03
1.768663119887500246e+00 2.953011029653393200e-03
1.770432667633730528e+00 2.956494732480286110e-03
1.772203985812774718e+00 2.959026544579264947e-03
1.773977076195953018e+00 2.960079442061148546e-03
1.775751940556356212e+00 2.954125788737842553e-03
1.777528580668849223e+00 2.948361289500271449e-03
1.779306998310069110e+00 2.943180446971621709e-03
1.781087195258436395e+00 2.943564757144529441e-03
1.782869173294147958e+00 2.946969561170270646e-03
1.784652934199179475e+00 2.951811127356445200e-03
1.786438479757295417e+00 2.953543312276201305e-03
1.788225811754038830e+00 2.955751638763761888e-03
1.790014931976740220e+00 2.960266912594312211e-03
1.791805842214524880e+00 2.960937747735148395e-03
1.793598544258301342e+00 2.958879204749043437e-03
1.795393039900771148e+00 2.955228848935133844e-03
1.797189330936433072e+00 2.951921072308025598e-03
1.798987419161574230e+00 2.948490305373526604e-03
1.800787306374282082e+00 2.947707604051227372e-03
1.802588994374447084e+00 2.946921079025758075e-03
1.804392484963757148e+00 2.946914206833700471e-03
1.806197779945701409e+00 2.945027811122366557e-03
1.808004881125578445e+00 2.942871842770250837e-03
1.809813790310486503e+00 2.941574205429739811e-03
1.811624509309332831e+00 2.943378152599658570e-03
1.813437039932837891e+00 2.943412810361858631e-03
1.815251383993535805e+00 2.943407362758167136e-03
1.817067543305768362e+00 2.942165052819656693e-03
1.818885519685696339e+00 2.944633111530671303e-03
1.820705314951296394e+00 2.942931637848938790e-03
1.822526930922362842e+00 2.941495605813722672e-03
1.824350369420509876e+00 2.941787216944630190e-03
1.826175632269178672e+00 2.941721485797217130e-03
1.828002721293634281e+00 2.941991143034121577e-03
1.829831638320961185e+00 2.939807648756286116e-03
1.831662385180077957e+00 2.940950906213975289e-03
1.833494963701736369e+00 2.943236433444375126e-03
1.835329375718512734e+00 2.944337711817896289e-03
1.837165623064816344e+00 2.943451835317699265e-03
1.839003707576895463e+00 2.944145295250646423e-03
1.840843631092833554e+00 2.940159289753958155e-03
1.842685395452556607e+00 2.939608989393432438e-03
1.844529002497830250e+00 2.936691390555601269e-03
1.846374454072257976e+00 2.938006631766448135e-03
1.848221752021293796e+00 2.939047675540771946e-03
1.850070898192236912e+00 2.939939310256305810e-03
1.851921894434231275e+00 2.936179860959196863e-03
1.853774742598273795e+00 2.935767324307671580e-03
1.855629444537212569e+00 2.934910723540273044e-03
1.857486002105753542e+00 2.934471037895292934e-03
1.859344417160451179e+00 2.933824438799205545e-03
1.861204691559718905e+00 2.931134709468670180e-03
1.863066827163835537e+00 2.930209520786884562e-03
1.864930825834933525e+00 2.931032745329294024e-03
1.866796689437008716e+00 2.929703610534285969e-03
1.868664419835927903e+00 2.927674320886735487e-03
1.870534018899425055e+00 2.927138195215622449e-03
1.872405488497095316e+00 2.927269460848357010e-03
1.874278830500408777e+00 2.926066425272801953e-03
1.876154046782708917e+00 2.925943716863679822e-03
1.878031139219214163e+00 2.924988714079290383e-03
1.879910109687015440e+00 2.923804734948074087e-03
1.881790960065083063e+00 2.925521060980049073e-03
1.883673692234267838e+00 2.924214215968462365e-03
1.885558308077303735e+00 2.923045085867864452e-03
1.887444809478806107e+00 2.921817914049875883e-03
1.889333198325271468e+00 2.921817942208883561e-03
1.891223476505090817e+00 2.922172084542244523e-03
1.893115645908544309e+00 2.919487012944197053e-03
1.895009708427802808e+00 2.919041410055885771e-03
1.896905665956926557e+00 2.920119205522192680e-03
1.898803520391874500e+00 2.919361335831366713e-03
1.900703273630501844e+00 2.919024942347001311e-03
1.902604927572561166e+00 2.918889093829473737e-03
1.904508484119706857e+00 2.919702622020802635e-03
1.906413945175493785e+00 2.918952993989166848e-03
1.908321312645386625e+00 2.917559149484997422e-03
1.910230588436751864e+00 2.918579327369519652e-03
1.912141774458864463e+00 2.920524677434996417e-03
1.914054872622910297e+00 2.917148327424760965e-03
1.915969884841984605e+00 2.916635986072726398e-03
1.917886813031101978e+00 2.916792099000877023e-03
1.919805659107191032e+00 2.920121302168554416e-03
1.921726424989099069e+00 2.921620244031310556e-03
1.923649112597595190e+00 2.920408556493143439e-03
1.925573723855365182e+00 2.917582959057737034e-03
1.927500260687016409e+00 2.915427148768071162e-03
1.929428725019089796e+00 2.914980737905443087e-03
1.931359118780051842e+00 2.917110183051583108e-03
1.933291443900291728e+00 2.917615466168970318e-03
1.935225702312133089e+00 2.916225299745941330e-03
1.937161895949837120e+00 2.917418589836245132e-03
1.939100026749601025e+00 2.919858357647791593e-03
1.941040096649554014e+00 2.920368954771933832e-03
1.942982107589765972e+00 2.922710500217101919e-03
1.944926061512247673e+00 2.924483453887437474e-03
1.946871960360953446e+00 2.927009390418250628e-03
1.948819806081781847e+00 2.928563187691744871e-03
1.950769600622574540e+00 2.927941729229996577e-03
1.952721345933129404e+00 2.929846831479959376e-03
1.954675043965192760e+00 2.929463220574885819e-03
1.956630696672465364e+00 2.929173485517775483e-03
1.958588306010599522e+00 2.927547821678843851e-03
1.960547873937202201e+00 2.924223685561272781e-03
1.962509402411841242e+00 2.925193804979826263e-03
1.964472893396044695e+00 2.925367765844491021e-03
1.966438348853305484e+00 2.924792201967002427e-03
1.968405770749081407e+00 2.923265315272700719e-03
1.970375161050789359e+00 2.922297185089748998e-03
1.972346521727821544e+00 2.919474265430931602e-03
1.974319854751539927e+00 2.916650746348133268e-03
1.976295162095277336e+00 2.915129106692056476e-03
1.978272445734343465e+00 2.913572137773179273e-03
1.980251707646021986e+00 2.912440677837249518e-03
1.982232949809572320e+00 2.911483294004427007e-03
1.984216174206235195e+00 2.911020244001622133e-03
1.986201382819236860e+00 2.909840127588646588e-03
1.988188577633788201e+00 2.909830985787289874e-03
1.990177760637084958e+00 2.910508037070357219e-03
1.992168933818306620e+00 2.909852542295934819e-03
1.994162099168625746e+00 2.913238742695110559e-03
1.996157258681210633e+00 2.918793680253551660e-03
1.998154414351219765e+00 2.925764610975213099e-03
2.000153568175812691e+00 2.929786681300376554e-03
2.002154722154140476e+00 2.931863540724714400e-03
2.004157878287355921e+00 2.932929572831559882e-03
2.006163038578616220e+00 2.932331360956036154e-03
2.008170205033081412e+00 2.930982725841559111e-03
2.010179379657917487e+00 2.931365817188688258e-03
2.012190564462303932e+00 2.933067933804815296e-03
2.014203761457421749e+00 2.934170782612787777e-03
2.016218972656465880e+00 2.932834081522258177e-03
2.018236200074653208e+00 2.932817759362946544e-03
2.020255445729208343e+00 2.931378532484985467e-03
2.022276711639375613e+00 2.930160952508115580e-03
2.024299999826424390e+00 2.927620478550439428e-03
2.026325312313641991e+00 2.926425703810483711e-03
2.028352651126337669e+00 2.924618665754541262e-03
2.030382018291853274e+00 2.923530441518708885e-03
2.032413415839559701e+00 2.920966808460457968e-03
2.034446845800850667e+00 2.919416540990575886e-03
2.036482310209152935e+00 2.917341652275831382e-03
2.038519811099934298e+00 2.915753569997604332e-03
2.040559350510698700e+00 2.914804703228775998e-03
2.042600930480983124e+00 2.914665920933049749e-03
2.044644553052371361e+00 2.915393729871414673e-03
2.046690220268486460e+00 2.916301342391967692e-03
2.048737934174990283e+00 2.917835305213945830e-03
2.050787696819598604e+00 2.919522239685854413e-03
2.052839510252076671e+00 2.921112792759809201e-03
2.054893376524232984e+00 2.920568829669210192e-03
2.056949297689938838e+00 2.919771436096197173e-03
2.059007275805113224e+00 2.918373009543212288e-03
2.061067312927732598e+00 2.916537139495307095e-03
2.063129411117835765e+00 2.919607269086871119e-03
2.065193572437520775e+00 2.921890837653476868e-03
2.067259798950950689e+00 2.922378545213312646e-03
2.069328092724351809e+00 2.923024684381000417e-03
2.071398455826018559e+00 2.922760771203950902e-03
2.073470890326312155e+00 2.922951263402223665e-03
2.075545398297670818e+00 2.921334566193104811e-03
2.077621981814598229e+00 2.921439124989349666e-03
2.079700642953679068e+00 2.919948119037982064e-03
2.081781383793575468e+00 2.920098953657926377e-03
2.083864206415028342e+00 2.920961179693861050e-03
2.085949112900863156e+00 2.920668370128748793e-03
2.088036105335985937e+00 2.920245023783268456e-03
2.090125185807389485e+00 2.920800866679400427e-03
2.092216356404151156e+00 2.920759019729880258e-03
2.094309619217441298e+00 2.920357671763561171e-03
2.096404976340524140e+00 2.920355432758012064e-03
2.098502429868758679e+00 2.920047799804924814e-03
2.100601981899600457e+00 2.919471497912234318e-03
2.102703634532599342e+00 2.919305936406376561e-03
2.104807389869406631e+00 2.920249791144700728e-03
2.106913250013779493e+00 2.920749513769614353e-03
2.109021217071576970e+00 2.920625445994971467e-03
2.111131293150767529e+00 2.921926766085814614e-03
2.113243480361425952e+00 2.922387842592659088e-03
2.115357780815740441e+00 2.921492450328399063e-03
2.117474196628013505e+00 2.923430601214277013e-03
2.119592729914662410e+00 2.924109537532653628e-03
2.121713382794218727e+00 2.922767709997998922e-03
2.123836157387335444e+00 2.925737382605700029e-03
2.125961055816782963e+00 2.925334942939489865e-03
2.128088080207463761e+00 2.929309777269115123e-03
2.130217232686400397e+00 2.927536731466772249e-03
2.132348515382747944e+00 2.928265026843318575e-03
2.134481930427789997e+00 2.927436697168461690e-03
2.136617479954937782e+00 2.929803506827667863e-03
2.138755166099743921e+00 2.928726727311004377e-03
2.140894990999892666e+00 2.929171062214285751e-03
2.143036956795210557e+00 2.934804100667011244e-03
2.145181065627663308e+00 2.932612698311229393e-03
2.147327319641362031e+00 2.932538908856286396e-03
2.149475720982560567e+00 2.934826894676741734e-03
2.151626271799656820e+00 2.936464062517782792e-03
2.153778974243205191e+00 2.934099670174403728e-03
2.155933830465906809e+00 2.938470871001014686e-03
2.158090842622617522e+00 2.939434518358029561e-03
2.160250012870349678e+00 2.942946483890322880e-03
2.162411343368275229e+00 2.942770397028233141e-03
2.164574836277725733e+00 2.942059695240212963e-03
2.166740493762190578e+00 2.946653454566057137e-03
2.168908317987328083e+00 2.944717354802270370e-03
2.171078311120967275e+00 2.944004678646819362e-03
2.173250475333098564e+00 2.943722976180902784e-03
2.175424812795882623e+00 2.940963223177362439e-03
2.177601325683664601e+00 2.941569438214174798e-03
2.179780016172958135e+00 2.939513523330327359e-03
2.181960886442447567e+00 2.937625903961969213e-03
2.184143938673002605e+00 2.941912195935011357e-03
2.186329175047673878e+00 2.941605213830343103e-03
2.188516597751704484e+00 2.942094140217133176e-03
2.190706208972517111e+00 2.944708487172961135e-03
2.192898010899720695e+00 2.951166806892644573e-03
2.195092005725113538e+00 2.956842509583714525e-03
2.197288195642695285e+00 2.967451461577065921e-03
2.199486582848655836e+00 2.978568997116384266e-03
2.201687169541381994e+00 2.981452314450632086e-03
2.203889957921462806e+00 2.976213300563142206e-03
2.206094950191685111e+00 2.973018879249660941e-03
2.208302148557042432e+00 2.964246531700944366e-03
2.210511555224734526e+00 2.959269676834372018e-03
2.212723172404166938e+00 2.958290762476920716e-03
2.214937002306953673e+00 2.953676405662453847e-03
2.217153047146927847e+00 2.956408544528900048e-03
2.219371309140135029e+00 2.953794110030797879e-03
2.221591790504835906e+00 2.958280653108472449e-03
2.223814493461512498e+00 2.957907087541326689e-03
2.226039420232865051e+00 2.960934662608110876e-03
2.228266573043822252e+00 2.962602010796102671e-03
2.230495954121538116e+00 2.962034025477422797e-03
2.232727565695393768e+00 2.964892797221775796e-03
2.234961409997000992e+00 2.966122245889203819e-03
2.237197489260204897e+00 2.970350185164108946e-03
2.239435805721083028e+00 2.969877212987919075e-03
2.241676361617952473e+00 2.972809731017365432e-03
2.243919159191369861e+00 2.973349008048911495e-03
2.246164200684134915e+00 2.979390726956858589e-03
2.248411488341286901e+00 2.976391244493636380e-03
2.250661024410114397e+00 2.977502906389630812e-03
2.252912811140153959e+00 2.977931889254671269e-03
2.255166850783189680e+00 2.978686108871206675e-03
2.257423145593265623e+00 2.977327347575007069e-03
2.259681697826675162e+00 2.975158038745233900e-03
2.261942509741970753e+00 2.977273700939867679e-03
2.264205583599968374e+00 2.977089305306350551e-03
2.266470921663737315e+00 2.974541960377306577e-03
2.268738526198614380e+00 2.976703619877033198e-03
2.271008399472205674e+00 2.973308213586346553e-03
2.273280543754384819e+00 2.974854884266722212e-03
2.275554961317296954e+00 2.974957328283732091e-03
2.277831654435360065e+00 2.974803813087870293e-03
2.280110625385271206e+00 2.973517070941025797e-03
2.282391876445996282e+00 2.976511370485971156e-03
2.284675409898784704e+00 2.978792430741930477e-03
2.286961228027174720e+00 2.978372496734174590e-03
2.289249333116983198e+00 2.983295291025120193e-03
2.291539727456316289e+00 2.985415811553077288e-03
2.293832413335568976e+00 2.984551278783709877e-03
2.296127393047421972e+00 2.985701837228963568e-03
2.298424668886857702e+00 2.982248042149891060e-03
2.300724243151156312e+00 2.979814846351218609e-03
2.303026118139892109e+00 2.979788424430743730e-03
2.305330296154935787e+00 2.975247327905803513e-03
2.307636779500468638e+00 2.969226762949607294e-03
2.309945570482975441e+00 2.963573809742193164e-03
2.312256671411244913e+00 2.959870669259416845e-03
2.314570084596378141e+00 2.965331153853961559e-03
2.316885812351787255e+00 2.990478606657128585e-03
2.319203856993203861e+00 2.993419919446449300e-03
2.321524220838667496e+00 2.985377251691485358e-03
2.323846906208542507e+00 2.980043723940551531e-03
2.326171915425521153e+00 2.980276156890627678e-03
2.328499250814608956e+00 2.980165706670293360e-03
2.330828914703140686e+00 2.978733268223373101e-03
2.333160909420783025e+00 2.979188142429420490e-03
2.335495237299529681e+00 2.981879533111982290e-03
2.337831900673706720e+00 2.980893023170878061e-03
2.340170901879977006e+00 2.981862468206304077e-03
2.342512243257343751e+00 2.980586145476030874e-03
2.344855927147150965e+00 2.984173119020522291e-03
2.347201955893081671e+00 2.982948238010684101e-03
2.349550331841163242e+00 2.981621808819678171e-03
2.351901057339769618e+00 2.980408362324336261e-03
2.354254134739628412e+00 2.978245319214064928e-03
2.356609566393821797e+00 2.978113484767032620e-03
2.358967354657777626e+00 2.978914281706509289e-03
2.361327501889283642e+00 2.973005441244459725e-03
2.363690010448485701e+00 2.972258300358329546e-03
2.366054882697895767e+00 2.973078122838074874e-03
2.368422121002386582e+00 2.977008139366009790e-03
2.370791727729192999e+00 2.990433686435672866e-03
2.373163705247925304e+00 2.985426967359720331e-03
2.375538055930560777e+00 2.981059378029993039e-03
2.377914782151449469e+00 2.979151466986047683e-03
2.380293886287319527e+00 2.979591239772311564e-03
2.382675370717276309e+00 2.975991449330420840e-03
2.385059237822801048e+00 2.975039142630352476e-03
2.387445489987759739e+00 2.973218106827467573e-03
2.389834129598410239e+00 2.970537165130325303e-03
2.392225159043389393e+00 2.968874075239881852e-03
2.394618580713724132e+00 2.970128331747831293e-03
2.397014397002838582e+00 2.968545875888198727e-03
2.399412610306550508e+00 2.968456613323343027e-03
2.401813223023073984e+00 2.966389412693750099e-03
2.404216237553020274e+00 2.964619288787361581e-03
2.406621656299405387e+00 2.962227469075119461e-03
2.409029481667643413e+00 2.962731024583207563e-03
2.411439716065562955e+00 2.960748461872156866e-03
2.413852361903402688e+00 2.961198698417059384e-03
2.416267421593802922e+00 2.963307208062815334e-03
2.418684897551825586e+00 2.966152810830124074e-03
2.421104792194948896e+00 2.966155156511462911e-03
2.423527107943065584e+00 2.975045135904803850e-03
2.425951847218492219e+00 2.970638762161275769e-03
2.428379012445967433e+00 2.968028895007739521e-03
2.430808606052657250e+00 2.962814346954702194e-03
2.433240630468156418e+00 2.964510769565179872e-03
2.435675088124486631e+00 2.967301868901671413e-03
2.438111981456106747e+00 2.964228206000794289e-03
2.440551312899912340e+00 2.959797856254237775e-03
2.442993084895234812e+00 2.957135930987513268e-03
2.445437299883853832e+00 2.956097667981443574e-03
2.447883960309978679e+00 2.959070418274488239e-03
2.450333068620265564e+00 2.953587273029465061e-03
2.452784627263817629e+00 2.955332342375071621e-03
2.455238638692204489e+00 2.955917121621420146e-03
2.457695105359435583e+00 2.955981541918292679e-03
2.460154029721969948e+00 2.952125737432830833e-03
2.462615414238743750e+00 2.952443859788867180e-03
2.465079261371134756e+00 2.950704450267871339e-03
2.467545573582992535e+00 2.950941570663517637e-03
2.470014353340631796e+00 2.951868677775381245e-03
2.472485603112830166e+00 2.949303778933750307e-03
2.474959325370837071e+00 2.946172967838237445e-03
2.477435522588375516e+00 2.946817350548600577e-03
2.479914197241639418e+00 2.946721413979463359e-03
2.482395351809302930e+00 2.944310175976396545e-03
2.484878988772528885e+00 2.945348206931211292e-03
2.487365110614955910e+00 2.945245751992845145e-03
2.489853719822701983e+00 2.944926450318890304e-03
2.492344818884375535e+00 2.942770414790608479e-03
2.494838410291070119e+00 2.940460956834207128e-03
2.497334496536383064e+00 2.939875034293378247e-03
2.499833080116400819e+00 2.941402859004372053e-03
2.502334163529706945e+00 2.939636247238746215e-03
2.504837749277384784e+00 2.939351840527252603e-03
2.507343839863014345e+00 2.937574094301036685e-03
2.509852437792693625e+00 2.937970923093230144e-03
2.512363545575026169e+00 2.939037934463760958e-03
2.514877165721113972e+00 2.937058181972479823e-03
2.517393300744581008e+00 2.936520413802846778e-03
2.519911953161556806e+00 2.937386415368466348e-03
2.522433125490685768e+00 2.936085002975982912e-03
2.524956820253147161e+00 2.934732182514779558e-03
2.527483039972646228e+00 2.935433042802665371e-03
2.530011787175398652e+00 2.933633500078836574e-03
2.532543064390146537e+00 2.932980336618141309e-03
2.535076874148167292e+00 2.933371087474528210e-03
2.537613218983271413e+00 2.933524947279199380e-03
2.540152101431809584e+00 2.931339325971340452e-03
2.542693524032659802e+00 2.932710686413574682e-03
2.545237489327245139e+00 2.936192610288186101e-03
2.547783999859532411e+00 2.941200775073982143e-03
2.550333058176029954e+00 2.941022884262149781e-03
2.552884666825803173e+00 2.939259024403396460e-03
2.555438828360458547e+00 2.940213992084230420e-03
2.557995545334152077e+00 2.948186795111931366e-03
2.560554820303596824e+00 2.945655670430807373e-03
2.563116655828076684e+00 2.941777519115849285e-03
2.565681054469429956e+00 2.942950020009449559e-03
2.568248018792045784e+00 2.940916365752005088e-03
2.570817551362897468e+00 2.944193097795342901e-03
2.573389654751518485e+00 2.942699470447170812e-03
2.575964331530008256e+00 2.942701187688346459e-03
2.578541584273044585e+00 2.941971674362425966e-03
2.581121415557876553e+00 2.941245926805395334e-03
2.583703827964337840e+00 2.941728973892634297e-03
2.586288824074843617e+00 2.948762977429922327e-03
2.588876406474390546e+00 2.952025503528180571e-03
2.591466577750558553e+00 2.949585687997080975e-03
2.594059340493518384e+00 2.946702382453877424e-03
2.596654697296031600e+00 2.943466214263978139e-03
2.599252650753462568e+00 2.941977601470593950e-03
2.601853203463758923e+00 2.942966585313260518e-03
2.604456358027470220e+00 2.941346424401079448e-03
2.607062117047760808e+00 2.941897310599530212e-03
2.609670483130389851e+00 2.942537915262460717e-03
2.612281458883716656e+00 2.943257517498629357e-03
2.614895046918714883e+00 2.942598777725778571e-03
2.617511249848980981e+00 2.938262280697023429e-03
2.620130070290716873e+00 2.936341217641691426e-03
2.622751510862746382e+00 2.938158807319544291e-03
2.625375574186502803e+00 2.935342432059483316e-03
2.628002262886047546e+00 2.935136658377436852e-03
2.630631579588075031e+00 2.935171355306117301e-03
2.633263526921897135e+00 2.933801939588013934e-03
2.635898107519465849e+00 2.929485574124137022e-03
2.638535324015363503e+00 2.929774635040826788e-03
2.641175179046807653e+00 2.929900262533967695e-03
2.643817675253651078e+00 2.927104264244401351e-03
2.646462815278393332e+00 2.926172734302277291e-03
2.649110601766170969e+00 2.923616060833038235e-03
2.651761037364768647e+00 2.926476024793102371e-03
2.654414124724629342e+00 2.931397503198352426e-03
2.657069866498836586e+00 2.934626116722244792e-03
2.659728265343126452e+00 2.937930956886371410e-03
2.662389323915903550e+00 2.946994772645319775e-03
2.665053044878226807e+00 2.953360261614117015e-03
2.667719430893810806e+00 2.956560507474846871e-03
2.670388484629045323e+00 2.960967812074073030e-03
2.673060208752994438e+00 2.963165488716178013e-03
2.675734605937373445e+00 2.963707476325861019e-03
2.678411678856579048e+00 2.963183334381865389e-03
2.681091430187691138e+00 2.963351592378818660e-03
2.683773862610453698e+00 2.965809326236906220e-03
2.686458978807302778e+00 2.965439146907644739e-03
2.689146781463357616e+00 2.961881512673276203e-03
2.691837273266414865e+00 2.959243769728088849e-03
2.694530456906965021e+00 2.959113101941806753e-03
2.697226335078197312e+00 2.959404770124136018e-03
2.699924910475991258e+00 2.960391690545989031e-03
2.702626185798916225e+00 2.961177142982202200e-03
2.705330163748253192e+00 2.959937696174746481e-03
2.708036847027985861e+00 2.958948226920916393e-03
2.710746238344789560e+00 2.957691670831739256e-03
2.713458340408054781e+00 2.954811099031278299e-03
2.716173155929883176e+00 2.952988543963102133e-03
2.718890687625096891e+00 2.951439675241543381e-03
2.721610938211223907e+00 2.947382018732681332e-03
2.724333910408513137e+00 2.942384639324822394e-03
2.727059606939940650e+00 2.941406223148822913e-03
2.729788030531202114e+00 2.938156889140639515e-03
2.732519183910722571e+00 2.935973007168008082e-03
2.735253069809658211e+00 2.937212930202144721e-03
2.737989690961888822e+00 2.937212533294458749e-03
2.740729050104034226e+00 2.939210220722038563e-03
2.743471149975461376e+00 2.941752045946356697e-03
2.746215993318269266e+00 2.943738864252202353e-03
2.748963582877296030e+00 2.945403418877549917e-03
2.751713921400137153e+00 2.946869129653839712e-03
2.754467011637128149e+00 2.947633208052219400e-03
2.757222856341353445e+00 2.947924171904221530e-03
2.759981458268668142e+00 2.947227173467376060e-03
2.762742820177677583e+00 2.947886128190448964e-03
2.765506944829736025e+00 2.945251107498898964e-03
2.768273834988963955e+00 2.944185067318703334e-03
2.771043493422256532e+00 2.947300741030414901e-03
2.773815922899276032e+00 2.951465550892331223e-03
2.776591126192445191e+00 2.953101752056360406e-03
2.779369106076971185e+00 2.953555442348652568e-03
2.782149865330835858e+00 2.952860249948494921e-03
2.784933406734796613e+00 2.951590955117518525e-03
2.787719733072396178e+00 2.952255508070063435e-03
2.790508847129963499e+00 2.952423416907293437e-03
2.793300751696610629e+00 2.954439553766218755e-03
2.796095449564240720e+00 2.954464423396940733e-03
2.798892943527549360e+00 2.952122214070087777e-03
2.801693236384038332e+00 2.950081857837931129e-03
2.804496330933999637e+00 2.951530923787816160e-03
2.807302229980519481e+00 2.950845160613350428e-03
2.810110936329506703e+00 2.948817146106045943e-03
2.812922452789668348e+00 2.948178028520219256e-03
2.815736782172511887e+00 2.948617239014182309e-03
2.818553927292374528e+00 2.947661596278498223e-03
2.821373890966397902e+00 2.946248918144113958e-03
2.824196676014550711e+00 2.944928766515490272e-03
2.827022285259616297e+00 2.941166000110603633e-03
2.829850721527202406e+00 2.940497747917037580e-03
2.832681987645746524e+00 2.940059374657388088e-03
2.835516086446511874e+00 2.939648756329391044e-03
2.838353020763594525e+00 2.936748981466592769e-03
2.841192793433933605e+00 2.934008095382051318e-03
2.844035407297307749e+00 2.931497136878066095e-03
2.846880865196327104e+00 2.929687819033311054e-03
2.849729169976447540e+00 2.927741456920754902e-03
2.852580324485975538e+00 2.926159423283374288e-03
2.855434331576065077e+00 2.923650074202741034e-03
2.858291194100722521e+00 2.920740001123882899e-03
2.861150914916811061e+00 2.919254401693469753e-03
2.864013496884051602e+00 2.916554272225461812e-03
2.866878942865026314e+00 2.914364301512195870e-03
2.869747255725183521e+00 2.912488834418133082e-03
2.872618438332836366e+00 2.911022643938963872e-03
2.875492493559169027e+00 2.909191447258482194e-03
2.878369424278236277e+00 2.908171918588571721e-03
2.881249233366968809e+00 2.908100283747095532e-03
2.884131923705171907e+00 2.904649192486822955e-03
2.887017498175541874e+00 2.903211016756601474e-03
2.889905959663658042e+00 2.902240434401357275e-03
2.892797311057972998e+00 2.901623706194274375e-03
2.895691555249836124e+00 2.902782601744577362e-03
2.898588695133490045e+00 2.901242072410268810e-03
2.901488733606079062e+00 2.900072597156101110e-03
2.904391673567642052e+00 2.899959694707549430e-03
2.907297517921122676e+00 2.899261391075883681e-03
2.910206269572368054e+00 2.899699693595165183e-03
2.913117931430124763e+00 2.901336426580285004e-03
2.916032506406053049e+00 2.899963517254024528e-03
2.918949997414726827e+00 2.898595358311635041e-03
2.921870407373641676e+00 2.898570238621156307e-03
2.924793739203208620e+00 2.897970860304325321e-03
2.927719995826757238e+00 2.900112161776435393e-03
2.930649180170546320e+00 2.900621173427197011e-03
2.933581295163762093e+00 2.899967844042342785e-03
2.936516343738513779e+00 2.899031280173298454e-03
2.939454328829848251e+00 2.899665736054849938e-03
2.942395253375765130e+00 2.898823361727496939e-03
2.945339120317177706e+00 2.901818327838829453e-03
2.948285932597951575e+00 2.901034326525233319e-03
2.951235693164907747e+00 2.902711250805366586e-03
2.954188404967802217e+00 2.903837464162893275e-03
2.957144070959347282e+00 2.905044086343348993e-03
2.960102694095215980e+00 2.905464714356370895e-03
2.963064277334023888e+00 2.907196476037862687e-03
2.966028823637354872e+00 2.907725020315553820e-03
